TITLE "<<180310_WJZ_CKF_C16_PM_9780_RM7788_ThermoSIN_MSMS1kVPos_Sen_MetaON_AlkTrx_XCal_New_Reflectron_TIS_100Da_10K_6700hv>> 4700 MS/MS Precursor 9780 Spec #1=>AdvBC(32,0.5,0.0)=>NR(2.00)=>SM31=>CT[BP = 6504.3, 1353]" CENTROID
TYPE MASSSPEC
10.001193	3.31574e-007
10.034823	3.17173
10.082271	2.8582e-008
10.099511	1.14328e-008
10.138973	8.00295e-008
10.178512	1.14328e-008
10.270241	2.00074e-007
10.362381	1.14328e-008
10.382358	3.42984e-008
10.402353	1.14328e-008
10.417362	2.28656e-008
10.432383	1.14328e-008
10.442402	1.14328e-008
10.452426	1.14328e-008
10.462456	1.14328e-008
10.472489	1.14328e-008
10.482529	1.14328e-008
10.512673	5.71639e-008
10.547897	2.28656e-008
10.568052	2.28656e-008
10.615996	8.57459e-008
10.699526	1.02895e-007
10.844577	2.22939e-007
10.964914	4.57311e-008
11.008605	5.14475e-008
11.124175	0.0553856
11.278643	0.173691
11.354697	0.145596
11.415170	0.0302231
11.474812	0.087658
11.603559	0.780002
11.756835	0.530327
11.857661	0.342194
12.022151	0.286526
12.075221	0.2979
12.168213	1.3259
12.278944	0.210486
12.457887	1.19169
12.698514	0.0567264
12.872830	0.00558023
12.998872	0.000113226
13.047117	1.97763e-006
13.119668	2.51005e-006
13.197295	4.88581e-008
13.264467	6.24921e-008
13.315310	4.00318e-008
13.354962	4.00149e-008
13.388990	2.8582e-008
13.411699	1.71492e-008
13.434427	2.8582e-008
13.454329	1.14328e-008
13.511276	1.02895e-007
13.588346	5.14475e-008
13.619807	1.14328e-008
13.665634	8.00295e-008
13.717281	2.28656e-008
13.734519	1.14328e-008
13.757520	3.42984e-008
13.786297	2.28656e-008
13.803577	1.14328e-008
13.820869	2.28656e-008
13.838172	1.14328e-008
13.849713	1.14328e-008
13.895926	8.00295e-008
13.942215	1.14328e-008
13.968287	4.00147e-008
14.032120	8.57459e-008
14.096099	4.00147e-008
14.160224	8.57459e-008
14.227419	2.28656e-008
14.209874	1.14328e-008
14.244974	1.14328e-008
14.256684	1.14328e-008
14.268398	1.14328e-008
14.280118	1.14328e-008
14.309437	2.28656e-008
14.291842	1.14328e-008
14.338786	3.42984e-008
14.397575	8.00295e-008
14.468281	5.71639e-008
14.539160	8.00295e-008
14.586509	1.14328e-008
14.619106	5.14475e-008
14.767735	2.34372e-007
14.929098	7.43131e-008
15.148633	2.28656e-008
15.052200	1.60059e-007
15.221159	6.85967e-008
15.172789	2.28656e-008
15.296892	7.43131e-008
15.342422	1.14328e-008
15.354574	1.14328e-008
15.388020	5.14475e-008
15.458067	8.00295e-008
15.528283	0.0932747
15.789118	2.13844e-007
15.749084	6.41532e-008
15.850809	2.13844e-007
15.912621	2.13844e-007
15.974552	2.13844e-007
16.027288	1.49691e-007
16.073895	1.71075e-007
16.123680	1.71075e-007
16.179783	2.13844e-007
16.235981	1.71075e-007
16.273502	8.55376e-008
16.298540	8.55376e-008
16.323597	8.55376e-008
16.348673	8.55376e-008
16.373768	8.55376e-008
16.398884	8.55376e-008
16.427160	1.06922e-007
16.464901	1.49691e-007
16.521595	2.35228e-007
16.581543	1.71075e-007
16.657421	3.4215e-007
16.723957	1.06922e-007
16.774742	2.35228e-007
16.835148	1.71075e-007
16.886099	1.71075e-007
16.921173	6.41532e-008
16.943512	8.55376e-008
16.981842	1.71075e-007
17.013817	4.27688e-008
17.026615	4.27688e-008
17.045822	8.55376e-008
17.071447	8.55376e-008
17.103506	1.28306e-007
17.129175	4.27688e-008
17.154863	1.28306e-007
17.193432	1.28306e-007
17.219168	4.27688e-008
17.244925	1.28306e-007
17.296494	2.13844e-007
17.354599	1.71075e-007
17.393393	8.55376e-008
17.445183	2.56613e-007
17.490562	4.27688e-008
17.503540	4.27688e-008
17.516521	4.27688e-008
17.529507	4.27688e-008
17.542498	4.27688e-008
17.555494	4.27688e-008
17.568495	4.27688e-008
17.581499	4.27688e-008
17.594511	4.27688e-008
17.614035	8.55376e-008
17.640083	8.55376e-008
17.666153	8.55376e-008
17.692242	8.55376e-008
17.724878	1.28306e-007
17.751009	4.27688e-008
17.764082	4.27688e-008
17.777161	4.27688e-008
17.819696	2.35228e-007
17.872118	1.06922e-007
17.895077	4.27688e-008
17.908203	4.27688e-008
17.934469	1.28306e-007
18.013384	3.84919e-007
18.079277	4.27688e-008
18.092472	4.27688e-008
18.105669	4.27688e-008
18.118872	4.27688e-008
18.145292	1.28306e-007
18.224670	3.84919e-007
18.290951	4.27688e-008
18.304220	4.27688e-008
18.317495	4.27688e-008
18.330776	4.27688e-008
18.357351	1.28306e-007
18.417213	2.56613e-007
18.463842	4.27688e-008
18.477175	4.27688e-008
18.490513	4.27688e-008
18.503857	4.27688e-008
18.667696	1.00507e-006
18.889521	4.06304e-007
18.980646	1.71075e-007
19.014452	4.27688e-008
19.034750	8.55376e-008
19.061831	8.55376e-008
19.082153	4.27688e-008
19.122831	2.13844e-007
19.190727	2.13844e-007
19.251934	1.71075e-007
19.309832	1.9246e-007
19.364403	1.49691e-007
19.415632	1.71075e-007
19.470352	1.71075e-007
19.532005	2.13844e-007
19.593756	1.71075e-007
19.628103	4.27688e-008
19.641851	4.27688e-008
19.655603	4.27688e-008
19.669361	4.27688e-008
19.683123	4.27688e-008
19.696890	4.27688e-008
19.710661	4.27688e-008
19.724438	4.27688e-008
19.758900	1.71075e-007
19.817554	1.9246e-007
19.897049	2.99382e-007
19.983639	2.35228e-007
20.028738	4.27688e-008
20.063467	1.71075e-007
20.133011	2.56613e-007
20.181765	4.27688e-008
20.255005	4.06304e-007
20.384371	3.84919e-007
20.479033	1.9246e-007
20.528204	1.06922e-007
20.580952	2.13844e-007
20.644341	1.71075e-007
20.704296	1.9246e-007
20.760803	1.49691e-007
20.842169	3.4215e-007
20.927242	1.71075e-007
20.984055	1.71075e-007
21.023159	6.41532e-008
21.048061	8.55376e-008
21.090786	1.71075e-007
21.126423	4.27688e-008
21.140686	4.27688e-008
21.162090	8.55376e-008
21.190645	8.55376e-008
21.226366	1.28306e-007
21.254965	4.27688e-008
21.269272	4.27688e-008
21.283583	4.27688e-008
21.319384	1.71075e-007
21.369553	1.28306e-007
21.520418	7.69838e-007
21.657373	4.27688e-008
21.689873	1.49691e-007
21.751690	2.16147e-007
21.857222	0.0317968
22.018831	0.139946
22.125656	0.101578
22.185984	0.0895425
22.301546	0.0559328
22.385437	0.0314612
22.835657	0.968747
23.353889	0.16712
23.581223	0.0901008
23.718309	0.0529193
23.893196	0.0779932
24.043522	0.0976268
24.126299	0.0587106
24.210503	0.0351996
24.325003	0.0233058
24.396099	0.0123835
24.449457	0.00240954
24.739132	0.155743
25.312441	0.494549
25.647228	0.0539007
25.770866	1.38959
26.010294	2.25631
26.184189	0.149899
26.316481	0.512303
26.385685	0.10446
26.472860	0.0152784
26.682453	0.112197
26.863062	0.0464231
26.974588	0.0379353
27.059446	0.0219858
27.174952	0.0164727
27.265560	0.0146798
29.039562	1.66842
29.852423	0.5966
30.160122	1.59704
30.341036	1.03491
30.519142	0.324754
30.629932	0.885682
33.341663	7.84019
34.350426	0.25742
34.685520	0.785093
34.835136	0.293041
34.898731	0.0699349
35.057362	0.149907
35.151882	0.0165439
35.244022	0.0235423
35.611111	3.23067
38.925926	0.198745
39.599197	0.227797
39.782787	0.360638
40.331745	3.24866
40.624622	0.182053
40.740593	0.0765045
40.838631	0.0415999
41.007420	0.0249731
41.115402	0.294352
41.829697	0.326516
42.507595	1.39611
42.892006	0.380826
42.992847	0.195814
43.100513	0.0914789
43.261417	0.0871579
44.231831	15.7218
46.267929	0.0526007
46.888893	2.17729
47.282501	2.12672
47.509090	1.91424
47.692818	0.261141
47.753853	0.470015
47.922108	2.21016
48.519432	0.109067
48.660084	0.444867
48.801182	0.492634
49.075855	0.430023
49.326851	0.643934
49.623184	1.00217
49.936489	1.1455
50.092293	0.248975
50.409000	0.832916
50.495922	0.15609
50.675911	0.0361347
51.162216	50.0477
56.973133	0.158149
57.102165	0.0810292
57.229534	0.0508548
57.410206	0.0433468
58.613850	5.95646
58.946133	1.21672
59.201290	0.486738
59.465317	0.655693
59.712791	3.75777
62.350414	7.30628
64.291115	176.061
64.468262	58.0977
64.638878	31.8957
64.807251	7.85452
64.897179	11.5652
64.991280	3.83192
65.087349	9.43548
65.177231	10.1379
65.286980	35.6531
65.481804	93.4318
65.929138	12.2696
66.134293	20.1961
66.312950	7.86568
66.574669	3.37832
66.717293	22.2363
66.956833	11.5864
67.317009	38.6589
67.522453	25.3404
67.907188	10.0156
68.164917	8.81138
68.327484	29.3566
68.897224	51.7897
69.552872	27.0218
70.104568	6.38677
70.381042	2.13758
70.632675	4.08335
71.210693	12.287
71.876747	14.4833
72.517891	10.3875
72.870506	0.221626
73.136612	4.40635
73.580688	1.86893
73.750145	1.96716
74.127800	7.65551
74.512161	3.52874
74.716568	12.1639
75.513290	5.79793
76.057449	2.03025
76.737267	1.68275
78.094772	0.401774
78.607407	0.748669
79.367256	2.007
80.302795	1.59038
80.917854	2.7456
81.614799	2.01825
82.431282	7.86989
83.043701	0.605086
83.552246	1.41694
84.182816	0.0737246
84.524742	0.239741
84.827370	4.05139
86.163300	0.666569
86.410172	3.24718
86.779633	7.03549
87.063637	1.16749
87.370605	1.42182
87.721558	0.0394688
88.099304	1.30513
88.375198	0.861543
88.540352	0.268615
88.650108	0.751542
89.217827	4.26883
90.215446	0.469991
90.430290	3.42316
91.915047	2.1053
92.424355	1.19561
92.686996	1.45384
93.364609	1.68799
94.095520	0.887176
94.343414	0.672804
94.556190	0.0438789
94.717499	0.0944897
94.901398	0.533494
95.337975	1.49539
95.637764	2.27352
95.876572	0.597126
96.663368	3.9545
97.062500	2.65243
97.379463	1.98731
97.661781	0.886416
97.969467	1.41596
99.177589	9.07935
99.774742	0.0504003
100.010452	0.968369
100.437340	0.00373578
100.813545	3.68958
101.517250	0.458651
101.720833	0.502861
102.125458	0.08554
102.422958	0.0595621
102.598732	0.0215808
102.801773	0.0189244
103.021828	0.01965
103.374969	0.131012
103.817497	0.310995
104.145523	0.228231
104.530914	0.938286
105.501495	3.7037
105.915962	0.913901
106.234741	0.695464
106.690765	6.79411
106.982941	1.73817
107.327599	1.08521
107.608780	0.432615
108.439819	7.03918
108.968796	0.151385
109.364136	4.85691
110.106247	0.246532
110.336617	8.21263
112.809311	7.2181
113.374542	3.03093
113.581413	0.617139
113.884926	0.089381
114.203087	1.03781
114.468910	0.428334
114.699799	9.88919
115.419403	4.02909
116.410355	0.659522
116.909279	7.32859
117.718941	14.187
117.919449	7.61207
118.267197	0.65736
119.006348	4.4744
119.522949	2.04269
120.302032	1.22451
120.793381	4.47413
121.039986	14.0305
122.191505	0.29302
122.475395	1.80624
122.651817	0.459304
122.807068	2.26158
123.297081	0.293332
124.022415	0.332323
124.420471	1.23549
125.559296	1.88125
126.394386	0.168456
126.576637	0.289461
126.787308	0.399934
126.946945	0.222985
127.092590	0.585338
127.638451	1.00561
128.011673	2.17326
128.372238	0.773555
128.543549	0.069963
128.802383	0.327409
129.087814	0.291006
129.509262	0.534286
129.818237	0.667191
129.992477	1.20209
130.412476	0.0693326
131.618988	15.0557
133.003647	0.456679
133.299042	2.87913
133.527039	3.07885
133.908859	0.229306
134.777084	4.24379
135.110138	0.88871
135.643600	2.94415
136.245804	7.12825
137.000870	11.7731
137.688446	1.54717
137.992371	0.465925
138.331329	0.259027
138.674026	0.738928
139.616196	0.856266
140.629593	11.3853
141.678619	10.6926
142.821274	4.87038
143.347595	1.04273
143.496155	0.0707795
143.751755	0.405691
144.164246	0.567334
144.439087	0.0853436
145.481262	0.644832
146.059265	0.28531
146.337982	0.512404
146.656052	1.06507
146.998962	0.0717073
147.351761	2.54763
149.841431	1.69394
151.078613	0.682013
151.468384	0.637927
151.778183	1.88427
152.794540	0.560027
152.998276	0.726461
153.587143	0.322748
153.815872	0.339135
154.062469	0.183089
154.290359	0.0554618
154.549454	0.0719109
154.856842	0.673723
155.990570	0.0780819
156.334152	0.893369
156.702408	0.912798
157.160583	1.22454
157.614609	0.378376
157.962585	0.372066
158.685928	2.16552
159.265320	0.0116023
160.045151	4.32625
161.423874	1.6276
161.744598	2.42878
162.158920	1.08984
163.114044	4.72353
163.547043	0.0710005
164.076218	0.326556
165.405548	2.55402
166.361099	5.54713
167.425949	2.55438
167.981171	7.19689
168.929825	1.69974
169.478806	2.35701
170.057693	0.2251
170.315430	0.0381757
170.495972	0.167605
170.824402	0.103315
172.689209	4.58638
173.518570	5.785
174.173645	11.8528
174.479752	2.54238
174.919144	1.06979
175.380859	5.77797
176.257019	3.60237
177.703217	4.00784
178.464920	4.48437
179.234818	1.02121
179.576569	0.421064
179.945404	0.597818
180.373215	0.0543483
180.696625	0.127097
181.101395	2.05614
181.894775	10.3458
188.023056	0.424506
188.629227	0.19155
189.259842	1.79398
189.743225	0.987545
190.148148	0.658944
190.880997	2.46677
195.375717	0.0451245
196.273117	0.14914
196.590607	0.283598
197.181320	4.85733
197.805206	4.5398
198.227463	2.01705
198.620605	0.633184
199.027664	3.86552
200.663834	0.0325383
200.915192	0.322635
201.342697	0.491776
201.800339	0.180288
202.692200	0.888896
203.015732	0.12714
203.513184	0.0792377
204.281937	2.41793
205.164749	0.154265
205.500946	0.950938
206.636047	0.147594
206.954895	0.114088
207.173615	0.0417
207.523438	0.0697922
208.300125	0.77536
208.801285	0.51104
209.011871	0.0124236
209.245438	0.60899
209.847244	0.759055
210.153976	0.204294
210.836945	0.327855
211.115463	0.315209
211.293610	0.401902
211.723129	1.18878
212.200089	1.82275
212.546432	0.714756
213.043015	1.39319
213.468033	1.05303
213.976913	1.04329
214.406998	0.40126
214.911621	0.20788
215.204025	0.026461
215.428284	0.00926016
216.266068	0.582747
217.619507	1.33304
218.767273	7.46359
220.277954	1.61267
220.665253	0.0569048
220.939270	0.169816
221.295532	0.154093
221.465912	0.0379143
221.741074	0.204337
222.191696	0.0210528
222.625702	1.9058
223.329376	0.14488
223.606140	0.438818
223.989380	0.334086
224.166534	0.060688
224.428604	0.48367
224.939301	0.244476
225.496811	1.91987
225.775131	2.45492
227.029312	2.2807
227.348068	0.189854
227.767426	1.05018
228.030380	1.0439
228.201462	2.2216
229.002304	6.0695
229.768387	2.06723
230.893356	0.140619
231.327209	0.0974661
231.553970	0.0734015
231.926651	3.16952
234.425308	1.75038
235.407898	3.71735
235.912094	4.52108
236.860107	10.8106
237.938187	2.90934
238.888596	0.093021
241.059235	1.50923
241.434494	0.154898
242.498795	3.6002
243.677994	2.38307
244.022522	0.537101
244.375687	0.581302
244.563538	0.0640838
244.911102	0.298296
245.309036	0.283843
245.636902	0.573109
246.237411	0.200977
246.604553	0.0705199
246.801254	0.0744247
247.211472	0.0421482
247.461731	0.0126905
247.654892	0.00283917
248.015488	0.42063
248.849625	0.744715
249.364426	1.70943
249.911041	0.258741
250.085907	0.468358
250.565979	0.62563
251.045517	1.63299
251.995773	1.18368
253.734604	5.59063
257.742096	2.13203
259.109955	0.611316
259.363007	0.0951133
259.682831	1.36061
260.249664	7.85536
261.429077	6.89013
262.599121	13.8423
264.287689	10.6429
265.272583	1.85167
265.786072	0.48347
266.122406	0.260564
266.768829	0.498586
267.064026	0.646474
267.372650	0.547055
267.672974	0.164473
268.118042	11.1692
270.194641	11.8188
270.552948	27.3921
271.973419	8.91507
272.429840	2.30445
272.894836	2.34742
273.446960	0.356343
273.751190	0.595336
274.067352	0.712382
274.636993	0.151742
275.127747	0.274651
277.185730	2.08298
278.472198	1.25553
280.552551	3.04101
281.104340	0.170883
281.851654	6.27928
282.887146	4.05679
283.747375	0.0299628
284.544678	7.42614
285.764587	8.98886
286.899750	0.682761
287.325012	1.16622
288.824219	0.218409
289.237152	0.233171
289.828033	0.263854
290.768921	2.80721
296.934937	0.863652
297.152496	0.377018
297.619873	0.733955
298.179138	0.343541
298.618866	0.715468
299.986206	0.740492
300.686462	0.0207514
301.469238	6.74799
302.893829	2.0213
303.210388	0.128253
303.583649	2.72716
304.815643	3.75547
305.866577	12.139
307.941315	1.69818
308.408264	0.763526
308.860596	1.73244
310.924744	1.46538
312.381195	0.162648
315.419769	0.684186
316.552704	0.450131
317.062195	0.147547
317.372131	0.343098
317.921997	0.543137
318.477692	1.46752
319.433167	0.290548
319.832153	3.57395
321.329437	3.73801
321.829895	0.963624
322.556488	0.777393
322.932587	0.47643
323.467224	0.358156
323.847473	0.111284
324.090942	0.200855
324.500610	0.0798379
325.401733	0.642937
326.213531	0.23443
326.645050	0.368858
326.944366	2.15414
327.568604	2.13178
328.179810	0.648293
328.781921	0.680594
329.210480	0.0664197
331.063232	0.184664
332.504791	1.07439
333.730591	0.266489
334.155823	1.20709
334.469269	0.455847
334.782837	5.82784
336.859436	14.9107
337.603729	5.51817
338.196167	2.30833
338.806976	1.36765
339.507111	0.00705348
340.305023	0.746521
340.913696	0.359731
341.354431	0.489818
342.375641	0.39586
343.157074	0.29971
343.695709	0.232301
344.235809	0.129951
345.356384	6.46522
347.240448	9.4824
348.581970	9.60501
351.266113	0.442307
351.541656	0.10438
351.985596	0.346083
352.260529	0.474908
352.973297	0.148912
353.367188	0.142863
354.139923	0.0202897
354.790283	0.136895
355.182922	0.269344
355.521179	0.31103
355.889252	0.473
356.104858	0.909559
356.660858	2.71444
357.200623	1.15445
357.912537	0.426714
359.140564	1.53102
360.388977	0.342961
360.751312	0.235952
361.155762	0.0626381
361.465698	0.0658385
361.820435	0.501066
363.475372	1.23119
364.734283	0.306697
365.142426	0.114954
365.458527	0.25896
365.729248	0.151302
365.940277	0.579344
366.566345	0.0762457
366.753662	0.140586
367.103088	0.0716006
367.402313	0.0306408
367.589996	0.0170976
367.802551	0.0224465
368.288818	0.159636
370.137787	0.177585
370.624634	0.247509
371.113007	0.506784
371.464600	0.992902
371.868958	0.155833
372.202332	0.234353
372.853180	0.239153
373.128815	0.641056
373.498352	1.03333
373.829468	0.07968
374.228271	0.495975
374.555542	0.324692
375.088837	0.773591
375.275208	0.0523521
375.514984	0.0224021
375.780670	0.175445
376.325653	0.250003
376.616638	0.0390777
377.648682	0.784898
379.780853	0.125978
380.294800	0.716902
380.725922	0.632186
381.096008	0.0832023
381.473267	0.111081
381.882996	0.126533
382.175354	0.00741322
383.557648	3.71233
384.987518	0.946545
385.407318	5.51955
386.401215	2.58803
386.839691	0.865095
387.546478	0.26813
387.992157	1.83015
390.555908	0.851718
391.719269	3.3091
392.525208	0.430197
393.055756	10.0594
394.798065	3.50663
395.539917	0.322929
396.806244	0.558827
397.490143	1.40414
398.139343	1.16153
398.740814	0.64198
399.377106	0.111588
399.787018	0.00576212
401.564209	0.383142
403.046692	0.236226
403.793396	0.0983144
404.221008	0.281407
404.670837	0.887283
404.984894	0.0897093
405.390289	0.171023
405.863617	0.101238
406.488678	0.570209
408.401550	0.435525
409.546234	1.36854
410.341736	1.60527
410.871490	0.521623
411.748535	0.474411
412.026825	0.0182058
412.975891	0.291935
414.628967	0.227854
415.510223	0.241047
416.306488	0.123956
417.797211	1.31842
419.126740	0.732653
420.152893	1.24341
420.793091	1.48857
421.060028	0.179752
421.468658	0.768057
421.920898	0.167719
423.338196	1.47434
424.054626	0.0290108
424.817932	0.279186
425.211823	0.0144757
425.545105	0.00338333
425.874359	0.0785246
427.031738	0.344229
427.621124	0.437235
428.018921	0.571551
428.330750	0.0831945
428.831573	0.313313
429.109009	0.196768
429.610870	0.479648
430.238068	0.293808
430.419800	0.00349055
430.752289	1.25583
431.716278	0.309207
432.192108	0.272672
432.963684	0.0392891
434.573608	0.43751
435.601898	0.841802
436.311890	0.26913
436.984436	0.185359
437.655945	0.0583656
438.263214	0.157906
440.238434	1.03261
440.870636	0.29667
441.307465	0.413152
441.729340	0.152467
442.074310	0.135004
443.397614	0.656845
445.681183	2.57567
447.206177	2.37209
447.773804	0.452704
448.419739	0.361439
448.702942	0.160127
449.072876	0.108626
449.534760	0.0588218
449.904175	0.191473
450.908356	0.038709
451.391052	0.0492356
451.987366	0.105814
452.536072	0.0227096
453.057831	0.0578664
453.317474	0.23932
453.791656	0.595269
454.534241	0.0507493
455.025116	0.409702
456.293732	0.000609397
458.045715	0.580192
460.274475	0.0578214
460.586395	0.228528
461.133057	0.206466
461.886017	0.0580289
465.464172	0.373452
466.148407	0.0466469
466.517456	0.0380097
466.958923	0.0274914
467.388824	0.0168242
468.117523	0.983337
471.606049	8.40197
473.000000	0.329726
473.635101	1.3781
475.370178	0.360297
476.212036	2.13886
477.779999	2.80922
478.899750	0.412823
479.606384	0.0192527
479.923920	0.859288
480.736847	1.18386
481.499817	0.537148
482.009003	0.338443
482.347198	0.12318
482.883148	0.0949904
483.237915	0.422512
485.379028	0.0187743
485.980347	0.216531
486.483246	0.139216
486.812531	0.0641917
487.352386	0.0495738
487.732208	0.042367
489.670135	0.272885
492.015656	0.238525
493.676300	1.05736
494.825073	0.68009
495.448334	0.213262
495.757294	0.173111
496.042633	0.0246973
496.389221	0.0274244
496.698029	0.0983101
498.663239	2.00818
503.539337	0.199417
504.793457	0.1527
506.427185	1.04163
506.717987	3.89799
507.742157	2.60278
508.078400	0.245704
508.435974	0.987786
509.007507	0.403176
509.385223	0.104807
509.757843	0.0489666
510.730988	0.0915862
511.223633	0.707311
513.704590	0.205969
515.589355	0.583768
516.188354	0.0984468
516.794067	0.852448
517.880310	0.697575
518.599426	0.436374
519.312012	0.492117
520.011536	0.259237
520.655334	1.24008
521.691711	0.965298
522.354431	2.22186
523.181946	1.99362
523.877502	1.85872
524.924805	1.61368
525.514343	0.490809
526.230957	0.226616
526.652466	0.276474
527.028687	0.705076
528.372375	1.18345
529.269592	0.145239
530.170959	2.98652
531.944763	2.55643
532.798767	0.0862523
533.245850	0.275527
533.574097	0.163615
534.085388	0.0493351
534.556335	0.0764129
535.062195	0.195143
535.450989	0.115589
535.865601	0.0545924
536.393311	0.0533689
536.764832	0.0272027
538.442078	0.043398
539.445251	0.332994
540.830383	0.81543
541.579651	0.39165
542.437134	0.311228
542.850403	0.184308
543.271484	0.258616
543.544617	0.00960106
543.889526	0.0255159
544.176941	0.0631146
544.582520	0.0218639
544.816467	0.00757764
545.358521	0.0043643
547.650452	0.429593
553.891846	4.64038
557.198181	1.93446
557.873169	1.03425
558.226929	0.291211
558.715027	0.56104
559.186890	0.601101
560.417297	0.609522
560.820679	0.796697
561.183716	0.170104
561.466980	0.0529982
561.761597	0.291169
562.083252	0.0537239
563.361877	0.868868
564.385864	0.00832001
564.915466	0.0452566
565.441650	0.0369362
565.832336	0.0215991
566.352417	0.0228954
566.857239	0.120152
568.614319	0.211128
569.019287	2.46275
570.769470	5.22288
571.888306	2.02621
572.938049	4.086
573.453857	1.05721
574.344788	0.322223
574.703552	0.207465
575.164124	0.029362
575.599487	0.0813829
576.045593	0.0433745
576.502930	0.0120084
577.133850	0.174404
577.696838	0.201651
578.277588	0.129681
578.619446	0.0811952
579.153564	0.0949584
579.619873	0.0547149
579.919922	0.00876948
585.435547	1.20034
587.050476	1.13043
587.827332	0.549537
588.606628	0.323423
589.283936	0.11761
589.861511	0.073545
591.732544	1.16618
594.110352	2.70495
595.502380	0.834127
595.996216	0.782262
596.844116	0.424626
600.263550	3.15154
603.640503	0.854234
604.455750	0.94654
605.094604	6.69766
607.612305	2.6199
608.070679	5.90319
610.749512	1.45618
611.861877	0.00716658
612.396362	0.243463
613.036621	0.163361
613.426270	0.101736
614.133667	0.790579
614.810913	0.672174
615.377197	0.0635023
615.680298	0.193523
616.237061	0.0656328
617.421082	4.99036
618.930420	0.766539
619.253662	0.194972
619.744263	0.398471
620.315674	0.0932326
620.579834	0.0317603
621.403320	1.55584
622.155090	0.665452
622.480042	0.0545502
623.082703	0.276123
623.570862	0.0600713
623.856628	0.0264533
624.391296	0.0125451
632.660034	1.59213
633.982544	0.33427
634.436951	0.237072
634.901428	0.0574741
635.454102	0.0690779
635.775879	0.020945
636.007019	0.0337985
636.801575	0.0082123
637.112610	0.00831658
637.337830	0.0101189
639.547546	0.502207
640.819092	0.587577
641.682983	0.614581
642.308289	0.575646
642.612793	0.10316
643.099731	0.380096
644.157288	0.848858
644.731750	0.512082
645.727966	0.235371
646.148682	0.334016
646.974426	0.181842
647.530029	0.0811716
649.043091	1.23472
650.260681	0.369006
651.043213	0.236215
651.869812	0.149598
652.634460	0.0755365
653.335327	1.65597
656.201843	0.229287
657.320740	0.440623
658.178284	0.332769
658.529236	0.043954
659.049927	0.0891405
659.637939	0.0555594
661.600952	2.12306
662.292297	1.56391
663.415466	0.893924
664.159058	4.03434
665.901062	4.03839
667.570313	4.32131
669.103333	2.56907
671.694946	0.0810914
672.654846	1.09757
673.811768	0.352269
674.734619	1.25989
675.210327	0.334944
676.737915	6.5966
678.779846	1.30273
679.258667	0.0788175
679.676880	0.00428156
680.745483	2.3118
684.810425	0.349105
685.894531	0.827991
686.815125	0.746314
687.639282	0.278491
688.442261	0.157551
688.942993	0.102477
690.281372	2.92062
692.375244	1.55931
692.992798	0.722526
694.423706	1.22234
695.312561	0.551167
696.187927	0.302945
697.006348	0.146107
697.600586	0.0197245
699.555176	0.0799065
701.052002	0.221533
701.911316	0.109982
702.829529	0.0465535
703.595703	0.0253931
704.191528	0.00306334
704.963745	0.0830711
705.732361	0.138488
706.185364	0.0891375
706.654175	0.0663447
707.307861	0.0699509
707.850891	0.0285761
708.318359	0.0145792
708.926453	0.0132468
709.339600	0.00629287
718.661987	0.737569
721.062988	0.24107
722.215698	0.210438
722.913940	0.189536
724.789001	3.29772
726.586121	1.30664
727.241272	0.341843
728.253601	0.29132
728.938110	0.0371762
729.696350	0.0158501
729.983826	0.0159235
730.906250	2.44074
746.710266	5.91858
749.102966	2.17867
749.942139	0.00765936
750.913330	1.579
751.953979	0.902934
752.827026	0.434962
754.026123	3.65278
763.856873	2.89314
765.952820	0.855427
767.022522	0.299589
767.369934	0.037828
767.985107	0.181253
768.593689	0.0357467
768.950623	0.030161
769.590942	0.026633
772.694641	0.362365
776.967224	0.202723
777.779785	0.187996
778.517761	0.164199
779.037903	0.334095
779.797485	0.0824949
780.147827	0.0578065
781.370972	1.26425
783.063477	0.308181
783.878601	3.67108
785.170593	9.03489
787.291565	7.33954
788.513306	0.509315
792.227722	0.222393
792.851624	0.0410434
793.248047	0.0123033
793.907227	0.0203382
794.463867	0.0153306
795.797424	0.129851
796.466919	0.382786
797.085449	0.355664
797.623840	0.070814
798.166199	0.114448
798.944580	1.05442
809.892090	0.795843
812.490479	0.0222458
813.022034	0.274234
813.827026	0.483315
814.337646	0.770776
814.943787	0.0311056
815.467468	0.129451
816.327393	0.255709
818.024536	0.798602
826.737671	0.153804
827.815613	0.0464321
828.444397	0.0369076
828.865173	0.0227647
829.554810	0.0191848
830.057312	0.0149722
833.934875	0.109469
835.824890	0.238463
837.501160	0.471302
838.463318	0.253268
839.406799	0.157801
840.319641	0.0657089
840.934753	0.00287265
841.659973	0.0933449
843.310181	0.499236
844.377197	0.222464
844.783386	0.00982499
845.399841	0.119229
846.063721	0.0488922
846.422852	0.0108756
847.064941	0.0354316
849.562988	0.137125
850.467529	1.16749
852.069214	1.46298
852.695679	0.30188
853.577759	0.232732
854.058594	0.260154
854.497803	0.112671
855.230652	0.0695751
855.695679	0.0411749
855.973816	0.00658324
857.158997	0.0112987
859.672913	0.0266508
860.506104	0.0467461
861.002747	0.0301217
861.520081	0.0157453
862.197510	0.0125512
862.629639	0.00671357
862.954102	0.000237696
865.501038	0.649837
868.219055	0.161854
868.722900	0.0827626
869.204773	0.0565543
869.932251	0.0430919
872.173340	4.34576
875.692139	0.193532
876.301941	0.772804
876.858276	1.60124
877.904724	0.0861666
880.079651	1.42531
882.715454	0.0919801
885.050293	0.00228034
886.070679	1.5396e-005
887.096436	2.03224e-005
888.408569	3.90738e-006
889.283813	0.00397216
890.932922	0.164181
892.677551	0.438877
893.643982	0.222435
894.686218	0.0951406
895.549011	0.0516589
896.273804	0.00383235
896.931396	0.000126057
897.305298	5.65757e-007
907.212708	0.00892171
909.730347	0.158636
910.750122	0.174532
911.476685	0.316035
912.500000	0.102142
913.438782	0.0974678
914.328247	0.0214661
915.191101	0.146929
916.920166	3.52931e-008
917.322815	1.65852e-007
917.985779	1.65908e-007
918.483276	8.29581e-008
918.815063	8.2958e-008
919.526123	2.72576e-007
920.759399	3.43683e-007
921.779785	1.65916e-007
922.254578	7.11069e-008
922.563293	8.2958e-008
922.872009	7.11069e-008
923.134583	6.00233e-008
923.709106	0.0105986
924.764771	0.0501075
925.439697	0.037081
925.871765	0.013351
926.602539	0.0208051
927.140930	0.0138353
927.520203	0.00123287
927.857117	1.75858e-005
928.169373	1.01342e-007
928.464172	3.37939e-008
928.628906	4.74316e-008
928.819519	4.74046e-008
929.462952	2.72576e-007
930.392822	1.89618e-007
931.084595	1.54065e-007
931.490234	4.74046e-008
931.895935	1.54065e-007
932.277893	3.55534e-008
932.397217	2.37023e-008
932.683777	1.18511e-007
933.209167	1.42214e-007
934.280029	0.000665082
936.364502	0.0368355
937.361267	0.200707
938.041016	0.148286
938.476257	0.053565
939.212769	0.082253
939.754822	0.0560581
940.147339	0.00485989
940.948792	0.00912873
942.443054	0.590884
944.217224	1.27822
945.231140	0.656271
946.294617	0.404459
947.232422	0.209752
947.785828	0.143058
949.729004	0.246764
950.829529	0.111068
951.563782	0.0742981
952.243591	0.632695
952.766602	0.462049
955.780823	0.974082
958.611450	0.0307222
961.045654	0.00075983
962.105591	4.99709e-006
963.190002	6.60552e-006
964.044189	2.69435e-007
965.716125	0.0992165
966.608276	0.027103
967.481995	0.0471444
968.009827	0.0303259
968.574646	0.0128873
969.282471	0.0148092
969.749512	0.00651362
972.828979	0.291365
974.377136	0.131143
974.802124	0.171374
975.450378	0.255132
976.214233	0.0167285
976.618408	0.0901915
977.856628	3.4263
983.240662	2.80302
985.704102	8.7199
987.484680	4.36511
992.115784	4.53573
992.912537	0.850862
993.570923	0.121896
994.018005	1.43191
998.788635	1.603
999.576904	0.0912867
1000.156189	0.0715952
1001.557861	0.0291513
1002.031555	0.224896
1003.566040	0.528449
1004.985474	1.04787
1005.804077	0.596039
1006.701355	0.216408
1008.660889	2.37687
1010.614990	0.29159
1012.378357	0.177482
1013.560669	0.0494174
1014.109558	0.0408607
1014.935791	0.0784632
1016.035461	0.304031
1016.844971	0.089869
1018.641479	0.277579
1019.575134	0.0461331
1020.408508	0.892536
1022.344421	0.151308
1023.849731	2.58895
1025.887695	0.436604
1026.453491	0.185547
1027.098755	0.138448
1027.724976	0.115689
1028.613281	0.072003
1030.089355	0.00597433
1032.352051	0.0034788
1033.634888	0.175368
1035.415283	0.114233
1035.907593	0.251163
1036.571289	0.346524
1037.350830	0.0222409
1037.808350	0.0747191
1038.635498	0.079348
1054.351318	5.80058
1057.396240	0.944979
1058.498657	0.62013
1059.539673	0.46779
1060.285645	0.464412
1062.606445	2.01141
1063.890137	0.335244
1064.300171	0.618428
1065.400879	2.12113
1066.277588	1.04484
1067.595337	0.655725
1068.465454	0.154752
1069.150146	0.251581
1069.660645	0.246141
1070.270874	0.0451825
1071.023682	0.0356082
1071.507568	0.0139595
1072.685913	1.08674
1098.847290	0.747314
1099.826294	0.043987
1100.414795	0.0423275
1101.132446	0.0378205
1101.738403	0.0221989
1102.247681	0.00828019
1102.911011	0.24147
1106.104126	0.0542804
1106.791260	0.107598
1107.918213	0.249741
1109.576294	4.30413
1113.824585	6.40535
1115.862427	0.520705
1116.532227	0.0294272
1118.263428	1.37792
1119.233765	0.48485
1121.217896	3.55534e-008
1121.375122	3.55534e-008
1121.506226	2.37023e-008
1121.715820	7.11069e-008
1122.082886	9.48091e-008
1122.607178	1.42214e-007
1123.236572	1.42214e-007
1123.988281	0.00180957
1125.801514	0.0953312
1127.706543	0.354437
1128.572144	0.155705
1129.063232	0.0221221
1129.869141	0.077447
1130.521118	0.0416591
1131.029175	0.00395369
1131.784790	0.0023947
1132.539917	6.32151e-005
1132.958862	1.70579e-007
1133.400513	8.94376e-008
1133.752808	7.11359e-008
1133.989990	3.55515e-008
1134.174438	4.74046e-008
1134.385254	4.74046e-008
1135.097168	2.72576e-007
1136.125732	1.89618e-007
1136.890869	1.54065e-007
1137.339600	4.74046e-008
1137.788330	1.54065e-007
1138.210693	3.55534e-008
1138.342773	2.37023e-008
1138.659668	1.18511e-007
1139.240723	1.42214e-007
1139.610596	2.37023e-008
1139.822021	7.11069e-008
1140.139038	7.11069e-008
1140.509155	9.48091e-008
1140.984863	1.18511e-007
1141.857544	2.72576e-007
1142.651123	8.2958e-008
1143.894897	4.74046e-007
1145.722168	3.43683e-007
1146.861572	1.65916e-007
1147.391724	7.11069e-008
1147.736450	8.2958e-008
1148.346436	1.89618e-007
1148.823853	2.37023e-008
1149.168701	3.55534e-008
1148.983032	4.74046e-008
1149.434082	8.2958e-008
1149.672974	2.37023e-008
1149.779053	2.37023e-008
1149.885254	2.37023e-008
1149.991455	2.37023e-008
1150.097534	2.37023e-008
1150.203735	2.37023e-008
1150.309937	2.37023e-008
1150.548828	8.2958e-008
1150.867432	5.92557e-008
1151.053345	2.37023e-008
1151.159546	2.37023e-008
1151.265869	2.37023e-008
1151.372070	2.37023e-008
1151.478271	2.37023e-008
1151.584473	2.37023e-008
1151.690796	2.37023e-008
1151.796997	2.37023e-008
1151.903320	2.37023e-008
1152.009521	2.37023e-008
1152.381470	1.42214e-007
1152.753540	2.37023e-008
1153.710327	4.02939e-007
1154.667725	2.37023e-008
1154.774048	2.37023e-008
1155.119873	3.55534e-008
1154.933594	4.74046e-008
1155.332642	5.92557e-008
1155.572144	4.74046e-008
1156.139038	2.05307e-007
1157.090088	0.0556473
1158.265625	0.287693
1159.062622	0.251659
1159.696899	0.0883109
1160.327515	0.12084
1161.046509	0.105444
1161.603760	0.0167815
1161.981201	0.000689312
1162.421509	3.49729e-005
1162.629395	1.0654e-007
1162.954712	3.47145e-008
1163.114380	3.55452e-008
1163.701782	2.25172e-007
1164.654053	0.00180957
1166.489380	0.0801336
1168.478027	0.15095
1169.618530	0.0849113
1170.713257	0.0551016
1171.771484	0.0182307
1172.607300	0.00192183
1173.286255	4.85827e-005
1173.958130	2.19419e-005
1174.625854	2.26242e-005
1175.996948	3.3232e-006
1176.791504	1.44646e-007
1177.305542	8.32417e-008
1177.682251	8.29789e-008
1178.031494	7.11069e-008
1178.273315	3.55534e-008
1178.461426	4.74046e-008
1178.837646	1.18511e-007
1179.886108	3.43683e-007
1181.042603	1.65916e-007
1181.580688	7.11069e-008
1181.930542	8.2958e-008
1182.280396	7.11069e-008
1182.711182	1.18511e-007
1183.411133	1.89618e-007
1184.111450	1.18511e-007
1185.054443	2.96279e-007
1185.916992	8.2958e-008
1186.213501	4.74046e-008
1186.429199	4.74046e-008
1186.644897	4.74046e-008
1186.860718	4.74046e-008
1187.076416	4.74046e-008
1187.292236	4.74046e-008
1187.588989	8.2958e-008
1187.993652	9.48091e-008
1188.398438	8.2958e-008
1188.857178	1.18511e-007
1189.748169	2.72576e-007
1190.801392	1.89618e-007
1191.584961	1.54065e-007
1192.044434	4.74046e-008
1192.503906	1.54065e-007
1192.936523	3.55534e-008
1193.071777	2.37023e-008
1193.396240	1.18511e-007
1193.991211	1.42214e-007
1194.369995	2.37023e-008
1194.586426	7.11069e-008
1194.911133	7.11069e-008
1195.290039	9.48091e-008
1195.777344	1.18511e-007
1196.670776	2.72576e-007
1197.483398	8.2958e-008
1198.756958	4.74046e-007
1200.628052	3.43683e-007
1201.794678	1.65916e-007
1202.337524	7.11069e-008
1202.690552	8.2958e-008
1203.315063	1.89618e-007
1203.803955	2.37023e-008
1203.966919	4.74046e-008
1204.157104	3.55534e-008
1204.428711	8.2958e-008
1204.673340	2.37023e-008
1204.781982	2.37023e-008
1204.890625	2.37023e-008
1204.999390	2.37023e-008
1205.108154	2.37023e-008
1205.216797	2.37023e-008
1205.325562	2.37023e-008
1205.570190	8.2958e-008
1205.896362	5.92557e-008
1206.086670	2.37023e-008
1206.195435	2.37023e-008
1206.358643	4.74046e-008
1207.280762	0.0153713
1210.880981	0.890711
1214.703247	0.86243
1215.828003	1.17318
1217.359863	1.95756
1218.429077	0.312628
1220.056274	0.861561
1222.024170	0.173751
1222.509644	1.06851
1223.374512	2.64733
1224.649780	0.283313
1225.563965	0.566832
1226.082886	0.0640707
1227.936646	0.0551647
1228.902344	0.365334
1230.010742	1.07558
1230.786377	0.418489
1232.892090	0.489607
1233.315918	0.0244917
1236.064819	0.41639
1239.469971	1.25304
1240.955566	0.357406
1242.052856	0.149536
1243.175781	0.0720982
1243.816650	0.0150219
1248.199585	0.0413847
1250.307861	0.436615
1251.796875	0.342389
1252.929688	0.0866063
1253.788696	0.109191
1254.752441	0.0440023
1255.934814	0.0416764
1256.860718	0.0056696
1264.743774	0.390714
1274.589600	0.638596
1276.792969	0.0728624
1277.537598	0.325948
1278.214355	0.347355
1279.694336	0.6318
1280.619263	0.732302
1281.872314	0.100267
1282.510986	0.279694
1284.460327	0.00900348
1285.408936	0.212262
1286.320435	0.903005
1291.076538	0.0731224
1294.736816	0.941289
1298.070313	0.817829
1299.917847	0.13108
1300.753662	0.112768
1302.006348	0.0396025
1302.981812	0.0148662
1307.283203	0.198933
1312.196777	0.377487
1313.896118	0.293078
1315.076416	0.126853
1316.292358	0.163618
1317.503906	0.00728
1318.087280	0.000724417
1319.792847	0.217527
1323.771118	0.69954
1326.621582	0.497294
1329.052490	0.0628468
1332.777100	0.857077
1335.128662	0.203983
1335.842285	0.222309
1336.347656	0.184227
1337.198486	0.0534192
1339.055908	0.361203
1341.080322	0.0174254
1343.099854	2.22273
1350.137695	0.491101
1352.792847	11.9866
1356.550659	14.1177
1358.939819	2.77281
1359.527832	0.460204
1361.460938	0.620059
1363.830444	0.799658
1364.491089	0.704615
1365.104492	0.497278
1365.655884	0.264522
1366.095825	0.200573
1366.712769	4.08805
1369.604248	0.454523
1370.618652	1.78297
1373.799194	0.52163
1374.739990	0.292245
1375.790405	0.654663
1376.903564	0.183
1378.081665	0.110878
1379.204590	0.0401405
1381.303955	6.40443
1401.873291	1.0592
1406.177490	1.24664
1409.392212	0.110145
1410.073242	0.0787278
1410.703125	0.0454463
1411.908447	0.246063
1412.822021	1.47246
1415.103516	0.428966
1416.099243	1.36322
1417.025269	10.1211
1419.848511	5.65223
1421.707275	2.25169
1427.280640	0.370538
1429.145752	0.31312
1429.969482	0.234446
1430.349731	0.0172438
1431.414795	0.0793304
1432.041138	0.0186493
1432.366699	0.00121698
1434.015991	2.22418
1445.277466	0.126696
1447.214478	0.382875
1448.281860	0.354682
1449.579956	0.247062
1450.781250	0.237305
1451.867310	0.0495891
1456.731689	3.3343
1466.201172	0.269195
1468.659302	0.0649234
1473.332275	0.0574624
1474.874634	1.03299
1476.823242	0.888445
1477.798584	0.306793
1479.357788	0.222878
1479.938477	0.00161346
1480.516846	0.0123884
1481.979614	0.00852164
1482.701782	0.105128
1483.799561	0.231541
1484.460083	0.164442
1485.145386	0.0703955
1485.998779	0.0559306
1486.609253	0.0140096
1487.030029	0.00108534
1487.549194	0.00083124
1489.398560	0.0343449
1490.537354	0.0355547
1491.478027	0.0740802
1492.168945	0.0117656
1492.794434	0.240427
1493.667114	0.186655
1494.124146	0.0143107
1495.105225	0.0294471
1495.785156	0.0130066
1496.229736	0.00512154
1497.094971	0.00249931
1497.967773	5.88477e-005
1498.458130	3.56694e-007
1511.189453	0.0524027
1513.986694	0.0464748
1515.090698	0.632286
1516.516724	0.573747
1517.734253	0.226465
1518.979736	0.151826
1520.024902	0.022169
1520.896118	0.00156339
1521.606079	2.6829e-005
1522.068848	1.17994e-006
1526.290894	4.92263e-006
1527.715210	0.244071
1530.508667	0.0259048
1531.523315	0.085312
1532.352783	0.0724767
1532.968262	0.0205837
1533.823120	0.0212951
1534.577759	0.0111726
1535.081665	0.00113561
1545.619995	0.556305
1548.196411	0.480468
1549.485596	0.34592
1550.750488	0.172575
1552.015869	0.089937
1554.728149	5.57668
1566.261719	3.02271
1569.117065	0.164403
1570.525146	5.34362
1574.041626	1.07427
1577.104614	0.143345
1577.743286	0.0980911
1578.518066	0.105101
1579.238037	0.0639748
1582.393433	1.03572
1589.223267	0.670654
1591.352905	0.0367427
1592.499634	0.102645
1593.180176	0.0560818
1593.890503	0.0302218
1594.816406	0.0274087
1595.438843	0.0132169
1601.026611	0.142618
1602.549561	0.0160321
1603.426636	0.0228276
1604.014771	0.0230014
1604.962524	0.0174221
1605.666016	0.0133073
1606.212769	0.0012547
1614.052979	0.393134
1624.144165	0.0562908
1625.640381	0.237688
1626.787476	0.176352
1627.381226	0.0190481
1628.210815	0.0814426
1629.129639	0.0426751
1629.588135	0.00777529
1631.113037	0.155829
1636.092041	0.139446
1638.345825	0.26691
1639.702271	0.19664
1640.995972	0.137431
1642.442139	0.916856
1646.681274	0.521825
1648.278687	1.23236
1649.305542	1.70032
1651.551392	1.50029
1652.516724	0.6549
1654.542236	1.19148
1656.675537	0.0155858
1657.025146	3.55534e-008
1657.376465	9.48091e-008
1658.174805	2.01469e-007
1658.845581	4.74046e-008
1659.388672	1.54065e-007
1660.347412	2.01469e-007
1661.402222	1.89618e-007
1662.393433	1.77767e-007
1663.097046	8.2958e-008
1663.800903	1.77767e-007
1664.472778	7.11069e-008
1664.952881	1.0666e-007
1665.561035	1.18511e-007
1666.137329	9.48091e-008
1666.649536	9.48091e-008
1667.193970	1.0666e-007
1667.770508	1.0666e-007
1668.315186	9.48091e-008
1668.763672	7.10914e-008
1669.914673	0.00384331
1674.156128	0.214173
1678.828491	0.961518
1681.309937	0.1421
1682.047119	0.187634
1683.517944	0.0185238
1684.957031	0.0755309
1687.419434	0.154617
1689.266235	0.0996545
1690.450562	0.0634849
1691.856567	0.0380883
1692.955811	0.00541019
1693.878906	0.000390106
1694.630615	6.89456e-006
1695.117310	9.91216e-008
1695.626221	8.3045e-008
1696.015137	5.9268e-008
1696.305908	4.74047e-008
1696.532104	3.55534e-008
1696.725952	3.55534e-008
1697.146118	1.18511e-007
1697.760132	1.0666e-007
1698.212769	5.92557e-008
1698.762329	1.42214e-007
1699.473755	1.18511e-007
1699.894165	3.55534e-008
1700.444092	1.65916e-007
1701.026367	4.74046e-008
1701.285156	4.74046e-008
1701.608765	7.11069e-008
1702.094238	1.0666e-007
1702.773926	1.42214e-007
1703.550903	1.42214e-007
1704.392944	1.65916e-007
1705.073120	8.2958e-008
1705.591431	1.0666e-007
1706.109863	8.2958e-008
1706.531128	7.11069e-008
1706.952393	8.2958e-008
1707.568359	1.42214e-007
1708.541016	2.13321e-007
1709.416626	1.0666e-007
1709.935669	8.2958e-008
1710.519531	5.92557e-008
1710.260010	3.55534e-008
1710.941406	9.48091e-008
1711.460693	9.48091e-008
1711.979980	9.48091e-008
1712.694092	1.65916e-007
1713.473389	1.18511e-007
1713.960571	5.92557e-008
1714.252930	4.74046e-008
1714.639404	9.35693e-008
1715.213989	0.000747898
1716.358765	0.0276767
1717.563354	0.0463297
1718.273315	0.0299563
1719.001831	0.0157256
1719.960815	0.0126487
1721.737549	0.133395
1723.474243	0.0854327
1724.651978	0.0569978
1726.052490	0.0246387
1728.110718	1.35165
1745.604980	0.139135
1746.814209	0.283511
1747.530884	0.178042
1748.269165	0.0679523
1749.260742	0.0581796
1749.839111	0.0189559
1760.464111	0.609574
1761.553833	0.0484414
1762.262451	0.0357137
1762.884766	0.0444455
1763.904175	0.0176484
1764.529541	0.00128394
1766.826416	0.842773
1770.310669	2.70065
1772.007568	0.883359
1772.882446	2.21771
1773.507202	4.77202
1778.309204	7.88271
1780.027832	0.0285298
1781.637695	0.281644
1782.410767	0.0615939
1785.476807	0.0889504
1788.765137	0.515737
1789.509399	0.422812
1790.612061	11.743
1796.745728	51.5231
1800.367676	25.1072
1806.225342	0.519944
1807.617920	3.7009
1808.790527	0.191557
1810.961792	16.4362
1813.992554	260.782
1819.491089	0.00583032
1820.581055	3.05121
1827.083374	12.3519
1830.938721	3.94326
1833.703003	11.7753
1842.684814	0.269064
1843.689453	0.459701
1844.557617	0.493444
1845.176758	0.0857748
1846.239014	0.236626
1847.041382	0.169294
1848.032349	0.300753
1852.308716	6.95163
1856.536743	0.849922
1859.929565	0.234747
1861.596924	0.165184
1862.445068	0.635379
1863.335938	1.01368
1864.260376	0.0369483
1865.015381	0.169985
1866.234863	0.365045
1867.390625	0.114662
1868.231812	0.679964
1869.543823	0.534833
1870.921631	0.326024
1871.863159	0.0840899
1872.721558	0.093861
1873.352661	0.0317207
1874.240112	0.0922363
1875.055542	0.0748704
1875.713379	0.34516
1876.988281	0.0688688
1877.396851	0.0565968
1878.577393	0.179933
1881.300293	2.6928
1885.985962	0.193239
1887.635986	2.05731
1892.213501	0.492479
1894.504883	0.23528
1896.046265	0.291939
1896.428345	0.0103948
1897.503052	0.116782
1899.440186	4.49854
1904.643799	0.164039
1906.049072	3.31886
1907.024414	3.85337
1911.596191	7.53142
1914.066528	0.237832
1915.889771	0.578316
1916.572266	0.515225
1918.821289	0.335774
1919.805542	0.256153
1920.449829	0.0460385
1921.498779	0.0854162
1922.220703	0.0589514
1923.208862	0.185328
1923.963989	0.119554
1924.739746	0.0603312
1925.752808	0.0539863
1926.900391	0.794118
1929.070923	0.548307
1930.781982	0.28975
1931.899048	1.6433
1933.334473	0.355837
1934.850708	0.595542
1935.982544	0.0388481
1937.443115	0.0817583
1942.655396	5.70472
1946.135010	1.15851
1948.100586	7.05293
1950.678467	1.35728
1951.397095	0.210186
1954.145142	0.73855
1958.170898	0.107927
1959.935791	0.000136993
1961.473267	0.0216476
1974.854858	1.49946
1990.498901	0.463054
1991.290527	0.410519
1994.854492	5.70053
1998.736572	10.8684
2002.283936	1.58239
2003.792236	0.460561
2004.489380	0.110967
2005.405029	0.267988
2006.567139	1.73403
2015.205200	0.438497
2021.900635	1.10124
2033.403687	7.05465
2043.060425	4.28361
2055.570801	5.45483
2060.300049	0.0842581
2062.029541	0.228511
2062.729492	0.336724
2063.750244	1.00539
2065.303955	0.344037
2066.164795	0.447073
2067.283447	0.598419
2068.548096	2.01408
2069.742188	0.254641
2071.737793	0.728687
2073.041992	1.15882
2073.863770	0.0332331
2074.495850	0.249077
2079.555420	6.84213
2084.224854	0.320985
2085.135254	0.590245
2086.171387	8.29557
2089.333984	1.10595
2090.093994	0.232593
2091.078613	2.50717
2094.580811	15.6939
2104.864502	4.27445
2105.500244	0.0682783
2106.252930	0.549724
2108.713379	0.111263
2112.421875	98.6022
2124.654785	0.14714
2129.403076	284.561
2132.687012	1.14061
2134.540771	0.704706
2135.559082	5.06283
2140.627686	4.51556
2142.133301	1.39013
2143.185303	0.809049
2145.014893	0.0742422
2145.999268	0.240708
2146.855957	0.571507
2148.692139	0.0496402
2149.531494	0.0287903
2153.526367	0.949306
2161.080078	1.71487
2162.839111	0.585802
2163.745605	0.02893
2167.294922	3.32381
2171.048828	4.01374
2174.957520	5.05763
2183.847900	0.0847117
2184.994629	0.355331
2186.502197	0.432057
2188.151611	0.359865
2189.554443	0.179245
2191.214844	0.119052
2193.212891	0.253096
2195.046631	0.0690152
2196.638916	3.98096
2200.565186	0.284263
2201.510742	1.1243
2202.077148	0.176637
2203.060547	0.476385
2204.239502	0.526025
2205.759766	0.0874759
2206.875000	2.59987
2210.606445	15.7291
2215.468262	1.61459
2218.397217	0.369972
2230.369141	5.52937
2236.421631	0.068841
2241.126953	0.129509
2242.472168	0.279406
2243.285645	0.188189
2244.119873	0.0834733
2245.205322	0.0622791
2245.924316	0.0277906
2256.446045	1.89094
2265.575928	1.02238
2266.937744	0.709657
2268.050049	0.610183
2268.942627	0.162755
2269.813721	0.267859
2270.829102	0.197552
2271.601074	0.0191826
2272.872070	1.19598
2274.725098	0.949811
2276.385498	0.337825
2277.848389	0.342212
2278.981201	0.0438809
2279.725586	0.0216056
2280.551025	0.0467253
2283.334473	6.435
2296.234131	0.128555
2297.562500	0.535008
2298.677002	0.476167
2299.383789	0.224824
2300.676514	0.713536
2303.221436	5.23965
2304.446289	5.63814
2310.221436	2.327
2311.146240	2.64463
2315.899414	1.6661
2321.967529	12.5013
2325.852295	6.90118
2327.038574	2.77078
2329.138916	1.4365
2332.891846	2.21149
2334.264160	0.639264
2335.916260	0.30185
2337.436279	0.222588
2338.810547	0.501748
2342.929932	0.322066
2344.604004	0.185984
2346.301270	0.17451
2348.300537	0.287886
2350.028809	0.165272
2351.481689	0.105192
2352.814697	0.123808
2353.968506	0.278354
2354.866699	0.397591
2355.982422	0.0422293
2356.759033	0.105751
2357.811279	0.381377
2362.510742	0.28176
2363.568359	0.180726
2364.343018	0.0465896
2365.561768	0.0456407
2366.372070	0.0376098
2372.123291	1.08777
2375.992188	0.0194864
2390.430176	0.00861685
2397.575195	0.0100323
2399.451416	0.0253486
2400.412109	0.0372245
2401.128662	0.0455713
2401.811035	0.00888156
2402.398926	0.00802101
2403.147949	0.0114989
2403.868408	0.0139149
2404.482422	0.00583043
2406.588135	0.219936
2408.038330	0.177038
2408.884521	0.21079
2409.982178	0.0422753
2410.847656	0.0558432
2412.001465	0.0829461
2414.393066	0.169155
2415.507080	0.143523
2416.332520	0.152944
2417.084717	0.151467
2418.085205	2.31516
2421.105225	0.137483
2423.153564	4.69938
2426.226318	0.100437
2428.972656	0.690656
2432.765381	0.224223
2436.570068	0.164636
2437.743164	0.336268
2438.889893	0.407666
2439.613281	0.0328171
2440.184326	0.478109
2441.381348	0.399074
2442.201172	0.040344
2443.192139	0.244744
2444.317627	0.166189
2444.906006	0.0120774
2446.131592	0.0180627
2447.463623	0.00207856
2448.150879	5.35321e-005
2449.255859	1.47183e-005
2450.007568	2.19497e-006
2451.045654	1.24995e-006
2452.350342	2.01662e-005
2453.165527	1.26179
2460.229980	0.156382
2461.904785	0.121493
2463.487549	0.100164
2465.385254	0.202
2466.972900	0.332913
2467.997070	0.287112
2468.750244	0.348887
2469.411621	0.0272664
2469.970459	0.0753538
2470.922363	0.33137
2471.990234	4.18143
2475.299561	4.13509
2476.652100	0.520603
2478.519043	0.813774
2481.384521	0.776516
2485.835449	0.387951
2487.618896	1.13787
2488.908447	0.930254
2489.751953	0.118138
2490.742920	0.572523
2491.825684	0.459462
2493.560547	0.20357
2494.495605	0.581229
2495.610596	1.11037
2496.547607	0.137608
2497.525391	0.163009
2498.847900	0.117276
2499.625000	0.0978245
2500.818848	0.0475405
2502.350342	1.91894
2506.783936	2.06203
2510.105225	5.9758
2531.312744	6.96991
2536.339355	3.20072
2539.142578	0.901574
2540.554688	0.876123
2542.194336	0.259952
2545.300537	1.37733
2546.159180	0.285667
2547.268311	7.23231
2552.327637	0.648022
2553.949219	8.32269
2558.250000	5.25105
2560.702637	1.77923
2562.761719	1.61891
2564.137939	0.377832
2566.169678	0.629047
2568.718750	0.0441917
2572.142822	2.79328
2582.353516	9.22718
2588.580811	4.11962
2590.057861	10.7357
2596.317383	7.60284
2598.760498	0.0274914
2599.711182	1.37908
2601.147217	2.33177
2602.867188	0.285526
2604.358643	0.581729
2605.132324	0.120593
2611.627441	12.2284
2621.699219	3.54664
2623.116455	6.33168
2629.149414	3.09549
2642.749756	7.65045
2644.136719	0.134699
2645.485352	5.5215
2656.169678	5.82785
2658.084473	6.09914
2664.953613	0.846293
2666.685059	4.54262
2674.530518	41.978
2675.393066	3.5244
2676.558350	4.26363
2678.407715	3.7294
2679.938965	24.3296
2689.406982	4.02111
2697.083984	9.21307
2698.072021	0.00567646
2699.106201	0.0513403
2700.318359	0.109685
2701.936035	0.756582
2703.281982	5.46027
2706.636475	3.49869
2708.275391	0.918614
2710.163574	1.04973
2712.496826	0.570821
2714.110107	0.431154
2715.173340	0.0451751
2716.046143	0.15497
2717.010254	0.238776
2720.922363	3.13163
2725.045410	1.77653
2728.654785	0.231081
2734.092773	0.384766
2737.358154	0.00477688
2738.785645	0.0723071
2742.674561	3.23111
2746.176758	0.0484116
2747.211426	0.149778
2748.267090	1.10469
2749.197021	1.11124
2751.316650	0.41174
2752.784668	0.379337
2754.409180	0.207937
2755.900146	0.206183
2757.863037	0.292432
2758.718994	0.201248
2759.489258	0.209099
2761.217041	0.241035
2762.047852	0.501297
2763.420410	0.0359042
2764.157959	0.111844
2765.446045	1.8837
2770.614746	0.457304
2772.086914	0.767626
2773.493408	0.35688
2775.611816	0.752184
2777.022217	0.687676
2778.000000	1.30286
2778.871094	0.258087
2780.091309	0.199723
2780.782471	0.12469
2781.931396	1.65832
2783.454346	2.29705
2785.264404	0.308076
2786.298340	0.501449
2787.981934	0.108883
2789.924316	0.297304
2791.412109	0.132439
2794.081299	6.78822
2803.522217	5.52144
2804.557373	1.85809
2806.471191	0.587685
2815.032471	4.39631
2818.770020	2.36085
2824.511963	9.94756
2827.940186	2.53282
2828.763916	2.22174
2833.866211	9.7801
2836.818604	1.15422
2839.062744	5.56441
2840.245850	1.33511
2841.460693	0.48584
2843.970459	0.200842
2845.424316	1.66843
2848.972412	12.1445
2852.268066	3.69359
2853.711182	1.21701
2855.833740	5.60523
2864.865723	1.38585
2866.000977	0.617683
2868.384277	3.14957
2872.105469	3.8763
2878.287598	3.58873
2881.730713	0.582118
2883.273193	5.24975
2886.853271	1.06216
2890.108887	0.408389
2892.691406	1.52814
2894.355225	1.27385
2895.034180	0.0783915
2896.142578	0.71088
2897.191895	0.333931
2901.047852	4.1472
2903.439941	0.019133
2907.107178	1.16047
2911.436768	0.0732068
2913.402832	0.0646046
2914.247314	0.044454
2915.268311	0.0212554
2916.526367	0.0112053
2917.387451	0.00126092
2920.211426	0.0449317
2921.613281	0.0999296
2922.547363	0.0814393
2923.636475	0.0373886
2924.777100	0.0398711
2925.470215	0.00612368
2926.389648	0.0451945
2927.316162	0.039579
2928.252197	0.0197847
2929.871094	0.528315
2935.817383	0.375694
2937.336914	0.116256
2938.224854	0.348468
2939.206543	0.379169
2940.030273	0.275687
2941.266602	0.11874
2942.200684	0.0356589
2944.875488	1.68685
2951.570801	0.705568
2953.107910	0.376025
2957.791748	6.83228
2962.793213	1.17273
2963.480713	0.0475824
2964.354980	0.677157
2966.586914	0.219515
2967.640869	0.0960251
2969.327393	0.181721
2970.479004	0.0109526
2971.066650	0.0327178
2972.687744	0.0148328
2973.618652	0.0240041
2977.987549	0.0235464
2997.784180	0.029621
3003.265869	0.586119
3009.556885	3.08038
3012.430176	0.28965
3013.293701	0.328764
3013.792969	0.0350538
3014.600586	0.103948
3015.413086	0.0355862
3017.750244	0.388663
3020.434814	2.39637
3029.186523	4.5885
3034.342773	12.1276
3037.076172	5.25636
3037.791260	0.186645
3038.860596	1.68539
3041.210449	1.29332
3044.996338	1.40648
3046.776611	0.287801
3048.132324	0.599065
3051.695557	0.710456
3056.563477	6.56223
3061.310547	3.0013
3062.443604	0.769922
3065.198730	0.726529
3068.492432	0.93264
3071.303467	0.430587
3073.008789	1.35114
3075.011475	2.99548
3077.326904	5.1642
3081.416748	7.2743
3085.069336	3.4356
3086.295654	0.119324
3088.241943	1.16517
3093.746094	0.205787
3096.089355	0.444382
3097.471191	0.252299
3099.359375	0.126696
3101.597168	2.70913
3104.115723	1.64889
3104.970459	0.104782
3105.845215	0.719414
3107.186279	0.0816279
3109.526367	1.13562
3111.217773	0.553946
3113.148682	0.286878
3114.730225	0.995245
3121.804199	0.21978
3123.083984	0.184175
3124.159424	0.073807
3125.264160	0.0715937
3126.374756	0.0834318
3127.499023	0.0553313
3128.450195	0.042897
3129.698975	0.0202252
3132.557617	0.335455
3135.050293	0.720237
3136.143066	0.175731
3137.677734	8.54653
3144.670898	10.3431
3145.938232	9.14756
3149.805908	0.0194675
3150.899902	0.136735
3152.037842	0.645153
3153.035645	0.759427
3153.939941	0.477231
3155.128906	0.415818
3158.353760	0.511535
3161.102051	0.364777
3163.230713	0.194275
3165.078857	0.178077
3166.616455	0.0929498
3168.879395	0.0134783
3170.062744	0.251398
3178.326904	0.361559
3181.183838	1.17562
3182.858154	0.673647
3183.971191	0.151213
3184.870605	0.247087
3186.285889	0.217272
3187.049805	0.0660629
3188.555908	0.288807
3190.725342	6.10475
3194.109375	2.41374
3194.871582	2.13774
3197.977539	1.74234
3199.312988	0.103707
3200.419922	0.0508571
3201.895752	2.50191
3216.082520	2.97063
3217.761963	0.329454
3219.054688	3.20556
3222.917236	4.9348
3226.606201	3.16273
3231.538330	0.176585
3235.506836	18.0925
3241.118408	2.16689
3242.403076	2.72884
3247.857910	2.49496
3249.882813	0.211933
3251.879395	0.157231
3253.455811	0.0658781
3254.788818	0.0284744
3255.620850	0.0106426
3256.894531	0.028909
3257.947021	0.0333398
3264.552246	1.24463
3266.267090	0.615291
3268.818848	1.95316
3270.354248	4.08384
3276.856934	1.119
3279.910889	0.378215
3281.689697	0.560771
3283.478760	0.148996
3287.748779	1.00719
3289.084473	0.032834
3292.685791	0.831583
3294.688721	0.688012
3295.967285	0.878313
3296.805420	0.27086
3298.104248	0.356488
3299.234375	0.1323
3300.965332	0.526514
3302.950195	1.34336
3305.426514	4.3218
3311.089600	8.69724
3313.786865	0.164221
3316.873291	0.424785
3318.434326	0.220681
3319.439453	0.108614
3320.701660	0.207495
3322.146484	0.239851
3323.208252	0.173171
3324.007813	0.365131
3325.045654	0.513416
3325.740479	0.2385
3327.331543	0.135678
3329.853516	3.41636
3335.983154	5.20817
3339.275146	0.969264
3340.443604	0.101047
3342.989258	2.32894
3345.088135	3.48908
3346.700928	1.3755
3348.722656	0.219277
3352.043213	0.9222
3358.798340	1.58159
3361.677490	7.7644
3367.078369	1.45591
3369.084961	18.389
3372.379883	0.850053
3382.984863	32.187
3386.459473	5.10102
3387.622803	4.04298
3389.895996	0.142325
3393.255859	1.69482
3399.720459	5.95413
3403.115479	0.425522
3405.314209	0.230863
3410.785156	1.95172
3416.154053	3.28276
3417.520508	0.035948
3418.954102	1.19857
3420.098389	9.01456
3425.900391	0.0519165
3428.092041	1.69223
3434.771729	2.44763
3439.636475	6.63036
3443.188477	4.08528
3444.417236	1.12356
3446.789307	0.850275
3450.092285	0.186217
3451.275146	2.06505
3455.661377	2.67023
3459.180908	0.387977
3461.133301	0.387015
3462.178223	0.280428
3463.546875	0.220967
3464.633545	0.295689
3465.462646	0.600291
3468.695801	0.272446
3469.746094	0.198214
3472.115479	0.0491468
3472.759033	0.0242165
3474.995605	1.23331
3476.848633	1.13419
3478.797852	0.27537
3480.808350	0.412264
3485.703125	0.981888
3487.629639	0.302105
3490.130371	0.203085
3491.500244	0.142403
3492.989746	2.95824
3496.614014	0.0538823
3499.863281	1.16145
3505.596436	3.25932
3507.480957	3.80658
3509.084229	1.85563
3511.666748	0.326513
3514.933838	2.57855
3520.477783	0.436945
3524.578369	0.39302
3527.224365	0.700658
3528.934814	0.629359
3530.096191	0.32698
3530.993408	0.261676
3532.400635	0.137205
3533.378906	0.109547
3537.544922	1.85799
3541.527344	0.537825
3542.482422	0.13435
3543.510498	0.111202
3544.965820	0.088957
3545.978760	0.0294212
3546.806152	0.014566
3548.990479	1.81222
3569.898926	3.61849
3572.134033	0.642038
3573.507568	0.44404
3574.245361	0.462992
3575.855225	1.13779
3577.376221	0.689054
3578.534180	0.677733
3579.799805	0.4717
3580.662109	0.705469
3581.716309	0.0317561
3582.598145	1.12417
3584.504395	8.84906
3590.823242	1.22774
3592.476318	4.73275
3595.672852	16.9544
3599.409424	2.72487
3602.951172	0.740467
3608.209717	5.02533
3612.681641	5.32891
3618.238770	1.68878
3619.246094	0.40889
3620.327637	2.49377
3622.079346	0.00474358
3622.568359	0.501486
3624.460205	1.31406
3626.731934	1.2699
3628.234375	0.529015
3629.281494	0.398944
3630.487305	0.667538
3631.766602	0.0754859
3632.800293	0.231828
3634.845215	1.87321
3638.513916	2.5797
3641.844482	0.150345
3643.617188	12.4027
3647.436523	0.0893329
3650.069580	5.27983
3652.782471	1.28361
3653.702881	1.19967
3654.581543	1.29254
3655.366699	0.059567
3656.074219	3.23044
3660.041016	10.9316
3662.531006	2.52295
3669.658203	1.00303
3674.296387	1.06405
3675.686035	4.65304
3681.730225	0.596476
3682.482178	0.693643
3683.889893	0.941131
3684.673584	0.0178274
3686.132813	0.339743
3689.164795	9.56318
3694.670166	11.433
3698.035645	1.15079
3698.863770	1.61233
3701.299561	0.118732
3702.823486	0.400713
3716.747559	2.3901
3720.370850	3.28103
3723.029053	2.64521
3724.790283	1.10991
3726.500488	1.26894
3729.044922	3.77716
3730.302734	1.18403
3733.269043	0.646207
3737.824951	0.709831
3742.642578	0.352481
3746.769531	0.020069
3749.514404	0.0945608
3750.609375	0.145198
3751.805420	0.183409
3752.936279	0.0238633
3754.146240	0.7091
3757.431152	0.290049
3761.167725	2.23616
3763.431396	0.820595
3766.604004	2.11412
3768.969971	3.82719
3771.217041	0.212006
3773.548828	1.81644
3777.692383	5.03447
3783.553467	0.01636
3784.596191	0.0294698
3786.178467	0.843797
3788.327393	4.89037
3789.932617	2.3058
3792.056152	0.426191
3796.115723	6.96705
3798.590088	0.617969
3807.771240	0.842164
3809.567871	0.340509
3810.572266	0.0510537
3811.861572	0.143956
3813.170166	0.0898652
3814.162598	0.256936
3818.566650	0.375573
3821.068848	1.69949
3822.754395	1.9435
3823.861816	0.21194
3824.941406	1.1033
3827.147461	1.26077
3829.182373	1.31054
3831.078857	0.459898
3832.801514	1.02164
3834.781494	1.32411
3836.627441	0.778012
3840.384766	0.946625
3842.780273	0.752669
3846.019775	5.01976
3849.938721	0.0144794
3853.774902	11.7282
3861.921143	4.80657
3864.659668	0.194711
3866.473633	1.73897
3870.352539	4.24623
3872.129639	15.7742
3880.071289	46.9865
3884.397949	0.74214
3886.270508	6.15756
3890.235840	1.78655
3892.258545	1.03948
3894.359375	1.11812
3896.020508	0.565562
3897.623291	0.190433
3898.749512	0.805365
3900.191162	0.398896
3902.143799	0.545213
3905.853027	1.798
3911.626953	4.57048
3913.533447	1.34541
3917.802246	12.4223
3927.802002	1.01912
3929.414551	6.49593
3931.212402	1.0916
3932.398438	0.0616502
3933.341797	0.138769
3937.443848	3.68897
3939.203857	2.1457
3942.264648	2.59738
3943.743652	7.52983
3948.685547	1.02267
3950.632080	1.39678
3951.985596	2.78736
3954.133301	0.675151
3956.426514	0.732956
3959.769531	1.4973
3961.929443	0.49146
3963.853027	0.274605
3964.998291	0.458293
3966.214355	1.49686
3968.669189	0.236165
3969.404541	0.564486
3971.531494	0.209441
3975.415527	3.99787
3978.373535	0.428353
3979.788086	0.496742
3980.987061	0.219892
3982.063232	0.25699
3983.313232	0.283867
3987.541504	1.62257
3989.487549	1.17064
3990.477539	0.0629301
3991.767334	0.526345
3993.339355	4.9717
4000.157715	17.7945
4004.305908	0.237967
4006.486816	0.249942
4007.979004	0.544405
4009.354980	0.261368
4010.326416	0.419126
4011.582520	0.298209
4012.591797	1.21558
4014.610596	0.674807
4017.196289	0.573349
4018.516846	0.941121
4020.696289	0.021309
4022.134033	0.938737
4024.521729	0.477103
4026.419922	0.441623
4027.858643	0.0754744
4028.608398	0.0208695
4030.289795	0.0295213
4031.774658	0.741925
4038.283691	0.944803
4040.984619	0.446256
4042.196289	0.958133
4043.145020	0.622536
4044.707031	0.510565
4046.045410	0.440198
4046.884033	0.856264
4048.537109	0.0456147
4049.473145	0.627364
4051.774902	5.1221
4053.336182	2.61848
4055.667480	3.11306
4057.487305	0.834643
4059.666260	0.436887
4062.155029	0.509717
4065.391602	1.46546
4068.494629	0.76878
4070.442627	0.57727
4072.450439	0.663613
4073.788086	0.269539
4074.635742	0.0961088
4076.306396	4.79722
4084.182617	3.199
4085.725098	9.59945
4091.190186	6.12641
4092.312256	2.50318
4094.809570	1.30515
4098.886719	8.05765
4101.799805	1.22487
4103.591309	2.216
4105.362305	0.223826
4106.812988	2.13595
4108.978516	1.57319
4110.807617	1.23997
4112.704102	0.326702
4114.537109	0.0444098
4116.764648	2.11415
4118.223145	0.223926
4120.769043	0.325247
4124.017090	2.63181
4126.544434	1.31353
4128.488281	0.913974
4130.464355	1.03823
4133.685059	0.127208
4135.540039	0.161409
4136.790527	0.486803
4137.911133	1.52268
4138.975098	4.99846
4142.636719	1.76299
4143.955078	0.529057
4144.830078	0.52923
4146.413574	0.425409
4147.599121	1.53247
4152.024414	0.4005
4154.741699	3.14407
4156.030273	3.03851
4163.151855	1.32708
4165.354980	1.99477
4168.333984	6.18913
4169.848145	1.24279
4171.997559	0.702384
4174.034180	0.0351065
4175.551270	0.0228214
4177.791016	0.234486
4179.582031	0.25349
4180.529785	0.0470811
4181.763184	0.151295
4183.187988	0.024777
4185.103027	3.81348
4187.696289	2.80577
4189.770020	1.0376
4191.803223	1.48905
4193.388184	0.447376
4194.440918	0.300118
4195.942871	0.170138
4197.039551	0.143208
4198.219727	0.187769
4199.305176	0.0926416
4200.416992	0.0831581
4201.949219	0.0440616
4202.920410	0.0246342
4203.956055	0.106139
4206.520020	0.806621
4209.013672	0.108657
4210.613770	0.257182
4212.178711	1.2229
4217.151855	0.706778
4218.418945	0.452684
4221.712402	1.40297
4223.813477	0.454714
4226.355957	2.69448
4227.969238	2.33483
4230.449707	2.70799
4231.219238	0.74379
4232.657227	1.19777
4235.402832	6.93825
4238.476563	5.63718
4242.457520	4.64572
4245.006348	0.964777
4247.249023	0.648129
4249.248047	5.36568
4258.321289	0.745357
4260.195801	0.915781
4262.821777	0.746801
4263.767578	0.926969
4265.433105	4.56988
4267.662598	0.451529
4274.890137	30.9191
4277.221680	65.3725
4293.137695	594.126
4300.555176	3.48594
4301.545410	5.16859
4307.655273	8.69523
4310.020996	7.79704
4321.274902	24.6089
4326.220215	18.8208
4333.173828	1.44992
4335.739746	23.8313
4343.485840	14.6602
4347.751465	6.09534
4352.074219	9.46784
4355.905762	0.931058
4356.864258	0.20086
4359.855469	0.434321
4361.431641	2.8215
4364.026855	2.57774
4366.150391	1.11035
4368.385254	1.16809
4370.107422	0.357238
4371.184570	1.97602
4374.072266	2.26147
4376.064941	1.12794
4379.007813	2.59913
4380.266113	5.15738
4383.922852	12.4584
4386.071777	0.015288
4388.113281	0.554896
4391.213867	0.310269
4392.055176	0.254618
4394.053223	2.61367
4398.925293	0.303601
4400.696777	0.340179
4406.334961	1.36845
4411.553711	2.14028
4416.754883	12.4117
4423.324219	2.80456
4424.682129	0.254058
4425.911133	0.0615495
4427.313477	0.0904953
4428.475586	0.120468
4429.976074	0.278273
4431.169434	0.218831
4432.078125	0.0403228
4433.503906	0.0998303
4434.576660	0.0587595
4435.603027	0.125225
4437.109863	0.252861
4442.004395	0.682787
4444.830078	3.37481
4447.270508	2.09705
4449.378906	1.10252
4451.555176	0.54841
4452.688477	0.0426938
4456.994629	0.168874
4462.318848	0.338431
4465.349121	0.847126
4467.389648	4.21691
4472.617676	5.3067
4475.970215	2.31918
4477.334961	5.50528
4481.874023	7.46012
4484.987305	0.510489
4486.439453	0.810497
4488.134766	1.47223
4490.049805	0.0959637
4491.491211	0.684479
4495.447266	5.30545
4499.096191	2.59652
4501.488770	1.02375
4503.301758	0.531495
4507.107910	1.20395
4513.830566	2.04556
4518.603027	0.314236
4520.756348	3.75387
4523.702148	7.53948
4525.739258	0.79558
4527.866211	0.934581
4529.623535	7.93566
4535.463379	23.871
4538.988770	7.03703
4551.131348	7.8771
4553.073242	16.5839
4557.707520	1.91343
4559.130859	0.20006
4559.978027	0.50507
4561.679688	0.447878
4565.828613	0.722175
4568.598145	2.90963
4569.636719	5.47037
4572.652344	2.57158
4574.031250	2.75852
4576.653320	0.397545
4577.541504	0.0103737
4578.721191	0.15538
4581.184570	0.253459
4582.445801	0.195739
4583.849121	0.08232
4585.238281	0.116208
4587.773438	6.53749
4595.300293	9.82018
4599.771484	0.93221
4601.938965	1.82479
4603.964355	0.903749
4607.078613	8.72476
4613.778809	5.74529
4615.464844	0.969758
4617.903320	7.83819
4619.685059	3.19804
4622.169434	0.478329
4623.304199	0.655264
4625.441406	7.60319
4627.722168	3.08752
4630.077637	3.31997
4631.623535	0.363255
4632.533203	1.82273
4635.142090	0.864908
4636.407715	1.3517
4638.598633	1.63628
4639.523438	6.0322
4643.507324	0.237437
4644.687500	0.444979
4645.842285	0.30744
4647.007324	1.49355
4649.637695	0.0770812
4654.368164	3.07698
4657.095703	6.13946
4659.226563	5.67101
4661.061035	3.93416
4662.890137	10.6732
4669.765137	3.35158
4670.708984	4.28748
4674.200195	0.376599
4675.275879	1.4387
4678.049805	0.126195
4679.046387	0.0268923
4681.036621	0.392832
4684.321777	0.263227
4686.847656	1.17959
4690.183594	4.38993
4692.395996	1.2994
4694.987305	8.03799
4696.098145	5.03843
4698.480469	7.97877
4700.009277	7.43637
4702.495117	20.8631
4710.881348	18.3337
4715.324219	39.8737
4719.891113	30.2288
4728.452637	0.152462
4731.405762	5.95703
4733.130371	0.111644
4734.317871	0.746073
4735.799805	0.726712
4736.888184	0.227077
4738.481934	3.84345
4744.458008	0.561749
4746.416992	0.100739
4749.925293	2.67335
4752.158691	0.907978
4753.178223	0.103588
4754.494141	0.528845
4756.053711	0.219206
4757.030273	0.194418
4759.419922	0.118143
4761.664063	2.65021
4764.329590	0.0968311
4765.983887	4.69428
4768.420898	1.89027
4770.562500	1.33841
4772.467773	0.224162
4774.063477	4.0197
4777.983887	27.3245
4779.632813	3.5757
4781.936523	22.6476
4791.787598	14.0074
4795.750977	1.89683
4797.373047	2.86051
4798.269043	3.90235
4801.660645	1.66553
4803.693848	3.00274
4805.900879	1.78339
4807.689941	0.226365
4810.620117	4.8211
4814.226074	0.211833
4815.441895	0.878357
4816.498535	0.50989
4817.934082	0.646969
4819.112793	0.43673
4820.509277	0.490645
4821.704590	0.233733
4823.110352	0.149424
4824.424316	0.0479498
4826.291016	0.21395
4829.010254	0.638842
4830.114258	0.282537
4831.853027	0.954489
4832.868164	0.110353
4834.078125	0.575486
4836.297363	0.38075
4837.767090	0.251608
4838.802734	0.224433
4839.985352	0.305462
4840.564453	0.304455
4841.968750	0.47284
4843.212891	0.347288
4844.739746	3.76164
4851.635254	6.16547
4853.177734	8.25539
4860.899902	11.3331
4865.829590	1.53021
4867.348145	6.97354
4870.671875	2.80254
4872.507813	1.78828
4874.497070	0.821645
4876.154297	1.27165
4878.601074	1.33268
4880.755371	0.280664
4883.020508	1.47143
4888.461914	1.93208
4892.720703	11.6328
4897.806152	9.87507
4900.938965	0.0733823
4901.650879	0.00388368
4902.738281	0.103429
4905.468262	1.88109
4910.911621	10.6253
4916.049805	4.06733
4918.132324	2.10701
4920.168945	0.88141
4922.518555	0.683381
4924.116211	0.319608
4925.838379	0.775342
4928.753906	3.36676
4930.119629	0.57206
4931.534668	10.9201
4937.851074	28.9439
4943.010254	20.5275
4944.749512	2.9355
4947.342773	2.26053
4948.888672	0.237674
4951.833008	1.06477
4954.252930	1.64922
4955.862793	2.71183
4958.438965	0.398271
4959.957031	0.425819
4968.047363	1.52669
4972.403809	0.28189
4974.043945	1.31513
4975.155273	0.735487
4978.500488	1.09478
4979.768555	2.35379
4982.238281	1.8559
4984.583984	1.75445
4986.163086	1.15806
4987.098633	0.553441
4988.642090	0.897125
4990.293457	3.95659
4994.546875	0.243097
4996.059082	2.14029
4997.784668	7.64063
5003.480957	0.908389
5005.305664	2.67104
5006.146484	0.528073
5008.360352	8.55834
5013.921387	0.403889
5019.299316	8.80918
5028.164063	1.87731
5029.808105	2.24179
5034.229492	0.386632
5035.755371	1.64247
5037.920410	0.382398
5040.572754	1.26096
5043.359863	0.733158
5045.535645	1.12969
5047.443848	0.165125
5048.674316	0.266381
5050.765625	1.80534
5054.867188	6.26014
5057.547852	3.41715
5059.813965	1.30779
5062.030762	0.943422
5063.824219	0.0650665
5067.170410	2.94104
5071.145508	0.317287
5073.210938	1.10812
5075.576660	0.334618
5077.825195	0.79528
5079.604492	0.837318
5082.701172	0.502344
5084.592773	2.08245
5085.778320	1.31057
5086.764160	6.77561
5089.589355	0.0502571
5090.603516	0.325106
5093.271484	4.83378
5094.664063	2.01306
5096.591309	1.69495
5099.688965	10.91
5104.198730	6.57101
5108.076660	0.861726
5110.061523	3.87612
5115.221191	0.912033
5117.747070	1.31
5120.687012	2.16984
5122.513184	1.25512
5123.574219	0.181878
5125.518555	20.4221
5139.676758	232.087
5145.893066	33.1374
5157.094727	759.737
5170.879883	29.9882
5176.061035	3.93895
5177.918457	3.51883
5180.139648	7.18674
5184.359863	7.26549
5186.833496	2.2046
5189.336426	2.85553
5191.662598	1.6896
5193.613281	11.8804
5201.501953	0.227837
5203.166016	3.83981
5204.736328	0.392318
5206.489258	0.0776154
5207.743164	0.910088
5209.266113	0.341051
5210.505859	0.153615
5211.556641	0.090886
5217.928711	4.43123
5219.853516	0.296522
5221.561523	1.1567
5224.871094	1.516
5227.639648	1.19728
5230.162598	2.92199
5232.509766	24.6755
5239.390137	36.7267
5244.870117	6.23774
5247.037598	1.67221
5248.206055	1.1064
5249.819336	2.72521
5252.360352	0.0584097
5254.190430	4.28212
5255.200684	8.8572
5259.332520	3.21425
5260.528809	0.109351
5261.662109	0.507605
5263.397461	1.8911
5266.294922	0.269108
5268.634277	1.9499
5271.267090	1.53175
5272.956543	0.771612
5274.363281	1.08311
5277.362305	1.52695
5279.186035	1.30793
5281.899902	0.417441
5283.307129	0.692337
5286.869629	0.561747
5288.998535	0.0393887
5290.251465	0.519123
5291.656250	1.31178
5293.249023	4.89803
5295.829590	0.686932
5297.718750	1.24397
5300.385742	0.0598515
5302.332031	0.189137
5303.249512	0.0554297
5305.104004	0.338816
5306.275391	0.426181
5307.742188	0.519399
5309.003906	0.143137
5310.487793	0.285279
5311.896973	0.759478
5314.867676	0.529824
5319.556641	7.94962
5321.394531	0.295205
5323.053223	0.0842694
5324.488770	0.194019
5327.187012	4.78672
5329.742676	0.8734
5333.327637	6.4088
5335.011719	3.1469
5338.110840	0.869509
5339.482422	0.416735
5341.226563	0.205003
5342.774414	4.69018
5347.516602	0.164413
5349.020020	0.454023
5350.977051	2.46995
5353.246582	4.95243
5362.108887	16.5236
5366.480469	4.29659
5368.130371	1.83098
5371.208984	2.66061
5374.730469	2.75352
5376.463867	1.74569
5380.605469	4.97177
5383.496094	1.31743
5385.278809	3.10847
5387.522949	0.0305139
5388.659180	0.0535812
5390.676270	0.855359
5392.781738	0.129796
5394.279785	0.166423
5395.355957	3.11952
5400.481445	7.77742
5404.847168	3.33624
5405.738281	0.3119
5407.158691	1.40126
5408.937500	0.259983
5410.221680	0.292351
5412.047852	0.953844
5414.095703	0.183279
5415.558594	1.31565
5416.986816	1.17659
5418.231445	7.93215
5425.213379	2.2628
5426.920898	2.06821
5427.991699	0.240071
5429.553711	0.126577
5430.809082	0.231417
5432.719727	0.136018
5434.410156	0.427261
5436.152832	0.612112
5437.948730	5.77335
5443.295410	0.425111
5444.692383	2.77791
5446.995605	7.30602
5448.850098	12.676
5455.166016	3.37521
5456.423828	3.49816
5457.472168	4.6082
5459.325684	1.55682
5460.365723	0.308584
5461.860840	1.15851
5465.814453	9.25459
5471.530273	0.338244
5473.146973	0.0170711
5474.553223	0.131021
5478.400391	1.57574
5479.593750	0.347537
5481.061523	2.57188
5487.195801	3.65959
5490.911133	0.0529946
5493.178223	6.28226
5499.065918	3.83572
5504.801270	7.9026
5507.747559	0.101413
5510.855957	3.33205
5513.536133	1.96919
5514.367676	0.12188
5516.142578	1.36289
5517.979492	6.99297
5522.611328	9.76207
5523.744629	1.18631
5525.137207	0.625773
5526.727051	3.1241
5528.162598	23.1868
5533.742188	28.2298
5535.117676	6.38635
5537.672363	4.8167
5541.030273	16.6378
5544.300781	0.23368
5546.224609	5.39739
5550.816895	1.24147
5552.416992	3.84452
5556.704590	2.26448
5558.704590	2.53787
5564.014648	0.678576
5565.791016	0.622524
5567.501465	4.25067
5573.849609	2.73731
5578.036621	39.7582
5584.808105	14.9457
5590.593750	14.1178
5592.151855	3.36775
5594.767578	2.51108
5597.678223	1.48655
5598.782715	0.628004
5600.467285	0.509248
5601.663574	0.247123
5603.112793	0.340337
5604.437988	0.418801
5606.951172	2.57367
5610.054199	2.15971
5612.352539	1.07901
5614.512695	4.11127
5618.003906	5.60789
5619.905762	1.2192
5622.146484	2.0292
5624.933594	5.50447
5626.817383	0.911808
5628.901855	0.801154
5630.532227	0.278397
5632.266602	6.35647
5635.305176	8.73523
5636.942871	6.21534
5639.937012	12.3934
5647.043945	19.2917
5651.729980	3.45839
5653.336426	0.745244
5654.658203	0.245753
5656.216797	0.617717
5657.595703	0.295227
5661.841797	3.31618
5663.879883	0.512036
5665.417969	1.48279
5666.384277	1.28142
5669.183105	1.95726
5671.676758	9.69928
5675.275391	4.23136
5677.682617	2.25002
5680.391113	1.25469
5684.879395	8.27391
5689.579590	0.249384
5693.041504	2.43205
5695.144043	13.9389
5698.829102	1.23169
5705.312988	2.64732
5707.608887	0.81174
5709.619629	1.24287
5712.036133	0.213127
5713.378906	0.0939934
5715.045898	0.18082
5716.397461	0.156808
5717.793457	0.345384
5720.654785	1.05801
5723.859863	1.31713
5725.867188	0.420109
5727.539551	0.0323469
5729.717285	2.09541
5731.289063	3.227
5732.786133	9.62284
5735.711426	6.519
5738.114746	4.92196
5740.065430	1.62368
5742.549316	2.20967
5743.812988	6.83074
5746.712402	0.276688
5748.192871	10.4225
5755.724609	21.2746
5761.800293	2.88433
5763.291992	7.43171
5770.451660	9.36139
5775.141113	11.7936
5777.354004	1.94534
5778.469238	7.43498
5783.402344	1.72719
5784.741211	34.3532
5796.205566	40.281
5799.745605	5.50605
5802.268066	17.2437
5808.037109	2.9455
5812.394043	35.2238
5819.591797	3.95713
5822.471680	9.2584
5827.585449	1.45405
5831.695313	0.726045
5833.855469	0.550729
5836.336426	0.182465
5839.693848	1.10133
5849.869629	0.817444
5853.081055	1.87165
5855.833984	2.74135
5858.152832	2.24719
5860.676270	3.43427
5867.327148	6.33416
5871.850586	2.54889
5873.277832	3.04257
5876.949219	6.36709
5884.883301	5.52036
5886.957520	10.5357
5894.831055	4.78032
5897.154785	14.4304
5899.150879	24.1319
5903.809570	0.489595
5909.545898	12.6184
5911.108398	0.969044
5914.945801	1.6452
5917.070801	0.825965
5918.521973	0.579279
5920.019043	0.474622
5923.080566	3.81508
5925.856934	6.82868
5931.991699	7.33672
5935.736328	0.442071
5938.589355	5.01931
5941.591797	2.47787
5942.807129	0.113242
5944.342773	0.995758
5946.129883	0.28845
5947.218750	1.02328
5952.633301	1.16444
5960.457520	2.61811
5963.619141	0.0799816
5965.399902	6.04556
5967.815430	0.792238
5970.083984	8.50156
5974.488770	5.69946
5977.322266	2.19946
5980.264160	4.10399
5982.198730	8.53721
5988.434082	8.0359
5994.887207	15.4094
5997.026855	3.21498
5998.643555	4.58705
6000.580566	43.5058
6009.449707	11.9971
6015.228027	4.31788
6016.621094	0.253699
6018.316895	0.191274
6019.984375	1.21232
6021.637207	0.902438
6022.947266	0.6714
6024.884277	0.371346
6028.004395	0.453801
6030.020020	13.9277
6037.014160	24.4979
6041.446777	2.37306
6044.345703	5.55251
6045.972168	2.7406
6050.452637	1.61269
6052.287109	5.23249
6060.292969	2.60451
6062.493652	15.5593
6066.754883	0.421265
6071.144531	11.437
6076.277344	6.08776
6078.712891	2.29333
6081.369629	3.25027
6084.458496	1.07758
6088.449219	17.5049
6092.533691	1.79301
6094.960449	2.90405
6100.571289	23.1382
6103.759766	37.4639
6113.897461	33.9974
6119.264160	18.9909
6126.950684	23.3065
6134.198242	15.1742
6139.816895	8.39614
6142.334473	0.57124
6145.332031	4.83508
6150.820801	3.46824
6156.000488	0.310051
6158.111816	3.10744
6162.918945	3.20494
6164.325684	0.167596
6166.513672	0.536729
6170.641602	1.52618
6171.965332	0.652385
6175.443848	2.34177
6178.166016	2.47627
6183.713379	0.431003
6186.036621	0.887471
6190.283203	4.13044
6192.252441	7.75254
6194.016602	20.7503
6198.149902	0.0400311
6203.600098	18.1283
6209.228516	12.4133
6213.792480	15.43
6219.412109	1.19737
6221.554199	2.83849
6222.437500	0.216504
6224.089844	2.38741
6229.350098	1.0519
6233.572754	3.02125
6237.137695	2.68246
6239.503418	1.02072
6242.617188	1.4274
6244.075195	0.262284
6248.513672	2.48443
6250.721680	1.92848
6253.161621	1.70559
6255.940918	1.36767
6260.473633	32.1297
6262.484863	25.8262
6271.945313	26.0041
6274.670410	1.40415
6276.591309	6.36697
6281.471191	8.1032
6293.375977	7.30564
6295.113770	1.05472
6299.976563	15.2373
6302.200684	24.5611
6308.803223	0.58106
6311.583984	2.88604
6313.188965	0.724872
6317.657715	3.40279
6321.176270	7.54375
6323.811523	3.36895
6326.215820	4.8935
6328.823730	1.80023
6331.068848	2.32947
6333.837891	0.0838543
6337.278809	0.575017
6341.272949	3.87809
6342.258789	0.904061
6344.205078	3.27129
6346.781250	0.913252
6349.538086	7.06651
6355.553711	8.78166
6359.892090	2.9607
6362.909668	10.7079
6370.654297	9.70546
6376.487793	14.4845
6380.308594	5.86109
6383.636719	7.53386
6385.252441	11.3821
6391.419922	5.06903
6394.626953	4.09719
6396.693848	1.5302
6397.965820	0.606887
6400.035156	51.2166
6410.624512	3.88046
6416.927246	7.33721
6419.365234	1.01986
6421.958984	0.761759
6424.516602	0.105572
6426.208496	0.207779
6429.153809	0.759267
6432.499512	0.845024
6435.839844	2.00511
6437.989746	1.34981
6439.336914	0.0162926
6440.353516	1.62165
6446.656738	3.28891
6449.340820	11.5544
6455.389648	2.76048
6459.010254	2.26666
6461.505371	2.9926
6464.261230	0.721846
6470.439941	38.7628
6472.662109	56.9708
6488.410645	613.784
6504.333008	1352.68
6516.766602	2.07293
6519.423828	12.9678
6521.654297	22.9601
6526.761230	1.78528
6529.538574	15.9512
6538.915039	12.199
6542.091309	5.06768
6543.620117	18.5475
6549.261230	7.08509
6554.013184	0.135315
6557.151367	1.39017
6559.158203	0.431247
6561.717773	3.19267
6563.671875	0.672839
6570.117676	21.9104
6574.402832	12.3309
6576.879395	2.43941
6579.839844	1.91702
6581.823242	0.510203
6583.405273	2.90842
6585.576172	1.28889
6587.150391	0.661079
6589.728516	33.8504
6602.752930	325.249
6608.007324	10.5684
6611.073730	6.81825
6619.925293	799.407
6632.443359	18.6113
6637.474121	0.576679
6642.658691	7.04693
6644.022461	0.120212
6645.445313	0.107191
6649.781738	1.60973
6652.006836	1.62486
6654.523438	2.98008
6657.267090	5.08478
6660.062500	6.93491
6663.088379	5.31126
6665.264160	16.187
6670.425293	1.59638
6673.618164	13.458
6680.690918	10.8388
6683.672363	4.35186
6685.905273	26.2804
6692.346191	11.4647
6697.430664	22.0176
6704.110840	10.1619
6708.037598	0.652013
6709.109375	0.94188
6712.370605	0.741819
6714.181152	0.48272
6717.635254	10.6905
6721.053223	3.87088
6723.122559	5.51738
6726.068848	1.40024
6729.104980	6.18469
6732.369141	41.9094
6737.291992	16.904
6739.654297	4.46598
6741.883789	3.51527
6745.094727	14.794
6746.963867	14.0787
6755.388672	42.4593
6763.316406	27.8102
6767.529785	0.991955
6769.043945	4.90404
6775.618652	18.3215
6780.916504	4.82958
6784.383789	4.84867
6786.323730	8.4192
6790.171875	5.18601
6791.975098	12.3551
6797.875977	14.623
6801.626465	1.23208
6803.920410	4.48646
6807.959473	11.8873
6812.726074	3.97431
6818.571777	18.1014
6822.171875	2.76052
6824.162598	2.91498
6827.452637	10.511
6830.397461	7.27605
6832.866699	3.45088
6834.489746	19.2367
6841.182129	3.6351
6843.648438	3.36848
6845.946289	0.556445
6849.348633	1.83941
6850.762695	3.69769
6853.620117	5.81232
6856.238770	3.81979
6859.183594	6.47845
6862.847168	5.44293
6864.380371	1.25485
6866.924805	1.67472
6868.857422	0.955938
6870.112793	9.10589
6875.282715	1.46455
6878.320801	9.63807
6880.783203	14.8519
6890.645020	21.3819
6893.119141	34.1516
6903.605469	20.128
6906.333008	51.0619
6921.165039	139.23
6923.752441	2.21106
6925.807129	16.9502
6929.009277	0.828059
6939.387207	852.36
6952.263184	7.66641
6956.564453	1.43193
6963.561523	46.7136
6969.784668	4.48871
6971.969238	13.6894
6979.950684	19.4274
6984.508301	4.23689
6986.699707	7.25763
6989.770996	17.1431
6994.201172	3.2751
6996.059570	11.289
7004.905762	25.3861
7009.164551	2.59327
7011.233887	3.74548
7014.448242	6.52762
7019.580566	33.6037
7027.702637	4.12676
7030.034180	0.0761762
7034.777832	34.4818
7038.744629	2.60406
7041.059570	3.13553
7043.753418	1.43562
7049.040039	12.1286
7051.052734	42.8512
7059.991699	37.0898
7063.093262	3.06761
7066.070801	3.04872
7068.686035	8.46136
7073.978027	0.536326
7078.573730	8.02748
7082.843750	0.772604
7084.873047	4.70669
7091.001953	1.71011
7093.589355	4.09921
7096.820801	12.8869
7098.675293	14.1624
7104.462402	0.481816
7109.283203	9.10091
7111.064941	4.44339
7119.109863	29.8689
7124.878418	22.357
7133.782715	20.6041
7141.789063	1.59552
7143.122559	0.607771
7145.387695	5.33113
7147.398926	1.28682
7149.083984	0.35411
7150.391113	1.19298
7152.273438	0.681536
7153.804688	0.701002
7155.926270	0.903919
7157.125977	0.200365
7158.853027	0.462321
7161.610352	0.602172
7164.949219	10.2473
7170.468262	0.334413
7171.723633	0.151181
7174.598633	3.11243
7180.457520	1.7533
7184.309570	2.06555
7186.786621	0.231518
7189.221191	2.24529
7191.472656	1.82999
7192.774902	0.351593
7194.379883	3.46771
7197.315430	4.46973
7199.429199	2.49512
7202.869629	1.36782
7205.212891	7.75675
7209.483398	2.28741
7211.208496	3.16768
7214.463867	3.90135
7216.968750	0.204834
7220.625488	4.36326
7225.552246	15.5996
7235.021484	14.3105
7236.970703	10.4062
7242.995117	12.4164
7248.080078	0.883558
7250.657227	1.82083
7252.356445	2.02773
7253.857422	4.11712
7257.632813	1.41297
7260.233398	4.16987
7267.771973	12.9742
7269.824219	3.24648
7272.814941	46.6711
7282.936035	3.69844
7285.653809	6.85992
7287.895020	1.54274
7292.132813	19.0893
7302.604004	47.8699
7307.789551	2.12184
7311.411621	2.89973
7313.631836	16.8876
7322.688965	2.06459
7325.637207	10.1366
7328.468262	1.43423
7331.854980	2.75341
7336.601074	11.5251
7342.803711	2.27015
7345.294922	2.00401
7348.194336	1.22509
7350.752930	2.4333
7355.781250	4.00508
7359.224609	7.46237
7361.684570	1.04267
7365.205566	2.96999
7367.267578	2.23628
7372.631348	21.6411
7376.216797	1.23049
7378.404297	5.20335
7380.705078	2.11801
7383.978516	3.26435
7386.781250	14.9816
7393.718262	0.603113
7395.692383	4.25356
7400.667969	5.96525
7406.356934	3.21417
7409.414551	2.057
7414.702148	47.516
7423.025391	7.05575
7431.426270	86.6463
7438.528809	2.5412
7440.738281	3.9511
7443.684082	1.91157
7447.090820	1.31661
7450.283691	0.322016
7453.040527	0.324566
7455.195801	0.14206
7461.757324	2.31169
7463.027832	0.0563544
7465.142578	1.84673
7469.000000	0.919689
7471.799316	0.617938
7474.486816	0.0898295
7476.146484	0.202863
7479.233887	0.123839
7483.104004	0.614321
7485.441895	0.719666
7490.756348	3.56992
7495.638672	2.60585
7503.897949	3.27064
7507.149414	16.1152
7513.121582	4.48525
7517.013184	6.81267
7518.936523	12.5877
7528.457520	21.8708
7533.735840	5.07507
7536.256836	5.02596
7538.913574	0.534237
7542.427734	7.44203
7547.190430	5.72011
7548.826660	4.65082
7552.766113	1.71757
7555.256836	1.5831
7561.928711	76.1921
7567.600586	1.38935
7572.901367	39.4632
7575.075684	13.4481
7581.295898	3.25745
7583.432129	0.730864
7586.386230	0.749942
7587.854980	0.386877
7589.370605	0.880193
7592.091797	2.64594
7595.537598	19.2371
7603.029785	15.1576
7604.793945	8.45627
7608.162109	2.80816
7610.572754	2.85663
7613.339844	2.87997
7615.921387	0.358377
7616.983887	1.77128
7619.770996	0.239851
7621.041992	0.233859
7624.082031	13.8194
7630.008301	15.2294
7633.689941	3.33219
7636.013184	2.87501
7642.121094	51.7035
7645.064453	166.253
7656.101074	28.5333
7661.217285	0.572909
7664.086914	1.13606
7667.356445	2.39659
7670.528809	2.62239
7673.274902	7.78075
7676.627441	19.0045
7686.908203	46.6143
7695.851563	29.0397
7699.208008	0.791466
7701.955078	7.14878
7704.686035	1.16282
7710.655273	14.4824
7712.597168	1.73497
7715.652344	0.811588
7718.526855	38.0942
7732.852051	29.9945
7735.621582	0.393566
7738.281250	3.92161
7742.625000	11.314
7748.869141	12.5826
7755.626953	3.41909
7757.696289	0.286444
7760.811035	1.00346
7762.720215	0.282673
7765.124512	2.36894
7766.392578	2.06306
7769.900879	2.79649
7772.802246	2.73309
7775.675293	6.49719
7781.216309	2.12913
7783.700684	4.18016
7787.340332	4.31505
7791.054199	4.83074
7793.389648	2.01988
7796.733398	1.1002
7798.494141	0.233504
7804.297363	11.8553
7808.130859	0.469484
7811.264648	24.8352
7819.491699	36.3285
7822.727051	1.83611
7825.211426	1.82988
7827.474121	0.99761
7830.142090	2.73727
7835.381348	24.3913
7837.209473	4.145
7841.770508	38.1303
7848.039551	6.09368
7851.370605	4.7469
7856.846680	2.57606
7858.884277	3.15861
7861.184082	3.46667
7863.877930	5.0269
7866.417480	2.34169
7868.844238	1.72542
7871.440918	0.790623
7874.093262	4.16236
7878.791504	5.38243
7883.352539	8.66938
7891.864746	11.2558
7895.809570	7.30765
7903.285645	17.5599
7910.242188	10.0188
7911.890625	5.88875
7917.229980	13.3783
7922.619141	4.74098
7925.507324	42.9724
7939.050781	67.0233
7942.245117	1.51924
7945.068359	4.55785
7947.193359	3.75118
7949.576172	0.194569
7950.736328	3.76219
7952.796875	3.13389
7960.159668	253.813
7975.112305	85.11
7981.149414	20.5058
7990.937988	46.4375
7998.623535	8.68142
8001.377930	2.84419
8008.681641	148.985
8022.734375	213.505
8024.476563	139.642
8031.479980	51.9897
8042.649414	0.494751
8046.610352	21.1924
8048.437988	47.7727
8058.590820	3.31555
8061.620605	4.34411
8064.333008	7.9133
8069.445313	0.127547
8071.471191	5.47709
8073.630371	1.49352
8074.588379	0.82196
8076.533203	3.28501
8080.807617	26.5851
8092.245117	44.3606
8095.119141	11.8688
8097.481934	9.94392
8100.456543	2.31716
8103.954102	8.51867
8105.938477	2.76384
8110.518555	2.92789
8114.288574	3.86924
8116.950195	5.81288
8118.354004	2.96771
8123.294922	24.8713
8124.904297	21.2846
8131.388184	29.9894
8135.532227	28.6741
8137.740234	11.8629
8142.006348	72.4218
8149.056641	2.19603
8154.172852	36.477
8164.560547	10.1963
8169.815918	0.0392095
8178.012695	28.1683
8187.351563	22.5602
8191.234375	0.720104
8193.781250	15.8477
8199.102539	4.72068
8202.095703	4.70518
8204.342773	5.65557
8206.621094	6.96064
8210.916992	18.461
8213.029297	5.39492
8216.383789	4.80506
8220.285156	0.247212
8222.239258	0.395521
8225.764648	4.59409
8228.778320	41.0134
8239.572266	34.5344
8244.476563	1.08466
8249.869141	27.0318
8252.975586	13.1931
8255.392578	3.68755
8258.096680	28.3848
8270.284180	29.7141
8274.106445	1.14039
8276.402344	1.73756
8279.442383	3.84067
8283.501953	7.60341
8286.031250	1.92833
8288.949219	4.5309
8295.030273	16.8823
8300.564453	0.915091
8303.447266	2.07165
8305.428711	0.208733
8307.219727	0.388374
8310.527344	8.52074
8317.462891	10.8336
8319.142578	3.50712
8326.104492	8.00646
8332.682617	17.4663
8337.414063	3.76927
8339.083008	0.315759
8340.149414	2.28777
8342.478516	0.311979
8348.274414	15.5656
8351.308594	0.653616
8354.214844	3.45569
8357.205078	3.94395
8358.727539	6.48646
8362.287109	1.03282
8364.794922	7.39001
8369.576172	3.32341
8372.291992	4.75982
8375.051758	1.77791
8376.820313	0.954318
8378.633789	0.149598
8379.928711	2.0937
8383.324219	7.53502
8390.231445	14.5466
8397.640625	25.0632
8408.607422	39.5085
8416.648438	28.1635
8420.834961	1.08575
8425.986328	21.2107
8437.661133	32.8833
8445.836914	24.9657
8451.369141	4.84716
8454.360352	4.39449
8456.444336	1.54511
8460.368164	19.3721
8469.595703	43.7772
8474.893555	11.612
8479.704102	10.1594
8481.863281	6.07715
8486.198242	4.90528
8487.730469	2.20016
8490.140625	1.34135
8492.708008	4.38173
8493.978516	0.177512
8496.524414	2.09177
8498.941406	17.6542
8505.590820	14.9845
8508.789063	1.9717
8510.753906	0.604731
8513.410156	8.34782
8515.930664	10.2412
8522.254883	0.173846
8526.457031	23.6859
8537.783203	40.7304
8546.643555	12.2858
8548.803711	5.23029
8551.583984	5.78458
8555.143555	2.37463
8565.948242	215.136
8582.142578	242.151
8585.669922	84.6384
8591.386719	30.6184
8596.696289	0.131772
8599.962891	5.29048
8602.359375	12.5767
8608.362305	5.23462
8611.945313	2.47884
8615.563477	3.92438
8618.237305	1.49747
8623.505859	19.1126
8627.561523	3.07124
8630.750000	0.77376
8633.405273	15.3624
8643.035156	23.3581
8645.666992	6.68022
8653.705078	5.53121
8660.143555	2.87541
8665.893555	46.5582
8674.638672	5.03434
8681.008789	48.8391
8685.205078	4.3654
8688.379883	0.813406
8690.842773	6.44566
8692.982422	29.5587
8699.091797	22.1793
8703.854492	2.58596
8705.888672	11.9831
8710.452148	0.7917
8712.756836	1.99074
8719.931641	6.21792
8722.789063	5.36195
8725.309570	21.7892
8732.976563	31.2253
8738.641602	29.4248
8744.233398	6.99035
8750.818359	0.10593
8754.770508	8.64047
8763.322266	46.64
8775.392578	33.9556
8781.696289	0.505524
8784.579102	4.14042
8786.723633	2.24317
8789.604492	1.27495
8791.244141	0.792745
8793.560547	9.8966
8799.230469	4.54316
8801.461914	7.22029
8805.067383	3.04062
8808.321289	16.0956
8814.051758	10.5948
8816.459961	6.11235
8823.437500	37.791
8829.149414	10.6604
8831.741211	2.26981
8835.288086	2.54736
8838.364258	0.910456
8842.424805	11.3654
8844.498047	9.76858
8849.522461	4.2757
8852.914063	8.80718
8860.230469	39.5176
8867.061523	49.3281
8877.474609	67.034
8887.430664	48.2166
8893.505859	1.91883
8896.615234	19.6372
8904.646484	8.46797
8909.888672	4.96447
8918.112305	6.93647
8920.665039	2.14899
8924.939453	18.0149
8927.552734	3.77272
8932.179688	22.9931
8941.541016	140.271
8945.451172	89.4695
8961.191406	577.756
8975.298828	66.3166
8979.644531	1.98683
8982.551758	3.59359
8985.601563	22.7303
8991.654297	8.8248
8997.257813	5.63812
9000.875000	4.17489
9004.830078	18.4767
9013.870117	6.85473
9016.177734	2.83312
9019.761719	5.56181
9025.219727	16.1227
9030.410156	1.00223
9038.337891	8.80616
9040.924805	11.4982
9052.186523	44.0177
9054.983398	22.3313
9063.182617	2.21115
9066.513672	5.23065
9068.915039	4.08004
9074.985352	16.0351
9078.347656	2.34037
9081.227539	3.07434
9085.155273	0.503021
9088.306641	0.673219
9090.160156	0.636775
9092.701172	2.0924
9096.131836	1.1034
9098.615234	6.39196
9104.783203	9.76636
9107.566406	2.67992
9109.329102	25.3622
9115.386719	5.3344
9119.308594	5.86056
9122.599609	2.56043
9126.851563	2.80805
9131.060547	2.29867
9134.062500	3.90795
9137.541992	2.92226
9140.174805	26.2223
9146.813477	0.619093
9150.540039	1.2982
9152.546875	0.403917
9155.662109	1.00482
9158.539063	1.99191
9161.680664	2.89134
9163.804688	9.98431
9170.824219	1.82909
9172.978516	15.0663
9184.351563	12.1245
9190.234375	19.3214
9193.544922	0.533447
9195.121094	1.92781
9199.037109	22.2771
9207.010742	0.139306
9213.435547	5.37405
9218.102539	26.7738
9227.879883	9.01849
9229.550781	1.03962
9233.445313	2.50189
9243.947266	8.79436
9248.670898	5.19334
9250.905273	2.83844
9257.605469	1.7589
9259.200195	0.374362
9260.910156	0.411505
9262.584961	0.179239
9264.705078	0.253409
9267.416992	0.454921
9269.981445	1.12437
9271.671875	0.338058
9273.674805	0.863441
9275.836914	1.317
9278.166016	2.31489
9283.068359	15.282
9289.325195	2.47383
9292.922852	3.60355
9298.895508	5.12993
9305.140625	11.8126
9310.784180	5.70037
9313.504883	0.439742
9315.963867	2.65605
9318.208984	4.3859
9322.681641	5.18684
9326.224609	1.08184
9328.101563	0.400171
9329.731445	0.389025
9331.785156	12.2562
9337.340820	1.34822
9340.550781	1.30247
9343.695313	2.12705
9346.352539	4.03704
9355.838867	21.9631
9365.502930	36.9212
9370.928711	3.34501
9377.620117	17.8332
9382.963867	0.48019
9386.154297	5.56757
9390.159180	6.11353
9392.259766	9.95083
9398.652344	55.9923
9406.873047	1.0353
9410.208008	19.3395
9416.965820	6.61139
9419.708008	1.67598
9423.204102	0.988618
9426.299805	0.860632
9430.503906	0.194739
9434.620117	3.7901
9438.483398	3.9962
9440.914063	5.09295
9447.999023	17.2285
9453.047852	0.530795
9454.947266	0.561078
9456.598633	0.599656
9458.383789	1.72134
9462.154297	0.111176
9464.933594	7.83851
9473.044922	3.52359
9475.147461	0.175492
9480.283203	4.66728
9482.600586	0.313628
9486.093750	1.2763
9487.931641	3.93692
9493.091797	2.34009
9495.740234	1.1592
9497.217773	0.285857
9499.757813	9.27266
9504.371094	0.997882
9507.041992	9.50387
9513.838867	2.99069
9516.909180	2.06807
9519.075195	0.0932821
9520.274414	0.710852
9522.900391	0.248419
9524.814453	0.0300726
9527.139648	0.33847
9529.711914	1.56724
9531.988281	1.63087
9533.695313	0.180317
9535.755859	0.256832
9538.832031	4.19354
9542.085938	2.57559
9544.175781	1.25096
9545.776367	4.69976
9553.757813	8.94519
9562.725586	28.3796
9571.976563	17.5443
9581.128906	14.9643
9588.064453	6.97386
9592.910156	5.59197
9595.993164	1.23568
9598.934570	0.787125
9603.270508	6.36753
9609.043945	14.9228
9611.561523	5.1428
9614.843750	3.87259
9617.806641	3.44575
9626.086914	10.9281
9628.796875	3.09772
9632.434570	1.05107
9636.301758	6.69627
9641.682617	4.0437
9645.559570	3.8339
9647.594727	4.81591
9651.035156	0.762513
9653.834961	1.86686
9656.708984	9.93419
9663.362305	9.15015
9667.788086	2.44953
9669.629883	0.351734
9670.977539	1.5806
9673.518555	0.846871
9676.541992	0.170411
9679.321289	5.66545
9685.751953	3.9128
9688.523438	1.75782
9691.210938	3.76803
9693.214844	2.94494
9696.925781	0.818525
9699.241211	1.53053
9700.686523	0.392035
9702.501953	0.783494
9707.081055	0.664057
9709.570313	4.2766
9716.058594	11.2996
9720.954102	8.32507
9723.655273	3.13053
9727.389648	16.4591
9734.751953	0.0894101
9736.792969	1.25588
9739.171875	2.38089
9741.090820	0.417148
9742.633789	2.79286
9746.560547	11.5562
9748.867188	2.16369
9752.972656	4.10625
9758.319336	0.356186
9759.796875	2.71296
9762.747070	8.46571
9769.525391	36.1306
9778.767578	15.4268
9784.808594	2.52988
9787.635742	0.692149
9789.907227	0.106344
9791.853516	0.398896
9794.676758	1.01789
9797.011719	6.99235
9801.935547	3.49214
9804.871094	1.86947
9808.994141	3.17315
9811.664063	26.074
9819.169922	7.01058
9823.172852	19.9114
9824.911133	31.9399
9833.443359	5.65996
9837.257813	1.64557
9840.212891	2.2808
9843.826172	0.400724
9847.170898	12.5165
9861.069336	57.0647
9871.508789	12.5528
9876.947266	8.5948
9880.213867	1.08057
9883.208984	3.10873
9886.114258	0.927356
9889.281250	3.0025
9897.699219	8.62709
9903.374023	0.799555
9905.208008	0.191149
9907.718750	2.24654
9913.397461	1.26521
9915.033203	2.09745
9918.257813	3.68038
9921.228516	1.32143
9923.833008	1.61953
9928.724609	6.2522
9933.030273	9.55016
9936.139648	8.1579
9938.749023	4.72839
9942.690430	1.87341
9945.886719	22.6835
9964.996094	13.6814
9972.571289	12.0622
9979.254883	2.88783
9980.938477	7.20082
9986.625977	3.27901
9992.811523	13.749
9999.120117	0.973627
10002.034180	1.22211
10004.866211	7.25117
10013.259766	6.99862
10017.236328	0.400572
10023.208984	12.2235
10029.597656	9.06474
10035.034180	4.93018
10041.881836	5.95456
10043.656250	3.77359
10052.187500	38.5499
10058.585938	0.952986
10063.100586	10.0577
10066.633789	5.28716
10069.293945	26.7437
10080.161133	19.012
10082.504883	2.01686
10084.099609	5.18732
10087.472656	14.737
10096.886719	12.3431
10101.465820	1.61189
10103.987305	4.06948
10105.757813	6.09184
10109.776367	0.453826
10111.953125	1.46812
10115.385742	0.302387
10117.399414	1.59154
10120.965820	6.6654
10123.089844	5.42032
10126.299805	0.0203659
10127.660156	0.121721
10130.150391	0.885128
10132.876953	0.177477
10134.428711	0.0436019
10136.718750	4.19488
10141.012695	1.34775
10144.049805	0.954132
10147.421875	0.928334
10151.500000	1.64497
10155.565430	1.63163
10159.541016	8.2808
10167.836914	2.77257
10169.960938	3.07998
10175.060547	2.17795
10179.107422	9.14079
10186.058594	5.27118
10189.261719	0.728543
10195.161133	26.5917
10203.000000	15.729
10205.825195	1.41061
10210.722656	6.1271
10213.448242	0.793248
10217.627930	2.08458
10219.058594	5.31548
10225.381836	14.38
10232.085938	9.35555
10240.425781	8.31992
10243.203125	0.303273
10246.797852	2.63332
10253.888672	11.7631
10259.802734	6.48387
10262.209961	1.28375
10267.404297	2.62163
10270.615234	2.91627
10276.560547	11.6767
10283.153320	0.590346
10294.758789	38.187
10309.489258	5.24534
10316.009766	3.79195
10321.256836	1.03953
10324.030273	2.44027
10325.834961	3.16504
10327.646484	7.95661
