TITLE "<<201105_CED_CKF_J23_PM_9649_RM7807_ThermoSIN_MSMS1kVPos_Sen_MetON_AlkTrx_XCal_TIS_80Da_10K_6500hv>> 4700 MS/MS Precursor 9649 Spec #1=>AdvBC(32,0.5,0.0)=>NR(2.00)=>SM31=>CT[BP = 2675.4, 2666]" CENTROID
TYPE MASSSPEC
9.963544	3.54198e-005
10.011518	3.24826
10.160668	2.38512e-006
10.260606	4.3872e-007
10.323690	2.83955e-007
10.381111	3.69058e-007
10.446163	3.68937e-007
10.506389	3.12196e-007
10.551672	1.98671e-007
10.584438	1.70289e-007
10.617255	1.9867e-007
10.685575	5.6763e-007
10.741405	5.6763e-008
10.754114	8.51445e-008
10.774465	1.41907e-007
10.802477	1.70289e-007
10.822873	5.6763e-008
10.835630	8.51445e-008
10.856057	1.41907e-007
10.891851	2.55433e-007
10.932831	1.9867e-007
10.973886	2.55433e-007
11.015020	1.9867e-007
11.056231	2.55433e-007
11.097518	1.9867e-007
11.138883	2.55433e-007
11.180325	1.9867e-007
11.221843	2.55433e-007
11.263438	1.9867e-007
11.320758	8.51445e-008
11.297292	1.70289e-007
11.341638	1.41907e-007
11.359923	5.6763e-008
11.370378	5.6763e-008
11.380838	5.6763e-008
11.391304	5.6763e-008
11.401773	5.6763e-008
11.425349	1.9867e-007
11.451571	8.51445e-008
11.464694	5.6763e-008
11.475198	5.6763e-008
11.485706	5.6763e-008
11.496220	5.6763e-008
11.506738	5.6763e-008
11.517261	5.6763e-008
11.527788	5.6763e-008
11.538321	5.6763e-008
11.548858	5.6763e-008
11.559401	5.6763e-008
11.569947	5.6763e-008
11.583138	8.51445e-008
11.697438	0.0233542
11.940078	0.0102467
12.023363	0.836222
12.151008	0.661151
12.256053	0.0778853
12.283464	0.0638618
12.377716	0.170828
12.474375	0.0135777
12.551593	0.00101389
12.730179	0.0483803
13.453485	0.792823
13.900087	0.0577643
14.030585	0.795429
14.139689	0.925732
14.235719	0.0364295
14.281039	0.146293
14.373329	0.0686278
14.619844	0.662821
15.018012	0.101531
15.351532	0.00512089
16.020283	2.63234
20.374958	1.96551
20.854271	0.12278
20.940010	0.720017
21.028189	0.550924
21.076397	0.00235991
21.128763	0.0170724
21.217695	0.117038
21.281996	0.0424058
21.323072	0.0061649
21.432463	0.00450411
21.739607	0.138336
22.403690	0.0943683
22.603289	0.842663
22.682703	0.482065
23.366451	1.36086
23.806620	0.0519834
24.057211	0.196304
24.195747	0.0978408
24.271063	0.0535339
24.365309	0.0591829
24.474068	0.0303706
24.554909	0.0544144
24.615297	0.0411683
24.650700	0.000682883
24.692633	0.000184627
24.757835	0.00876465
24.830814	0.00700743
24.873383	0.00135873
24.963366	0.0169136
25.721773	0.0213657
25.866163	0.0500701
25.952698	0.0353751
26.045687	0.01081
26.155458	0.0125886
26.293806	0.0771339
26.557076	0.287113
26.714808	0.18662
26.882435	0.0703215
27.012617	0.0449135
27.602907	0.758613
27.727886	0.384289
27.820557	0.170939
27.898155	0.181654
28.027657	0.518188
28.201023	0.023774
28.319675	0.061524
28.477423	4.3538
29.060099	2.65479
29.383867	0.545453
29.910566	6.56959
30.447189	7.12594
33.890469	38.4124
39.957897	0.178055
40.223442	0.27107
40.360764	0.032761
40.655819	0.726545
43.806461	0.648858
44.299503	0.711476
44.512562	0.371113
44.745323	0.166315
44.936481	0.0888429
45.087887	0.00633821
48.918762	1.3804
49.813053	1.10562
50.262287	0.0778058
50.490974	3.02278
51.110558	0.25993
51.254173	0.0563765
51.457413	0.200173
51.563271	0.262658
51.691349	1.24955
51.986870	0.507159
52.122528	1.60404
52.308586	1.00258
52.571934	0.294791
52.815067	0.380471
52.969410	0.0204252
54.831272	5.61133
58.381256	16.4291
58.896130	0.619755
59.136425	0.27189
59.383087	1.03741
59.792675	14.3437
61.199558	0.194771
61.343403	0.0839022
61.466164	0.0475394
61.667458	0.023525
61.811436	0.27638
62.545464	7.19511
63.854534	115.305
64.033028	64.7078
64.214409	39.8113
64.454674	50.8361
64.641441	3.88953
64.781578	21.5369
64.957733	3.39627
65.075287	26.6945
65.252998	8.6046
65.439499	12.0197
65.543076	1.18171
65.653152	51.6299
66.026764	3.6612
66.287560	15.7893
66.518204	8.88481
66.708855	1.48194
66.843918	2.57666
67.098526	12.0804
67.433243	2.03569
67.809410	27.7663
68.396637	23.9123
69.031479	11.2252
69.439178	0.0921742
69.610863	0.658116
69.982918	8.31769
70.664337	15.7348
71.328918	20.2986
71.892525	10.8854
72.352768	0.270819
72.833786	16.1151
73.546371	10.7158
74.227226	10.3211
74.897507	4.09538
75.636993	0.800956
76.598503	1.35832
77.368683	5.13147
78.426720	2.83071
78.728706	4.03508
79.060776	27.6479
80.364349	19.9916
81.099182	12.7843
82.007439	2.04033
82.267876	1.4689
82.559418	1.07653
82.953758	1.99229
83.217072	1.49429
83.489822	1.02367
84.157188	22.2257
84.789154	9.85572
85.073586	2.41746
85.427345	1.60841
85.675140	2.26324
85.988686	0.457758
86.203056	1.52319
86.476929	0.0604719
86.740013	2.46944
87.893761	1.26595
88.238785	1.87686
88.549400	0.194171
88.897377	0.660312
90.086205	0.223853
90.686806	0.770638
91.742897	0.311261
92.193893	0.240087
92.569679	0.399101
92.856224	0.149425
93.201630	0.62404
93.629707	2.22802
94.209221	0.271369
94.706856	5.48645
95.097389	0.052812
95.496597	0.612645
95.717346	1.4821
96.036369	1.35005
96.314568	12.3213
97.380676	24.054
98.080544	3.56713
98.425049	8.25037
98.727715	1.57188
99.036736	0.665864
99.216843	1.19536
99.356384	2.59812
99.631096	7.4492
99.953163	1.66561
100.304749	8.68329
100.860321	28.7005
102.113762	7.88471
102.324562	5.67108
102.971901	0.624145
103.295776	3.39726
103.966522	1.56926
104.318573	2.25363
104.921593	0.723616
105.172050	1.12965
106.100410	1.24508
106.484467	1.36596
106.758751	0.735038
107.380814	1.02251
107.776276	2.28132
108.170761	2.78266
108.374214	0.0210616
108.508904	0.589919
109.077682	6.47142
110.824089	14.1832
110.986694	16.0392
112.330017	6.3584
113.337234	2.10398
113.620850	0.382977
113.959381	0.171716
114.290222	0.0487207
114.619530	0.573379
115.147827	2.13304
115.341248	0.602403
115.769852	0.873224
116.085785	1.66746
116.355896	5.56745
116.959763	2.33929
117.195908	1.29068
117.557014	1.02751
117.920639	0.848807
118.517006	0.132736
119.629723	0.609579
120.292175	0.529446
120.781815	0.859132
121.059532	0.265506
121.502930	0.391382
122.024323	0.183056
122.270287	0.02219
122.441872	0.655579
122.808975	1.4139
123.101822	0.288051
123.705811	0.996742
124.030205	0.0271293
124.293579	0.10666
124.476044	0.11421
124.935234	0.802598
125.216003	3.92653
126.171272	3.44528
126.530853	0.373668
126.913071	13.255
128.082458	3.05844
128.301666	1.57814
128.693314	0.14692
128.895065	0.0519788
129.004715	0.107734
129.363159	0.0896885
129.604538	0.112946
130.001984	2.5766
130.510452	0.097661
130.798294	0.0214047
131.203400	8.22061
132.299728	11.64
132.606613	3.52223
132.996033	5.44292
133.699234	25.0225
134.162537	0.495314
134.478104	0.155174
135.022385	3.40717
136.093994	1.48435
136.962845	19.0486
137.787003	9.81942
139.011978	0.844095
139.393631	0.516574
139.543076	0.16253
139.798065	0.484889
140.178726	0.361223
140.471100	1.36901
140.956894	1.37027
141.234802	0.0202533
141.349060	0.181968
141.738419	0.133436
141.994064	0.0335571
142.929916	0.513561
143.359543	1.60066
143.797791	0.825248
144.176605	3.42405
144.887802	2.20492
145.137848	0.897107
145.645035	1.4099
145.915543	2.96995
146.780548	4.89016
147.067123	0.368689
147.485260	2.28058
148.142029	0.140478
148.393372	0.374979
148.775833	1.02761
150.165359	0.666362
150.613220	0.551288
151.056900	0.966046
151.448776	1.3973
151.787201	0.372914
152.119827	0.562195
152.430420	0.450033
152.821381	0.0780834
153.580399	0.406057
154.040695	7.18561
155.145813	19.2457
155.967087	8.53361
156.224167	2.4305
156.553986	0.0298829
156.693649	0.640157
156.963699	0.896614
158.192276	0.716217
158.691879	0.0277662
159.004715	0.0402392
160.296021	2.34682
160.965149	3.6832
161.969803	5.68526
162.904724	3.36826
163.628098	0.899691
164.371979	1.29282
164.770996	1.76682
165.224136	0.776645
165.512207	0.781611
165.849518	2.8878
166.278015	0.247245
166.514511	3.37235
168.681915	1.86102
168.998016	0.0972366
169.491913	1.13627
169.901764	1.02304
170.319534	0.343042
170.632889	0.0594283
170.779175	0.0150168
171.198105	0.15362
171.839050	0.498261
172.203461	1.60554
172.564972	2.41656
173.433594	1.1996
174.076355	0.518288
174.530701	14.0658
175.996246	8.15894
177.489182	6.86526
178.742416	0.30949
179.069382	1.09201
179.318695	1.43144
179.508133	4.51505
180.486038	6.387
181.125595	0.979001
181.256683	0.162074
181.533585	0.816561
182.016144	0.0335308
182.404053	2.31769
183.337509	2.20376
183.930740	0.328049
184.840103	5.15991
185.997925	3.61371
186.542511	0.0370034
186.801819	0.0653219
187.116592	0.154233
187.514099	1.41989
188.524811	0.518476
188.958954	1.5771
189.342804	0.519805
189.742615	6.1613
191.274063	14.3934
192.170883	0.945961
192.440063	0.254428
192.719894	0.322414
192.894974	1.12198
193.268036	0.955173
193.743530	0.418948
194.138947	1.51523
198.023468	4.81367
202.490677	1.55872
203.935242	4.41841
205.281235	1.16032
205.672974	5.6423
206.088028	1.22675
206.413605	0.267714
206.595428	0.0908479
206.824875	0.267522
207.197235	0.0259733
207.418732	0.104241
207.634766	0.664884
208.415268	0.0152203
208.637970	0.211016
208.921661	0.434118
209.617508	0.293968
210.089355	1.26114
211.535889	1.64701
212.652863	1.50473
214.218918	0.0720205
214.420441	0.128881
214.732056	0.20372
215.266083	0.0944018
215.616470	0.0550235
215.898560	0.0174221
216.084457	0.0307309
216.453949	0.0326366
216.689560	0.0130975
216.927811	0.179773
218.038818	0.228073
218.308929	0.05871
218.650223	0.452832
218.957413	0.350172
219.124695	0.190802
219.651215	3.20664
220.263641	2.78144
220.656067	0.895221
221.213699	0.745185
221.441833	0.141516
222.069519	1.20078
223.484222	1.94315
224.161911	5.23382
224.816010	0.0989513
226.080460	2.89143
227.106323	6.25289
228.631744	2.04588
229.743088	27.1824
230.744659	0.0165881
231.815552	18.3632
233.547592	2.10288
234.042450	1.16771
234.570724	1.56749
235.008026	0.317464
235.324493	0.498234
235.882675	1.71266
236.345978	4.07394
237.567902	5.32578
238.141434	0.142259
238.414429	0.841619
238.696915	0.253062
238.968018	0.153589
239.285065	0.113515
239.511185	0.416007
241.115356	0.841201
241.488449	0.538341
241.967224	9.12527
245.209305	3.19692
245.504715	0.613212
245.797974	2.36785
246.355957	0.421407
246.621887	0.145144
246.855423	0.190359
247.484558	0.056581
247.704514	0.0121736
250.319748	3.7739
251.633102	0.204696
253.016037	3.57981
254.225571	1.53314
254.882568	6.28475
255.851761	1.17385
258.451752	8.87994
260.310150	3.37284
261.301941	5.65328
262.412659	4.43172
263.208344	0.255851
263.644714	0.0865124
264.540558	0.0479707
265.256866	0.0224089
265.708008	0.0419717
265.976410	0.0293656
266.291656	0.0133408
266.635437	0.0118534
266.907196	0.00386589
267.102661	0.000510076
269.469452	0.763716
273.731354	0.0553913
274.806458	2.14354
275.617676	1.40335
276.137970	0.399948
276.684601	0.8659
278.707672	2.51835e-006
278.918701	6.99097e-008
279.266174	0.00590693
280.171234	0.258785
281.128510	0.537865
281.661499	0.334924
282.209106	0.177136
282.730133	0.0601987
283.178619	0.00907799
283.604523	0.0471774
284.091125	0.0994088
284.390503	0.0548894
284.667999	0.0138939
285.081512	0.0186256
285.316925	0.0115548
285.544800	0.000784521
285.695801	1.11823e-005
285.872223	7.14107e-008
286.039032	3.4441e-008
286.130188	2.6228e-008
286.209229	2.62375e-008
286.934113	4.54783e-007
287.844818	1.48679e-007
288.148712	5.24749e-008
288.360199	8.74582e-008
288.571777	5.24749e-008
288.677612	1.74916e-008
289.034882	2.18646e-007
289.498352	8.74582e-008
289.750092	7.87124e-008
290.041748	1.13696e-007
290.293732	5.24749e-008
290.479492	6.99666e-008
290.851166	1.74916e-007
291.209778	6.12208e-008
291.435699	8.74582e-008
291.648407	5.24749e-008
291.754791	1.74916e-008
291.807983	1.74916e-008
291.861206	1.74916e-008
291.927704	2.62375e-008
292.193817	1.48679e-007
292.446747	1.74916e-008
292.500031	1.74916e-008
292.553284	1.74916e-008
292.633179	3.49833e-008
292.713104	1.74916e-008
292.859650	7.87124e-008
293.232880	1.66171e-007
293.512909	1.74916e-008
293.566284	1.74916e-008
293.619659	1.74916e-008
293.673004	1.74916e-008
293.726379	1.74916e-008
294.100159	2.27391e-007
294.527588	5.24749e-008
294.728058	7.87124e-008
294.968719	7.87124e-008
295.731201	4.19554e-007
296.775696	0.00318709
298.519196	0.53813
299.827332	1.01817
300.475891	0.858967
301.027802	0.347374
301.967010	1.00195
303.093140	0.0489269
303.930634	0.00481377
304.573578	9.30829e-005
304.791351	1.83688e-007
304.899384	0.0325751
305.300568	1.65671
305.804108	0.741401
306.117096	0.243158
306.424591	0.3345
306.800232	0.160109
307.086700	0.108392
308.324921	3.43092
309.376984	0.524109
309.735992	0.749631
310.448364	0.169223
311.120178	2.27466
311.716034	1.18532
312.306061	0.453654
312.833496	0.238106
313.301819	0.0361239
316.286865	1.44561
319.827057	0.756109
320.184967	0.186676
320.429230	0.142339
320.850952	0.0914481
321.444336	2.21505
323.060394	4.49111
324.179413	0.596415
324.638824	1.0018
325.546539	0.838522
325.847412	0.440571
327.402130	0.56951
328.059296	0.137202
328.548737	0.245325
328.864136	0.205233
329.198303	0.103748
329.592010	0.0955143
329.871155	0.0319981
330.357880	0.775256
332.483582	0.422258
332.998627	0.701873
333.627014	0.0101864
334.419739	0.254895
334.747955	0.0191594
336.673920	2.88583
338.008850	0.393228
338.845856	2.97577
340.146881	1.07815
341.247498	2.78981
344.811798	2.31597
345.192230	1.53974
345.770966	4.64318
346.284332	1.48706
346.854309	1.57461
350.381805	5.1384
353.672363	0.408329
354.939331	0.121737
355.383881	0.714903
356.051239	0.834134
356.662537	0.365972
357.252228	0.353523
357.664429	0.0329785
359.288055	1.21487
360.446564	0.561533
361.046997	1.25078
361.625946	0.31049
362.098907	0.369848
362.368286	0.294411
362.846588	0.133203
363.044312	0.208372
363.481628	0.790886
364.084656	0.0505421
365.003540	0.59647
365.437683	0.283403
365.886383	0.289043
366.438721	1.43514
367.004791	0.139153
367.498840	0.143507
367.745331	0.0240777
368.633545	0.105271
369.047760	0.134149
369.259949	0.206264
369.878906	0.143434
370.090057	0.0286196
370.303741	0.284926
370.632416	0.341471
370.761139	0.228905
371.333160	0.269808
371.888397	0.499022
372.921326	1.68021
373.499054	1.71562
373.902069	2.76175
374.568848	0.274142
375.915131	17.7358
378.050110	6.03425
378.346558	0.0070535
378.495758	0.040418
378.927185	1.95163
380.029877	0.026666
380.794769	1.54597
381.496643	1.1119
382.042358	0.732442
382.327545	0.0819314
382.759979	0.320119
383.187836	0.20098
383.440094	0.0213903
384.077972	0.848653
394.431763	5.33866
402.410767	1.13357
403.374817	0.901043
403.881012	0.821475
404.269287	1.10793
404.488770	0.745806
404.960693	2.73338
406.112610	0.365357
408.075439	0.232851
408.799408	0.0130902
409.301208	0.175608
409.852081	0.391006
410.212402	0.500856
410.678009	0.0430636
411.016144	0.0787041
411.779449	0.89711
412.163849	0.644387
412.544800	0.913619
413.257813	0.284316
413.596100	0.651467
414.009491	0.77449
414.495667	0.0505263
414.811951	0.201337
415.087494	0.0152662
415.335022	0.0716195
415.653625	0.0440729
416.143372	0.034575
416.500305	0.374327
418.560150	0.191584
419.508972	0.45265
420.084534	0.692977
420.724976	0.234675
421.261719	0.224157
422.446655	0.580551
423.649811	0.518357
424.250641	0.917059
424.794037	0.177896
425.479889	0.234369
425.884552	0.224481
426.258484	0.084237
426.569397	0.0745618
427.115173	0.0276888
427.371887	0.0157369
428.154877	1.61284
428.995667	0.796468
429.498627	0.550845
429.826691	0.188043
430.241608	0.350004
430.699585	0.136689
431.022186	0.0381585
435.389008	0.294987
437.565735	0.559194
439.940369	3.96723
441.180695	1.15805
441.596649	0.0505935
441.847412	0.264719
442.584259	0.319467
443.149323	0.0255326
443.751434	0.0659922
446.356750	0.693378
448.249451	2.65976
449.772186	0.727326
449.980438	0.0744645
450.357422	0.312081
452.233276	0.888552
454.372070	3.46366
456.043610	0.38996
456.420685	0.602203
456.863220	3.37847
458.597198	3.6702
459.587799	1.75651
460.242340	0.274909
460.892273	0.249444
462.057739	1.91194
464.647888	0.933405
465.376282	1.02995
466.014923	1.53389
466.664734	0.395687
467.479980	0.277172
468.230072	0.21689
468.998627	0.446918
471.624878	0.254996
473.581635	0.0257079
474.433075	0.000193202
475.968872	0.0857346
477.654541	0.00595528
478.164307	0.0489539
478.703552	0.631463
479.875366	0.271193
480.175018	0.334832
480.431610	0.281775
481.096924	0.0392235
481.837128	0.317819
482.256378	0.0317279
483.415924	0.182602
489.462830	0.134555
490.621979	0.0862958
490.977203	0.272247
491.475922	0.277795
491.936127	0.0424353
492.323181	0.0739974
492.862366	0.0712229
493.305695	0.00949075
494.722229	0.34423
495.373444	0.179242
495.684357	0.0744064
495.992920	0.017811
496.282166	0.0348933
496.626770	0.0362173
496.934418	0.0124746
497.212646	0.00209131
497.451324	2.14054e-005
497.777222	3.48451e-005
498.055786	2.02485e-007
498.349731	1.35312e-007
498.579590	1.11406e-007
498.736328	5.56894e-008
498.858246	7.42547e-008
499.084717	1.67073e-007
499.363495	1.29946e-007
499.572662	9.28183e-008
499.799286	1.48509e-007
500.078278	1.48509e-007
500.357330	1.48509e-007
500.636475	1.48509e-007
500.985535	2.22764e-007
501.439484	2.59891e-007
501.718933	3.71273e-008
501.788818	3.71273e-008
501.858673	3.71273e-008
501.928558	3.71273e-008
502.173218	2.22764e-007
502.452881	7.42546e-008
502.610199	9.28183e-008
502.750092	5.5691e-008
502.977448	1.85637e-007
503.187347	3.71273e-008
503.257324	3.71273e-008
503.327301	3.71273e-008
503.537292	1.85637e-007
503.747314	3.71273e-008
503.957367	1.85637e-007
504.167480	3.71273e-008
504.307587	1.11382e-007
504.447693	3.71273e-008
504.517761	3.71273e-008
504.587860	3.71273e-008
504.657928	3.71273e-008
504.727997	3.71273e-008
504.798096	3.71273e-008
504.868195	3.71273e-008
505.008392	3.71273e-008
504.938263	3.71273e-008
505.148590	1.11382e-007
505.394012	1.48509e-007
505.569366	3.71273e-008
505.779816	1.85637e-007
505.990295	3.71273e-008
506.095581	7.42546e-008
506.323669	1.67073e-007
506.604492	1.29946e-007
506.762482	3.71273e-008
506.832733	3.71273e-008
506.902954	3.71273e-008
506.973206	3.71273e-008
507.043427	3.71273e-008
507.148804	7.42546e-008
507.359589	1.48509e-007
507.535278	3.71273e-008
507.746124	1.85637e-007
507.957031	3.71273e-008
508.027344	3.71273e-008
508.097656	3.71273e-008
508.167999	3.71273e-008
508.238312	3.71273e-008
508.414154	1.48509e-007
508.590027	3.71273e-008
508.660370	3.71273e-008
508.730743	3.71273e-008
508.801117	3.71273e-008
508.871460	3.71273e-008
508.941864	3.71273e-008
509.012238	3.71273e-008
509.118011	7.45383e-008
509.838593	0.0900984
511.384430	0.700154
512.322021	0.455463
513.058899	0.236127
513.829590	0.247789
514.411682	0.0176007
514.920898	0.00133427
515.331177	1.9902e-005
516.697754	0.109374
519.664551	0.948213
521.072144	0.34042
521.799927	0.631053
522.471436	0.119802
523.539612	0.483373
524.768188	0.0269255
525.780457	0.00223585
526.356567	2.30027e-005
526.699707	2.89105e-006
527.207764	1.82914e-006
527.694702	2.29737e-007
528.205933	0.00149881
529.437744	0.0655777
530.812927	0.0718137
531.235840	0.00849039
531.506531	0.0252573
532.255188	0.00305255
532.469421	0.00371089
532.965820	0.169889
533.689270	0.674127
534.183105	0.59181
534.524841	0.0731205
535.074829	0.168034
535.509705	0.110302
535.778564	0.0178094
536.463623	0.0155548
537.012573	0.00159202
537.520569	5.23039e-005
537.812683	4.22589e-007
561.067444	0.00318302
563.556030	0.285029
566.125549	0.301405
566.990601	0.334986
567.555481	0.952221
568.397888	0.230198
569.103882	0.220957
569.879211	0.0148078
571.077271	0.00102871
571.901184	7.97973e-006
572.710815	1.15548e-005
573.740479	1.77786e-006
574.308777	2.08441e-007
574.734558	2.84194e-007
575.239868	3.05601e-007
575.745117	2.83859e-007
576.977234	0.00515218
581.710754	0.309778
587.208496	1.25036
589.211731	0.934148
589.908264	0.289635
590.116516	0.109388
590.827087	0.23095
591.185913	0.039967
591.741760	1.15734
592.576111	0.663841
592.993896	0.0317617
593.447205	0.321928
593.877991	0.109827
594.064331	0.00624171
594.320007	0.0167503
594.794312	0.0275561
595.145752	0.0212491
596.837463	1.0318
598.984985	1.34023
599.829102	1.05341
600.502991	0.826102
601.892883	0.0495791
602.352112	0.299528
603.027710	0.341204
603.660706	0.136067
605.511475	0.481506
606.373596	0.123767
606.798706	0.0750855
607.243713	0.0365908
607.784546	0.0273648
608.132507	0.018032
616.946838	0.00432838
618.920349	0.0306846
619.378113	0.0778892
619.654053	0.103476
620.092102	0.0149558
620.417297	0.0116927
620.729797	0.0321544
621.081360	0.0532175
621.473633	0.00557809
621.751831	0.000198806
622.070984	9.60875e-006
624.240112	0.00310754
626.803894	0.219928
629.632324	1.65256
631.832153	1.06094
632.976807	0.340263
633.716248	0.148761
634.705017	0.296574
637.077637	0.200461
637.956787	0.391127
639.009399	0.301875
639.506897	0.448344
640.650818	0.347055
640.934082	0.460853
642.744690	0.599352
644.158752	0.0299517
645.254272	0.00223198
645.892883	2.32806e-005
646.273071	3.34282e-006
646.803040	1.47983e-006
647.592285	0.0772558
649.182312	2.76198e-007
650.177185	9.79247e-007
651.093079	1.75762e-007
651.431763	2.51089e-007
651.910034	3.51524e-007
652.328613	1.75762e-007
652.667603	2.51089e-007
653.246094	4.77069e-007
653.904663	3.51524e-007
654.803223	7.78375e-007
656.242310	1.02946e-006
657.422668	4.5196e-007
657.983276	1.00436e-007
657.843079	7.53267e-008
658.143433	1.00436e-007
658.283630	7.53267e-008
658.804504	5.77504e-007
660.629150	1.7074e-006
662.134888	1.75762e-007
662.375977	1.25544e-007
662.677368	1.00436e-007
662.536682	7.53267e-008
662.838135	1.00436e-007
662.998962	1.00436e-007
663.380920	3.76633e-007
663.763000	1.00436e-007
664.245850	5.02178e-007
665.292480	8.03484e-007
666.581848	8.03484e-007
667.872437	8.03484e-007
669.123901	7.53267e-007
669.911743	2.2598e-007
670.760681	8.28593e-007
671.832764	5.02178e-007
672.439941	2.51089e-007
673.027222	4.77069e-007
673.574158	2.00871e-007
673.918640	2.2598e-007
674.466003	4.5196e-007
675.033813	2.51089e-007
675.622192	4.77069e-007
676.231140	2.76198e-007
676.840332	4.77069e-007
677.972778	0.0181749
679.763000	1.0135
680.746460	0.400073
681.186890	0.0400453
681.740051	0.248199
682.235291	0.169064
682.665710	0.0213676
683.321533	0.0180784
683.659363	0.00494718
683.958984	0.000372525
684.338623	2.44538e-005
684.634277	1.81009e-007
684.948303	1.75857e-007
685.193909	1.25557e-007
685.357422	7.53265e-008
685.500549	1.00436e-007
686.073059	6.02613e-007
686.645752	1.00436e-007
686.789001	7.53267e-008
687.402954	6.7794e-007
688.222046	3.26416e-007
688.793518	0.110885
695.767334	1.75145
701.465942	0.425078
702.085571	0.236388
702.466675	0.0405906
703.102478	0.0841425
703.574280	0.0503488
707.694275	6.25306
712.351013	3.03595
714.555603	3.31545
715.074463	0.139008
715.594910	0.0537087
716.133240	0.703665
718.264038	0.0880556
719.330811	0.0889914
719.723450	0.168389
720.356506	0.254117
721.294189	0.114902
721.821838	0.0924243
726.391174	0.241039
729.999023	0.397558
733.055542	8.51445e-008
733.161255	5.6763e-008
733.245850	5.6763e-008
733.436218	1.9867e-007
733.626587	5.6763e-008
733.732361	8.51445e-008
733.838135	5.6763e-008
734.007385	1.70289e-007
735.489258	1.81642e-006
736.887878	5.6763e-008
736.972656	5.6763e-008
737.057495	5.6763e-008
737.142273	5.6763e-008
737.227112	5.6763e-008
737.311951	5.6763e-008
737.396790	5.6763e-008
737.481628	5.6763e-008
737.566467	5.6763e-008
737.651306	5.6763e-008
737.842224	1.9867e-007
738.181702	2.55433e-007
739.864746	0.112706
743.344727	1.02416
745.101929	0.0626048
746.121399	1.25399
747.462463	0.299818
748.007080	0.0667346
748.416687	0.0893044
749.067627	0.052624
749.538513	0.00409467
750.540405	0.00217524
751.782471	0.129611
753.341370	0.593012
754.023438	0.302548
754.440796	0.286421
755.005737	0.474328
755.572510	0.0642819
756.006226	0.0641188
756.715637	0.163661
758.128479	0.528181
759.035034	0.360735
759.923340	0.117561
760.520569	0.0146749
760.827881	0.0195891
762.294678	0.116071
763.642517	0.519561
764.187866	0.2571
765.094727	0.477737
765.917114	0.291275
766.875610	0.117028
767.685730	0.0800273
768.343506	0.0044257
768.682373	0.004332
769.083069	0.0448637
769.420776	0.0395609
769.673706	0.013929
769.876465	0.00011647
770.197876	0.00620454
770.610168	0.0186171
770.899963	0.0183011
771.132019	6.11834e-005
771.582642	6.85188e-008
771.745300	1.41907e-007
771.897217	5.6763e-008
771.984009	5.6763e-008
772.070862	5.6763e-008
772.331299	2.83815e-007
772.591858	5.6763e-008
772.678711	5.6763e-008
772.765564	5.6763e-008
772.852417	5.6763e-008
772.939270	5.6763e-008
773.026184	5.6763e-008
773.113037	5.6763e-008
773.199951	5.6763e-008
773.286804	5.6763e-008
773.373718	5.6763e-008
773.460632	5.6763e-008
773.677856	2.27052e-007
773.895142	5.6763e-008
773.982117	5.6763e-008
774.634216	7.94682e-007
775.807861	2.06644
783.984985	2.06822
788.088074	1.70617
790.279236	0.700887
791.468201	0.767553
792.847351	5.92371
793.471680	4.20222
795.558716	6.21565
798.062683	0.491651
799.148926	5.72807
801.224060	4.33623
802.572205	0.996806
806.137390	0.794626
818.454529	9.2881
822.098999	0.000257149
822.426147	1.93935e-009
822.762329	1.2929e-009
823.098511	1.93934e-009
823.636658	3.23224e-009
824.017883	4.30964e-010
824.107605	4.30964e-010
824.197327	4.30964e-010
824.466553	2.15482e-009
824.825562	1.29289e-009
825.678528	6.89544e-009
826.846497	4.30965e-009
827.340881	4.30964e-010
827.501953	1.77448e-008
827.746765	0.00961469
828.252808	0.0555716
828.580688	0.0483906
828.858154	0.00528959
829.094910	3.22361e-005
829.427002	0.00706926
829.834412	0.018048
830.124451	0.0187051
830.621765	0.101613
832.106995	1.26961
832.922729	0.592809
833.379089	0.0217457
834.129700	0.130463
834.598755	0.0452087
834.962646	0.0154546
835.620422	0.00754529
836.264648	0.000208099
836.624512	1.12625e-006
836.932495	2.29754e-008
837.295776	1.38904e-009
837.509033	6.40168e-010
837.666992	8.62028e-010
837.802673	4.30965e-010
838.277771	4.09417e-009
839.024536	3.01676e-009
839.590515	2.37031e-009
839.998108	1.50838e-009
840.292603	1.29289e-009
840.541809	1.07741e-009
840.881653	2.15483e-009
841.516235	3.87869e-009
842.309875	3.6632e-009
842.763550	6.46447e-010
843.716614	8.40382e-009
844.942810	3.23224e-009
845.328979	4.30964e-010
845.419861	4.30964e-010
845.510742	4.30964e-010
845.601685	4.30964e-010
845.692566	4.30964e-010
845.783447	4.30964e-010
845.874390	4.30964e-010
845.965271	4.30964e-010
846.056213	4.30964e-010
846.374451	2.58579e-009
847.284119	6.03351e-009
848.012207	8.6193e-010
848.330811	2.15483e-009
848.740540	1.72386e-009
849.104858	1.72386e-009
849.446472	1.50838e-009
849.810974	1.93934e-009
850.221069	1.93934e-009
850.608521	1.72386e-009
850.904785	1.07741e-009
851.109985	8.6193e-010
851.406433	1.93934e-009
851.771301	1.50838e-009
852.136230	1.93934e-009
852.706665	3.44772e-009
853.231628	1.50838e-009
853.596924	1.93934e-009
854.167847	3.44772e-009
854.693237	1.50838e-009
855.058838	1.93934e-009
855.630249	3.44772e-009
856.156067	1.50838e-009
856.521973	1.93934e-009
856.865112	1.29289e-009
857.711731	6.67996e-009
858.993958	5.38707e-009
860.139648	5.38707e-009
860.873230	1.50838e-009
861.308960	2.58579e-009
861.698914	1.07741e-009
862.272583	4.30965e-009
862.869385	1.2929e-009
863.282654	2.58579e-009
863.787903	2.15483e-009
864.063538	4.30966e-010
864.155457	4.30966e-010
864.477112	2.58579e-009
864.890808	1.2929e-009
865.120667	8.61932e-010
865.258606	4.30966e-010
865.350525	4.30966e-010
865.488525	8.61932e-010
865.718445	1.2929e-009
866.040405	1.72386e-009
866.316406	8.61932e-010
866.500488	8.61932e-010
866.753540	1.50838e-009
867.121765	0.0772537
891.161194	0.100127
895.453857	0.102954
897.095947	0.0515642
897.579468	0.330094
898.368347	0.611397
898.964478	0.729817
899.355774	1.49302
901.578674	1.62182
903.280212	0.0750025
904.578918	0.00558882
905.335999	5.7874e-005
905.787170	8.20034e-006
906.418274	4.3662e-006
907.127808	4.13795e-007
914.845947	3.6378e-006
915.567810	2.1725e-006
916.720459	5.38462e-006
917.347046	3.90818e-007
931.845886	0.0565564
935.928650	0.361641
937.843079	0.0480485
938.653992	0.163123
939.045349	0.135595
940.409058	0.0413941
940.989624	0.041908
942.767883	0.0134551
944.127930	0.00111696
944.901184	1.17027e-005
945.362366	1.34893e-006
946.012329	1.22778e-006
946.698547	4.37285e-007
950.974060	0.00936173
953.789551	0.132424
955.416077	0.479584
956.530396	0.207276
957.257935	0.0488303
957.594177	0.0687673
958.423828	0.779574
959.621155	0.668273
960.545959	0.117623
961.639832	0.0621615
962.121643	0.00558196
963.442993	0.176235
965.699402	6.97619e-009
966.185486	6.27857e-008
966.793213	2.44167e-008
967.547058	8.37143e-008
968.276917	2.09286e-008
970.297546	2.68583e-007
972.407715	0.000620619
973.266907	0.0227342
974.167480	0.0432777
974.748901	0.0265981
975.034302	0.0208076
975.634338	0.0229655
976.028198	0.0108712
976.401978	0.00203721
976.835754	0.0163113
977.387085	0.0114593
977.776550	0.00102093
978.122559	1.47871e-005
978.443970	4.59711e-008
978.771545	9.00697e-009
978.915283	1.39748e-008
979.061890	6.97619e-009
979.282104	2.44167e-008
981.877808	3.45322e-007
984.354309	6.97619e-009
984.452454	6.97619e-009
984.550598	6.97619e-009
984.648743	6.97619e-009
984.746887	6.97619e-009
984.845032	6.97619e-009
984.943237	6.97619e-009
985.041382	6.97619e-009
985.139587	6.97619e-009
985.237732	6.97619e-009
985.655090	5.23214e-008
986.268982	3.4881e-008
986.711121	2.79048e-008
987.030457	1.74405e-008
987.300720	2.09286e-008
987.497314	6.97619e-009
987.595642	6.97619e-009
987.693970	6.97619e-009
987.841431	1.39524e-008
988.136414	2.79048e-008
988.972412	1.39524e-008
988.603516	3.8369e-008
992.443115	4.77869e-007
996.117432	4.18571e-008
996.635864	3.13929e-008
998.068359	1.70917e-007
999.328796	6.97619e-009
999.427734	6.97619e-009
999.526611	6.97619e-009
999.625549	6.97619e-009
999.724426	6.97619e-009
999.823364	6.97619e-009
999.922241	6.97619e-009
1000.021179	6.97619e-009
1000.120117	6.97619e-009
1000.219055	6.97619e-009
1000.317993	6.97619e-009
1000.515869	6.97619e-009
1000.416931	6.97619e-009
1000.713806	6.97619e-009
1000.614807	6.97619e-009
1000.911743	6.97619e-009
1000.812744	6.97619e-009
1001.010681	6.97619e-009
1001.431396	5.23214e-008
1002.248291	6.27857e-008
1004.279602	2.23238e-007
1006.064880	2.79048e-008
1010.311401	5.6856e-007
1014.492249	1.74405e-008
1014.741394	1.74405e-008
1015.090210	3.13929e-008
1015.513855	2.79048e-008
1016.386414	9.41786e-008
1017.234375	2.44167e-008
1018.007874	8.37143e-008
1018.756653	2.09286e-008
1022.129700	4.49964e-007
1025.408203	6.97619e-009
1025.508301	6.97619e-009
1025.608521	6.97619e-009
1025.708740	6.97619e-009
1025.808960	6.97619e-009
1025.959229	1.39524e-008
1026.209839	2.09286e-008
1026.435303	1.04643e-008
1026.961670	1.39524e-008
1026.685913	2.44167e-008
1027.212280	2.09286e-008
1027.513184	2.09286e-008
1027.763916	1.39524e-008
1028.014648	2.09286e-008
1028.315674	2.09286e-008
1028.566528	1.39524e-008
1028.817383	2.09286e-008
1029.068237	1.39524e-008
1029.218872	6.97619e-009
1029.369385	1.39524e-008
1029.519897	6.97619e-009
1029.670532	1.39524e-008
1029.996826	3.13929e-008
1032.709839	3.45322e-007
1035.250244	6.97619e-009
1035.350830	6.97619e-009
1035.451538	6.97619e-009
1035.552246	6.97619e-009
1035.652954	6.97619e-009
1035.753662	6.97619e-009
1035.854248	6.97619e-009
1035.954956	6.97619e-009
1036.055664	6.97619e-009
1036.156372	6.97619e-009
1036.584473	5.23214e-008
1037.214233	3.4881e-008
1037.667725	2.79048e-008
1037.995361	1.74405e-008
1038.272583	2.09286e-008
1038.474243	6.97619e-009
1038.575073	6.97619e-009
1038.675903	6.97619e-009
1038.827148	1.39524e-008
1039.129639	2.79048e-008
1039.608887	3.8369e-008
1039.987183	1.39524e-008
1043.547119	4.77869e-007
1047.315674	4.18571e-008
1047.847412	3.13929e-008
1049.316528	1.70917e-007
1050.609375	6.97619e-009
1050.710693	6.97619e-009
1050.812134	6.97619e-009
1050.913574	6.97619e-009
1051.015015	6.97619e-009
1051.116455	6.97619e-009
1051.217896	6.97619e-009
1051.319336	6.97619e-009
1051.420898	6.97619e-009
1051.623779	6.97619e-009
1051.522339	6.97619e-009
1051.826782	6.97619e-009
1051.725220	6.97619e-009
1052.029663	6.97619e-009
1051.928223	6.97619e-009
1052.131226	6.97619e-009
1052.232666	6.97619e-009
1052.334229	6.97619e-009
1052.765625	5.23214e-008
1053.603394	6.27857e-008
1055.686646	2.23238e-007
1057.517456	2.79048e-008
1061.872192	5.6856e-007
1066.159302	1.74405e-008
1066.414795	1.74405e-008
1066.772461	3.13929e-008
1067.206909	2.79048e-008
1067.564697	2.09365e-008
1069.515137	0.0563545
1073.746826	0.52214
1075.961670	0.0751393
1076.646484	0.229308
1077.048828	0.0626024
1077.776733	0.110243
1078.943726	0.259529
1079.636719	0.0149315
1081.257446	0.0162988
1082.679321	0.00111774
1083.507324	1.14492e-005
1084.002319	1.75764e-006
1084.770752	8.33456e-007
1085.477295	4.29609e-008
1085.971191	2.4495e-008
1086.332764	2.44224e-008
1086.667969	2.09286e-008
1086.900146	1.04643e-008
1087.183960	2.79048e-008
1087.441895	6.97619e-009
1087.545166	6.97619e-009
1087.648315	6.97619e-009
1087.751587	6.97619e-009
1087.854736	6.97619e-009
1087.958008	6.97619e-009
1088.061157	6.97619e-009
1088.164429	6.97619e-009
1088.267700	6.97619e-009
1088.370972	6.97619e-009
1088.809814	5.23214e-008
1089.455322	3.4881e-008
1089.920166	2.79048e-008
1090.255981	1.74405e-008
1090.540283	2.09286e-008
1090.850342	6.97619e-009
1090.746948	6.97619e-009
1090.953613	6.97619e-009
1091.108765	1.39524e-008
1091.418945	2.79048e-008
1092.297974	1.39524e-008
1091.910034	3.8369e-008
1096.313354	2.70795e-007
1096.597534	0.00307142
1097.183838	0.0159007
1097.548828	0.0138148
1097.786987	0.00017445
1098.161499	3.52976e-005
1098.509277	0.00284985
1098.997681	0.00238085
1099.283203	0.000192326
1099.498657	1.06036e-005
1099.706177	5.28274e-007
1100.005005	8.36508e-009
1100.328979	3.4881e-008
1101.860840	1.70917e-007
1103.185913	6.97619e-009
1103.289917	6.97619e-009
1103.393799	6.97619e-009
1103.497803	6.97619e-009
1103.601807	6.97619e-009
1103.705811	6.97619e-009
1103.809692	6.97619e-009
1103.913696	6.97619e-009
1104.017700	6.97619e-009
1104.225708	6.97619e-009
1104.121704	6.97619e-009
1104.433716	6.97619e-009
1104.329712	6.97619e-009
1104.641724	6.97619e-009
1104.537720	6.97619e-009
1104.849854	6.97619e-009
1104.745850	6.97619e-009
1104.953857	6.97619e-009
1105.396118	5.23214e-008
1106.254761	6.27857e-008
1108.389893	2.23238e-007
1110.266357	2.79048e-008
1114.598633	5.51119e-007
1118.957397	0.067438
1126.358154	2.15938
1132.013306	4.77362
1134.082642	1.38421
1135.015869	0.712078
1136.260498	0.436288
1137.275513	0.0681289
1137.888428	0.117141
1138.637817	0.144618
1139.324951	0.0195839
1139.898071	0.0345315
1140.769775	0.0309682
1144.542969	1.30845
1174.036865	0.0466051
1185.874878	0.000220461
1186.360962	0.013364
1186.879639	0.0411665
1187.235962	0.0418761
1187.502319	6.25343e-005
1187.742554	0.000688552
1188.301514	0.0103553
1188.744263	0.0090958
1189.114258	0.00689351
1189.499146	1.17045e-006
1199.581299	0.00599247
1201.443237	0.279518
1203.260620	0.175877
1203.840454	0.520307
1204.563721	0.563923
1205.361328	0.0323077
1205.943726	0.120924
1206.777344	0.114362
1207.653198	0.00631782
1208.417603	0.000208573
1208.852173	1.36924e-006
1211.198730	0.00614456
1211.811646	0.0377067
1212.193359	0.0328041
1212.449341	0.000354015
1212.843140	7.0735e-005
1213.208862	0.00566129
1213.723389	0.00473685
1214.015503	0.000350917
1214.249146	2.10806e-005
1214.467407	1.16835e-006
1228.769287	0.067437
1246.966187	1.31388
1253.234619	0.0667935
1255.312134	0.0889795
1256.002563	0.165602
1256.453491	0.312227
1257.124512	0.0321859
1257.521362	0.0156312
1257.967407	0.0385002
1258.529297	0.0478698
1258.968018	0.000620702
1260.783936	0.599324
1278.203735	0.0712431
1279.954224	0.0536389
1280.732910	0.257221
1281.397095	0.213423
1282.066406	0.0332286
1282.819458	0.0489739
1283.426270	0.0235084
1283.726563	0.00152052
1285.085938	0.903449
1287.092529	0.0873027
1287.953979	0.370467
1288.745850	0.885103
1289.608276	0.928187
1290.059082	0.146508
1290.831421	0.24586
1293.849243	1.17786
1296.994141	0.0858397
1306.374146	0.241347
1314.149170	0.0539661
1315.271118	0.307365
1317.206787	0.307845
1317.915283	0.227092
1319.484253	0.0941206
1320.226074	0.0382161
1322.254639	0.121552
1328.335327	0.926937
1332.505493	3.60077
1335.143188	0.975364
1335.510376	0.209276
1336.330078	0.350767
1338.018799	0.672985
1338.918091	0.00568068
1341.908813	6.32191
1346.924561	0.571617
1353.760986	3.43843
1354.731934	0.843539
1355.674927	2.28085
1356.931641	0.470215
1358.311401	0.882481
1359.108887	0.0313848
1361.991943	7.27769
1382.510376	1.21353
1384.252808	0.75548
1385.441040	0.323312
1388.585327	32.7679
1403.313721	0.981257
1406.912598	26.513
1407.552979	5.24611
1408.427368	80.4626
1413.309570	5.19782
1418.438477	7.97126
1426.193848	15.0352
1427.698486	0.952756
1429.867310	0.476195
1438.347534	4.56434
1444.782593	13.2404
1456.469482	3.25389
1462.772217	3.28574
1468.564331	1.31603
1505.773438	1.2035
1510.450562	0.458356
1512.520874	0.0209899
1513.335938	0.793469
1515.930298	3.66144
1519.052002	3.08456
1521.740967	0.391026
1523.601929	0.0457357
1528.086792	7.29819e-005
1531.507446	0.00743764
1533.589478	0.399899
1534.995361	0.62978
1535.850220	1.09942
1537.248291	0.429522
1538.457275	0.389468
1539.697021	0.0947307
1540.638916	0.00784091
1541.504517	0.000249265
1542.001587	1.78744e-006
1542.512085	2.48219e-007
1544.826172	4.38023e-007
1545.558350	0.00312951
1546.652100	0.114101
1547.771851	0.237135
1548.398560	0.155359
1549.136108	0.0744104
1550.040039	0.0412273
1550.593628	0.0156792
1551.110352	0.00432007
1551.579956	0.000226038
1552.005371	7.0203e-006
1552.439941	1.68018e-007
1613.398071	3.06895
1652.389282	5.4196
1663.647949	2.95836
1665.179321	1.94608
1666.125854	6.184
1670.679810	5.37456
1675.411011	2.3872
1679.204590	0.0920501
1685.295044	0.503725
1686.011108	0.0370958
1686.492188	0.0438323
1687.082275	0.00805065
1687.710327	0.0238133
1688.413086	0.478357
1702.399414	1.93407
1717.021606	1.43086
1721.357178	0.251471
1723.854492	0.0309263
1724.897583	0.242496
1725.590576	0.147066
1726.401733	0.0338603
1727.365967	0.0494641
1728.620728	1.17426
1743.053467	0.575394
1749.230225	0.114056
1751.357300	0.0977448
1751.882202	0.154527
1752.824097	0.216139
1754.418457	0.0964925
1755.497925	0.0491905
1758.068237	0.126512
1759.682617	0.0127173
1760.329590	0.161772
1761.513794	0.206974
1762.955811	0.0794497
1764.364868	0.0709065
1768.476196	1.23263
1769.311646	0.234389
1769.891113	0.175115
1770.431152	0.0215345
1770.932495	0.0817625
1772.059937	5.07807
1779.337158	14.412
1783.931519	0.708958
1787.392578	2.12226
1812.789551	3.02023
1842.908936	0.0745366
1844.177368	0.260382
1844.949097	0.163168
1845.730347	0.0293976
1846.745972	0.0593643
1847.496704	0.0554474
1848.068604	0.000919643
1848.529907	2.57649e-005
1854.436523	0.111764
1864.209595	1.02781
1870.669067	0.0453249
1871.413208	0.0221813
1872.111206	0.0184126
1873.174561	0.00788629
1873.802734	0.00288302
1876.448242	1.51674
1885.474854	0.0156763
1887.644775	2.13623
1889.331421	1.63095
1890.388916	0.324567
1890.889404	0.194638
1891.863892	0.322395
1892.761597	0.712253
1900.165771	0.648704
1905.960938	0.348816
1907.582886	0.24256
1908.917358	0.586857
1909.643555	0.396979
1910.428101	0.228045
1911.430664	0.160882
1912.069702	0.0729225
1912.584595	0.0393333
1918.533325	0.0864512
1921.433960	0.903592
1923.307373	0.613061
1924.684448	0.228591
1926.158203	0.235853
1927.293945	0.022204
1928.154053	0.000220941
1937.211426	0.0563517
1943.009521	0.663138
1945.865234	0.0764488
1946.916016	0.525392
1948.326294	0.208278
1949.865723	0.349544
1951.020752	0.0303827
1953.031860	0.0219074
1954.976440	0.00111539
1956.094727	1.17027e-005
1956.758545	1.34829e-006
1957.697998	1.22771e-006
1958.690063	4.37415e-007
1964.978760	2.20552e-007
1965.557129	0.000619272
1966.784424	0.0242349
1968.081665	0.105144
1968.645020	0.0735885
1969.685547	0.0243734
1970.558228	0.0171608
1971.010498	0.0104261
1971.732544	3.23306e-005
1972.269409	8.48954e-007
1972.771240	1.67926e-007
1974.326660	0.017483
1975.842896	0.150784
1976.826050	0.103748
1977.511475	0.0387663
1978.620972	0.0219287
1979.367920	0.0176472
1979.922485	0.00208348
1980.416870	5.90647e-005
1996.785889	7.64884e-006
2001.309082	1.14367
2005.348755	2.55554
2008.320679	0.448401
2009.025391	0.0699135
2009.864990	0.23062
2010.974365	0.120355
2011.581543	0.00592316
2012.367554	0.0162374
2016.397461	0.160486
2017.444458	0.108876
2018.204834	0.0954039
2019.018311	0.0332505
2020.028687	0.0317039
2021.418457	4.03042
2029.511841	0.0229796
2031.228149	0.08585
2032.287842	0.26387
2033.031616	0.45657
2033.833740	0.765484
2034.568359	0.647833
2035.199951	1.91541
2036.465698	1.05985
2038.007813	0.722731
2039.017822	0.396998
2043.104736	0.693586
2044.667603	0.202877
2045.976196	1.28331
2047.182739	0.208952
2048.316406	0.539569
2049.991211	0.398413
2051.697510	0.095919
2052.778076	0.286038
2054.180176	0.778023
2055.671875	0.725335
2057.086182	0.393003
2058.532227	0.201566
2060.104492	0.0358057
2074.354004	3.19965
2077.732178	0.0274623
2078.475098	0.127859
2080.073730	0.127891
2081.139404	1.59775
2085.053955	0.494952
2086.414063	0.0532682
2087.070801	0.852749
2088.447266	5.34383
2089.509521	1.59268
2090.759766	0.058298
2091.199951	0.0512667
2093.002197	0.582977
2095.784180	0.199653
2096.782227	0.66248
2097.385010	0.0227122
2098.134766	0.380369
2099.197998	0.0925882
2100.810791	0.262755
2102.802002	1.20706
2104.259521	0.839438
2105.776123	0.269937
2106.696045	0.0478621
2107.361328	0.0135603
2110.041992	0.667592
2133.407959	0.240808
2137.648193	0.40296
2139.702148	0.263604
2140.418457	0.611462
2141.455078	0.991389
2143.219238	0.253829
2144.216553	0.143213
2145.891846	0.428803
2147.404785	2.39728
2152.902100	3.099
2155.446045	0.188622
2157.116455	0.0947124
2158.556641	0.0971309
2162.848145	0.111044
2163.991211	0.0435345
2164.798828	0.0386327
2165.216309	0.00559299
2165.854736	0.0254567
2166.621094	0.01865
2167.769043	0.0299421
2168.138916	0.0372104
2169.208008	0.0168973
2170.007080	0.0672994
2171.302246	0.524736
2175.824951	0.0565831
2177.159180	0.0253986
2179.258301	0.466772
2180.390381	0.0722951
2181.163330	0.322012
2181.981445	0.363464
2182.751953	0.118386
2183.853271	0.126245
2184.608643	0.0885836
2192.109619	1.52888
2199.228516	0.0252528
2199.801025	0.0242215
2200.290039	0.0297846
2203.189941	2.38575
2206.263916	0.116709
2207.683105	1.43699
2208.957520	0.231878
2210.900879	0.292116
2211.434326	0.00161914
2212.398926	0.188452
2217.501221	2.7351
2222.142334	1.80768
2223.088867	0.0245775
2225.181641	1.5411
2230.716309	0.39548
2231.788818	0.307247
2232.523193	0.318502
2233.324463	0.480005
2234.015137	0.0196939
2234.459717	0.0872276
2235.131348	0.167772
2236.003174	0.049214
2238.344727	0.695861
2239.258545	0.576065
2240.041748	0.197114
2241.139160	0.272142
2242.113037	4.00854
2247.736816	12.0448
2252.734863	2.51121
2254.793701	0.50942
2255.650391	0.0269814
2256.317627	0.15993
2257.827637	1.7332
2271.302002	3.16412
2274.553955	0.596208
2276.223389	0.636128
2277.484131	0.462314
2278.776855	0.257141
2280.850830	0.0085817
2281.451172	0.0400313
2282.369873	0.326712
2283.388672	0.199292
2285.788330	1.81142
2286.822266	1.58535
2287.751465	0.646089
2288.558105	0.743422
2289.765625	13.5573
2295.511963	2.44787
2301.430908	6.43745
2304.965088	245.13
2308.779785	16.0261
2315.814453	33.1217
2324.150146	1.2553
2325.204834	0.185107
2326.369385	0.0652911
2327.099854	0.0135501
2340.395020	10.7062
2342.244629	0.474217
2344.165039	0.584012
2345.034668	0.144904
2353.341064	9.75108
2359.146484	0.276314
2360.651367	0.378044
2361.506104	0.295687
2362.341797	0.191818
2363.406982	0.391734
2366.148682	0.0815277
2368.720703	7.77657
2374.169678	0.13969
2375.366455	0.365514
2376.148438	0.00417582
2376.797119	0.016618
2377.838135	0.0709937
2378.902344	0.0381703
2379.657227	0.0175134
2380.822266	0.0216793
2382.444824	0.270396
2385.115967	0.838312
2386.694336	0.438336
2388.431641	0.213536
2389.823975	0.109568
2394.307129	0.255712
2395.679443	0.120074
2396.679932	0.0901376
2397.351074	0.0569236
2398.610840	0.0460671
2399.396484	0.0198608
2400.633301	0.949802
2407.197510	0.193419
2409.608154	0.134001
2410.515869	0.0512527
2411.335938	0.815375
2412.109619	3.4341
2415.308838	2.74664
2416.214844	0.350059
2417.598389	0.132847
2418.814941	0.264392
2420.453613	0.100582
2421.713867	0.0222807
2426.852051	0.270654
2429.343994	0.420035
2431.697754	0.203765
2433.131836	0.129804
2434.824463	0.0879408
2436.104248	0.088917
2453.362305	3.06514
2457.885742	1.60861
2463.029053	2.57176
2465.700928	0.379154
2466.868652	0.3501
2467.688477	0.184425
2468.789551	0.191796
2469.782227	0.176437
2470.960938	0.274938
2472.858643	1.09452
2474.671875	0.513883
2476.242188	0.761314
2479.390137	0.943948
2480.459229	0.746398
2481.256348	0.0667812
2482.469238	0.190158
2483.448486	0.121799
2487.054199	1.04229
2491.324707	0.217215
2493.180420	0.267634
2493.893311	0.148955
2494.898193	0.599185
2496.041504	0.696931
2498.098633	1.46773
2500.670898	5.10466
2505.130127	2.37652
2509.337891	0.568769
2511.103516	0.175856
2513.148193	0.215824
2514.002197	0.0580022
2515.807129	0.996559
2517.512939	2.61117
2520.976318	0.132888
2521.895996	0.164918
2522.729004	0.246931
2524.015869	4.52297
2530.521973	40.7865
2531.559814	56.83
2538.195313	4.47357
2544.544434	7.70733
2547.406982	0.806698
2548.767090	0.335582
2550.637451	0.361667
2551.605957	0.295656
2554.504395	0.573407
2555.830078	0.709616
2557.558350	0.325691
2558.840820	0.742941
2559.948730	0.905189
2561.214111	0.0596294
2561.906006	0.13102
2562.968750	0.699413
2570.321045	8.83221
2576.215820	2.28471
2581.503418	1.16691
2585.548340	1.25144
2587.466064	1.00537
2589.102051	0.361058
2599.529053	47.6628
2600.566650	10.8907
2602.780273	0.132878
2603.912598	15.1159
2609.814697	2.21415
2611.955566	0.233808
2613.197021	3.6073
2614.623047	0.824772
2615.568115	1.19149
2616.665039	2.75953
2617.851074	20.458
2621.803711	0.0986448
2623.598877	4.67225
2624.972900	23.8195
2629.531494	6.57156
2630.497314	9.42467
2635.348877	13.2704
2637.778076	7.42356
2638.527588	1.54927
2639.240479	1.64512
2640.602295	0.644602
2641.601318	0.436779
2642.377441	3.34837
2645.365234	84.8465
2658.076904	395.57
2660.093262	3.04106
2661.095459	99.1991
2666.603516	17.2294
2675.378906	2666.01
2687.560791	26.6072
2692.244141	1.78793
2694.111572	0.726766
2695.945557	1.61265
2697.973389	4.77782
2699.383789	0.499776
2700.383545	0.528864
2701.111328	0.10403
2701.877441	0.419099
2704.027344	3.41665
2715.654297	10.8598
2717.352051	4.724
2718.552734	0.704999
2722.970947	7.5207
2724.608643	2.917
2726.322021	3.74347
2727.937256	15.0899
2733.205811	5.71036
2735.866699	0.575095
2736.603516	1.22167
2739.386719	1.15824
2741.030273	15.2683
2747.251953	0.676031
2754.057373	13.481
2755.168457	1.27782
2755.988037	1.02881
2756.735840	0.300659
2757.555176	1.14074
2759.121826	32.5778
2771.383789	53.4215
2772.634521	32.3425
2776.624756	7.35215
2778.973389	8.26748
2781.874512	0.0449008
2782.479492	0.431214
2784.647461	1.24375
2787.494873	20.7858
2789.378174	22.4331
2790.715088	10.922
2791.380859	1.63524
2792.808838	119.845
2804.069336	4.83145
2808.822021	4.47708
2814.375244	10.2349
2819.712891	1.48519
2822.931152	0.619835
2824.113281	0.412299
2825.337646	0.166847
2826.136963	0.0690677
2827.424805	0.0352919
2833.661865	1.41273
2834.975098	0.396683
2839.275146	6.72006
2849.203613	0.283271
2850.429688	0.247016
2851.305908	0.228563
2852.102783	0.279953
2853.486572	1.40017
2861.217041	0.0249476
2862.622803	0.148092
2863.477539	0.126548
2865.719238	0.517174
2866.304443	0.0128539
2868.849121	1.14916
2870.669434	1.21829
2871.863037	0.457426
2872.623047	0.820081
2874.343262	13.6158
2885.371582	51.5199
2886.922363	76.7075
2893.092529	0.13968
2895.356934	4.53879
2896.313965	1.69257
2899.888428	0.234179
2902.003418	4.71043
2903.340820	6.76573
2904.473389	6.88583
2905.313477	40.658
2911.395996	3.89766
2917.403809	10.7239
2923.872070	1.99335
2924.618164	2.00523
2928.598145	4.09163
2930.716797	1.25914
2932.394775	0.840632
2933.954346	0.538503
2936.505127	0.0784002
2937.483398	0.0982139
2938.359863	1.06769
2943.286865	1.66381
2946.726074	0.571677
2948.443359	0.203447
2950.228027	0.166851
2950.861572	0.006326
2951.625000	0.0182099
2953.805420	2.03069
2959.742920	0.413394
2960.890381	0.362089
2962.487793	0.94314
2963.401367	0.854183
2964.293945	0.46798
2965.607910	0.251524
2966.678955	0.258847
2969.297607	0.00886801
2970.791992	0.240413
2971.919678	0.335163
2972.787109	0.0612562
2974.111816	0.0845709
2974.864258	0.294319
2976.751953	0.504122
2977.889648	0.592945
2979.866455	0.76131
2982.271240	1.39175
2984.440430	2.44272
2985.756348	3.04833
2988.631836	0.156807
2990.054932	2.20297
2991.760010	2.40622
2993.271973	2.85408
2997.731201	4.17416
2999.179443	4.97581
3000.673340	2.49657
3001.233643	0.605143
3002.263916	7.80251
3004.627441	0.168534
3006.803467	6.99302
3014.383301	7.04427
3015.382080	0.973258
3016.357422	1.43305
3017.400635	0.54235
3018.376221	0.618327
3019.339111	0.581448
3020.549316	0.829843
3023.058838	3.76277
3025.575439	0.470944
3026.521973	2.00534
3031.176270	0.114331
3032.242432	0.385246
3035.972656	0.0222104
3038.351074	0.264186
3040.595703	0.269755
3041.927490	0.0431296
3043.434814	0.759805
3045.155273	0.3331
3046.501709	1.18413
3047.705566	0.151711
3048.457275	0.448031
3050.312988	1.00588
3051.918945	2.40084
3053.717773	3.02603
3054.611084	1.75199
3055.500244	0.911153
3056.938721	4.613
3057.538330	1.63225
3058.812744	0.916709
3059.765381	34.0194
3066.232666	0.793904
3068.371338	0.176558
3071.370117	21.1295
3075.748291	154.845
3082.882568	1.8447
3083.679688	5.18584
3085.868164	0.138456
3087.042480	0.427656
3091.956299	1.81864
3094.748291	0.501855
3095.635254	0.827747
3097.073242	5.51211
3098.796631	0.464413
3099.840332	2.72874
3101.679688	4.38031
3103.580566	0.529973
3104.585938	0.125824
3105.813965	3.55983
3115.956787	0.109509
3118.147461	0.698479
3119.919922	0.420361
3122.012207	0.177578
3124.957275	0.46859
3126.637451	0.155765
3127.655029	0.383024
3129.021240	0.27666
3129.656250	0.177614
3130.714355	0.0407464
3132.786133	0.663713
3142.092773	0.73615
3144.271973	0.260861
3145.594238	0.451633
3146.623291	0.351554
3147.723633	0.0923317
3148.818604	0.214857
3149.695557	0.221009
3150.591797	0.0492889
3151.982422	0.0660546
3152.953857	0.0585449
3154.420410	0.412887
3160.137207	0.733684
3161.986816	1.85765
3163.870361	2.59047
3164.982178	0.0115955
3165.721924	0.288175
3167.371826	0.134406
3168.493164	0.0762057
3169.430908	0.0349349
3172.117676	6.46904
3196.858887	1.21988
3200.786377	0.102863
3202.315918	1.76261
3204.443604	0.905294
3205.180664	0.0707308
3206.296143	0.49979
3208.513184	0.654481
3211.463867	0.364537
3212.267090	0.555818
3213.575195	1.18148
3214.815918	0.0606012
3215.597412	0.314667
3221.345703	2.28039
3223.998779	2.85682
3226.913330	0.0227363
3229.166260	0.202061
3230.524170	0.021118
3231.808105	1.10726
3233.013672	1.40504
3234.102783	0.120166
3235.196777	0.430365
3236.534912	0.458386
3238.628662	3.03916
3245.581787	2.00176
3247.129639	1.79006
3248.678711	0.0335012
3249.176514	0.385629
3250.481689	0.139654
3252.998779	1.55597
3254.927979	0.74235
3257.143066	8.50159
3263.217041	11.6883
3267.572754	2.14176
3268.601563	1.03432
3270.927734	0.239184
3272.067627	0.512427
3273.423340	1.10626
3274.262695	1.42858
3277.294678	0.60574
3279.935791	1.60632
3282.025635	0.567815
3283.021973	0.465494
3284.221191	0.430765
3285.177002	0.119671
3286.247314	0.125111
3288.216309	1.8255
3289.860107	2.57889
3291.973389	6.78735
3299.245361	5.66101
3301.535400	19.4707
3303.303711	13.6457
3310.763428	9.93311
3316.438232	3.50506
3318.141602	0.22931
3319.850342	0.314124
3320.878906	0.185236
3321.987793	0.0979984
3323.199219	0.0813439
3324.014404	0.0037538
3325.656006	1.28424
3327.686035	0.621025
3328.474854	0.0311901
3329.694336	0.345575
3331.085693	0.0924835
3331.712158	0.0404198
3333.068115	0.00563955
3337.237061	0.103668
3338.707520	0.0571474
3340.011719	0.036239
3340.896729	0.0111913
3342.267578	0.0166188
3343.303223	0.00972035
3344.073242	0.000340445
3349.028320	0.0147038
3385.002686	3.48288
3392.544922	0.0859677
3395.211426	0.286503
3396.409180	0.263417
3398.111816	0.232712
3398.731689	0.0749554
3400.066406	0.197577
3402.160156	0.140097
3403.205322	0.22821
3406.067383	0.850419
3408.009766	0.455268
3410.084473	0.304967
3415.222412	1.3217
3421.024902	0.0655999
3422.457275	0.108768
3423.474365	0.0952477
3424.723145	0.061966
3425.910889	0.0566519
3428.666504	0.262383
3430.512451	0.145164
3431.701904	0.335888
3434.080566	1.46377
3440.310791	0.109852
3441.666016	0.170254
3442.593018	0.225045
3444.032471	0.188929
3444.977783	0.0503039
3445.950684	0.0554431
3448.560303	0.439346
3449.593750	0.334957
3451.297607	14.0953
3462.215332	4.0204
3463.324707	1.89056
3464.623047	3.5744
3465.603027	19.3536
3473.082764	6.75269
3480.349854	5.8253
3484.233398	0.320737
3486.261719	0.229581
3489.145996	1.10876
3490.846680	0.755499
3491.663818	0.020828
3492.987793	0.423436
3494.318604	0.360663
3496.849121	1.3197
3506.034180	0.354637
3509.934326	0.675239
3512.898682	1.38892
3514.906494	0.816504
3517.090088	0.576798
3518.775146	3.14432
3521.747559	2.42477
3523.492920	0.785442
3525.433350	1.12194
3529.601563	4.56951
3534.776855	4.30495
3536.258057	0.887699
3537.965088	2.8029
3543.668213	2.12021
3544.647949	0.340622
3545.513184	0.151221
3547.175049	0.338854
3548.012695	0.466157
3549.603027	1.21786
3551.077637	1.73032
3553.114014	2.71026
3558.902344	0.343054
3564.692627	2.281
3570.208496	0.0445931
3571.662598	0.341479
3572.764648	0.313963
3573.864014	0.150977
3575.218506	0.142317
3575.971191	0.0220303
3576.805664	0.233306
3578.005127	0.355643
3580.440430	0.049901
3581.353516	0.150177
3587.034668	0.0876276
3589.360596	0.340696
3591.340088	0.0658553
3592.340332	0.302054
3592.732666	0.019407
3594.107910	1.17901
3597.032227	0.142895
3598.332764	0.959652
3600.214844	0.0885162
3601.355713	0.525995
3605.233887	4.96353
3607.288330	5.41332
3608.622559	7.7943
3610.760010	0.0806063
3613.245117	13.1047
3625.164063	0.359027
3627.931885	1.13909
3630.380615	8.26508
3633.530029	0.899698
3635.761963	11.0063
3639.418945	2.63617
3642.910156	0.23916
3644.467773	0.160986
3645.491943	0.437997
3646.783691	0.209245
3647.805908	0.126695
3648.968506	0.105937
3650.218262	0.036086
3651.687256	0.378726
3664.623779	1.21258
3667.069336	3.43669
3671.835205	1.89052
3672.878906	5.13828
3677.554443	3.89469
3680.986572	0.424556
3682.237305	0.335924
3683.608887	0.194426
3684.486084	0.296399
3686.649414	0.946013
3689.950195	0.00488322
3695.769287	2.40528
3704.071533	3.48791
3708.399902	12.0293
3716.328369	1.6704
3721.865479	26.6368
3726.203857	4.64792
3735.039551	3.11741
3736.124023	0.178235
3738.171631	0.766357
3740.983643	2.52593
3742.841553	1.13048
3744.822266	1.78162
3747.604492	0.133167
3750.208008	0.221723
3752.971924	1.50447
3759.371338	0.199361
3762.797607	0.11293
3765.459473	3.40432
3768.094238	1.82273
3769.938477	0.980273
3771.923584	0.458633
3773.305176	0.0580849
3775.095459	0.362627
3776.855225	0.243255
3778.898926	0.0761396
3779.924805	0.00738684
3781.954102	2.34348
3790.686768	0.100441
3792.694824	0.325894
3794.381348	0.376499
3795.264893	0.0492848
3799.181152	3.25507
3800.878174	7.06013
3808.651855	8.03478
3810.552734	0.106775
3812.781738	2.16944
3813.953125	0.507445
3816.395508	1.42949
3819.542480	4.70149
3820.608887	1.93119
3822.990967	32.1344
3834.474609	80.856
3835.790771	133.958
3847.164307	9.28363
3854.502930	522.128
3863.378174	0.532146
3864.584961	0.629003
3867.094482	0.189007
3872.589844	20.9961
3874.400146	6.06378
3876.573486	1.90462
3877.919434	2.45697
3890.863770	19.2304
3893.124268	1.50146
3895.534668	14.7313
3902.344971	6.41318
3903.461182	10.2401
3909.002686	2.01149
3910.607910	4.59442
3913.629883	0.255898
3916.089844	4.57617
3925.006836	1.38431
3926.242920	3.07316
3932.666748	7.48937
3933.801025	5.07143
3936.044678	0.156076
3938.160400	10.0619
3944.115234	0.464353
3948.752686	13.0807
3952.263428	23.4072
3955.951904	4.89635
3960.582275	0.138934
3962.004883	0.367383
3967.874756	15.2852
3970.787598	2.66294
3972.927002	1.7171
3974.739990	1.90586
3976.802490	2.74453
3986.315430	7.4942
3988.819092	0.0857179
3989.867432	0.292641
3991.226074	0.479524
3992.125732	0.602527
3994.664551	0.579367
3996.156738	0.78556
3998.339600	1.45897
4005.986084	0.566333
4008.431152	0.179439
4009.596924	0.133042
4010.383057	0.026446
4011.104492	0.0194877
4012.174316	0.0963677
4013.985596	2.41286
4020.667725	12.8383
4024.711914	2.5608
4025.638916	2.36735
4028.230225	0.194093
4029.606445	3.65701
4035.782715	0.279593
4036.805176	0.559109
4038.334229	2.34423
4042.214111	0.415918
4044.219727	0.862136
4045.926270	0.2884
4047.950928	0.0800609
4049.764160	1.02853
4052.797852	0.0920324
4054.241211	0.0717693
4055.854004	6.44605
4060.246338	1.26463
4062.911133	0.632788
4063.901611	0.410639
4065.324951	1.75781
4072.062256	0.818488
4074.146484	1.15661
4076.023926	0.581001
4077.028564	0.0288533
4078.360596	0.278667
4079.598877	0.592846
4084.499023	0.323721
4086.891846	1.98142
4090.330566	5.79087
4092.061768	1.34642
4093.554199	0.587245
4095.219727	3.72883
4098.571777	1.76918
4103.084473	0.329417
4104.115234	0.0807948
4105.036621	0.016811
4106.935547	0.426654
4108.127441	0.198052
4109.162598	1.1559
4111.068848	0.419845
4112.380371	2.7451
4113.759277	8.4622
4117.263184	0.395839
4118.621582	0.391901
4122.017578	2.98848
4127.995117	1.09955
4129.139648	0.284383
4130.411133	0.209818
4133.366699	0.528647
4136.227539	0.839123
4138.110840	1.37314
4140.208984	0.4
4142.208496	0.267747
4143.984375	0.27477
4145.119141	0.150059
4146.157715	0.111079
4147.727539	0.0743499
4148.655762	0.109251
4153.104492	0.100301
4154.299316	0.100193
4155.255371	0.0351131
4156.963867	0.0171342
4158.535156	1.18011
4161.199707	0.137932
4162.444824	0.184884
4164.937012	6.53081
4167.736328	0.180391
4168.738281	0.244699
4169.827148	0.360342
4170.856934	0.0362357
4171.523438	0.0271047
4172.379395	0.101096
4173.584961	0.0860422
4176.680664	0.515705
4178.151367	0.230941
4179.271484	0.193175
4180.437012	1.70961
4185.046387	0.763875
4186.933594	0.977811
4188.667969	1.3881
4191.249512	0.646835
4192.715820	0.968631
4193.578613	2.14418
4196.806641	0.417981
4198.910645	2.98283
4200.540039	1.5299
4203.118652	0.775515
4205.855957	1.55022
4210.467285	0.332087
4212.309082	0.276662
4218.089355	4.05948
4220.612305	4.45287
4222.541016	2.42257
4224.930664	0.885985
4226.958008	0.828607
4227.586426	0.0523035
4228.637207	0.0687576
4231.185059	1.62698
4237.893066	11.5351
4243.481445	5.80364
4245.046875	2.43274
4249.254883	0.060713
4251.679688	3.05666
4252.807129	0.855901
4257.305176	0.188248
4260.218262	1.77128
4262.208496	0.611265
4263.649902	0.218723
4265.011719	7.64221
4271.957520	0.150034
4273.058594	0.143848
4274.267578	0.27253
4279.768066	74.8282
4296.296875	101.252
4300.385254	4.01351
4303.316406	8.44345
4313.322754	7.13879
4317.556641	11.8434
4318.945801	5.10859
4321.436035	11.7343
4337.287109	2.32511
4339.548340	0.753599
4341.509277	0.726968
4343.538086	0.302368
4344.710449	0.105037
4345.872070	2.08149
4353.354492	1.59082
4354.917969	0.396589
4355.946777	0.0428776
4357.240234	0.197099
4358.541504	0.0377412
4359.731445	0.0268595
4362.108887	3.01886
4367.515625	0.248922
4368.643555	0.328335
4369.829102	0.211863
4371.255371	0.0768202
4374.347656	3.66426
4387.811035	2.65197
4392.584961	1.30048
4395.609863	1.69614
4396.791016	0.50821
4397.592773	2.69912
4400.255371	0.180259
4401.930176	1.00868
4403.417969	5.21937
4405.013672	5.234
4407.248535	0.660613
4408.886230	0.457233
4409.668945	0.0347009
4417.383301	56.7979
4421.296387	2.03507
4422.485352	8.56217
4430.947266	12.4171
4434.605469	137.121
4445.809082	3.19953
4447.288574	0.556457
4448.126465	0.834436
4451.849609	1.38776
4454.313965	0.788891
4456.825195	0.179285
4462.716309	3.28351
4464.253906	0.130339
4465.461426	0.866507
4468.929199	4.48307
4472.952637	12.7706
4480.471191	12.4937
4486.155762	1.53554
4487.217773	0.194051
4488.287598	0.165872
4489.295898	0.424402
4491.756348	0.276982
4493.091797	0.631296
4494.721680	1.08549
4496.702637	0.992015
4498.704102	1.13158
4500.494141	0.705997
4501.560059	0.338433
4502.633789	0.640394
4504.268555	0.202782
4505.285156	0.0636396
4506.660156	0.948379
4514.483887	0.72502
4519.395020	7.33917
4524.383301	10.4631
4529.054199	3.545
4534.004395	1.04821
4535.917480	1.25868
4536.391602	0.0144823
4538.032715	1.30848
4539.512207	3.27562
4542.082031	0.429213
4543.778809	4.42991
4548.701660	0.126941
4551.110840	0.333872
4552.356445	0.285702
4553.072754	0.0679369
4554.807617	0.0755346
4556.732422	0.188008
4561.273438	0.0245582
4562.537109	0.174133
4564.754883	0.101396
4566.609375	0.0679689
4572.138672	0.448838
4574.061523	0.0892911
4575.204102	0.0757026
4576.229492	0.879392
4580.324219	2.29474
4585.184082	1.19859
4587.445313	0.0421148
4588.760254	0.565592
4594.506836	7.0652
4599.583496	6.85281
4603.459473	1.48397
4604.847168	3.36765
4610.014160	7.43992
4613.779785	0.462231
4617.502441	1.05888
4621.050293	0.081501
4624.994629	1.10886
4627.529785	0.626821
4629.479492	0.694869
4631.170410	0.318134
4633.097168	0.241273
4634.987793	10.0987
4641.481445	14.0072
4645.703125	1.51916
4649.544922	0.000960344
4650.832520	0.57905
4653.068848	1.77277
4654.580566	10.969
4660.387207	4.40662
4661.839355	1.03965
4664.475098	0.198531
4668.497070	0.520342
4672.592773	0.169175
4676.125977	0.185053
4677.599121	0.119071
4680.336426	0.171911
4682.911621	1.80159
4688.766602	1.65353
4691.791016	6.75358
4696.909180	7.14967
4700.333008	0.169678
4703.714844	1.44533
4706.106445	1.20278
4707.774414	0.394089
4708.585938	0.142781
4709.996582	2.10517
4717.494141	2.66783
4723.846191	2.60159
4733.850098	0.0500886
4735.535645	0.321673
4737.007324	2.64981
4742.355957	8.44933
4746.812988	17.5355
4752.119141	2.38402
4758.088867	0.933852
4759.555664	1.20164
4762.872070	3.31424
4765.203125	0.25815
4767.500000	2.40048
4772.005371	0.11284
4774.821777	2.13437
4778.892578	2.0708
4781.277344	1.10547
4782.633789	0.464477
4783.613770	0.626063
4785.306152	0.190469
4786.452148	0.0322098
4789.101074	1.69622
4791.688477	0.784509
4793.830078	0.259086
4796.385254	0.225209
4797.336914	0.209713
4799.008301	0.2164
4800.147461	0.0145555
4801.537598	0.114492
4803.177734	0.0684299
4804.393555	0.243667
4810.300293	0.158667
4812.285645	0.0318738
4813.428223	0.110532
4815.277832	0.0247963
4816.063477	0.0171343
4817.698242	0.0280994
4820.065430	0.193887
4832.515137	0.00557429
4833.403320	0.00548812
4834.067871	0.000469609
4835.463867	0.00241152
4836.362305	0.00308933
4837.636719	0.00689827
4838.679199	0.00863168
4841.939941	0.245898
4843.992188	0.0209374
4845.646973	0.749639
4847.946289	0.484369
4850.375000	0.33873
4852.460449	1.35047
4856.217773	0.398787
4857.650879	0.450236
4858.509277	0.151628
4860.398926	0.14687
4861.184082	0.0803732
4862.190918	0.238442
4863.498047	0.596379
4865.932617	0.176802
4867.084473	0.111426
4868.216797	0.071113
4870.050293	0.133817
4872.833008	0.818282
4874.482422	2.6796
4877.386230	2.547
4879.564453	0.713893
4881.643555	0.591824
4882.594727	0.00684082
4883.519531	0.0549167
4885.573730	0.0567742
4888.029297	0.217571
4889.138672	0.493104
4890.423340	0.662925
4892.015625	0.138882
4893.084473	0.189076
4894.253418	0.204119
4895.703125	0.0581288
4897.020996	0.0329314
4899.184570	2.92738
4910.820313	11.3603
4920.252930	1.31445
4921.413574	0.319563
4922.589355	0.101695
4924.191895	0.0837999
4925.676270	0.286416
4928.822754	0.0544897
4930.104492	0.013339
4931.252441	0.0123402
4933.109863	0.0170121
4934.244629	0.113631
4937.589355	0.593699
4939.811035	0.239194
4941.136230	0.041674
4942.423340	0.0936505
4944.035156	0.0636816
4951.527832	8.15718
4965.009277	0.401984
4967.205566	0.1763
4968.903809	0.0519318
4970.631836	2.67168
4972.260742	3.30037
4980.384277	2.46518
4986.337891	3.31208
4990.891602	5.03166
4995.878418	0.781731
4999.926270	1.00713
5005.025391	0.613868
5009.495117	0.219918
5012.031738	0.667089
5014.322754	0.150596
5016.343262	0.16489
5018.983398	1.26156
5022.676758	0.271185
5025.737305	4.84016
5031.102051	8.46841
5038.889648	5.29734
5040.223633	6.77462
5046.285645	1.22051
5049.667480	0.683833
5053.878906	0.516835
5055.077637	0.0969801
5056.492676	0.16187
5058.230957	0.103473
5059.193359	0.0356961
5060.990234	0.469466
5063.460938	0.162072
5065.679199	0.125216
5067.844727	0.0306755
5074.202148	1.5133
5083.064453	0.151041
5086.544922	0.733409
5088.929688	0.969561
5090.929688	0.469175
5093.487305	0.174618
5094.911621	0.0176071
5101.604980	0.422785
5104.745117	0.192727
5106.092285	0.173985
5107.018066	0.125075
5109.024414	0.151105
5111.795898	1.01693
5114.979980	0.696041
5117.150391	0.261626
5119.650879	0.19978
5121.513672	0.0244615
5123.812988	0.0214296
5125.611816	0.0360932
5126.878418	0.0272065
5128.198730	0.0117665
5129.836914	0.0102544
5130.926758	0.00465298
5134.991211	0.858771
5146.365234	0.0954567
5148.051758	0.0475277
5149.097168	0.0243133
5150.715332	0.0376522
5152.105957	0.0171748
5157.872070	0.0674019
5158.809570	0.0205255
5160.326660	0.608371
5168.028320	1.69457
5170.056641	3.66849
5172.723145	5.33873
5174.864258	1.5946
5177.380859	0.915296
5178.721191	0.322156
5182.409668	0.0878799
5183.613281	0.637359
5185.330078	0.606605
5186.530273	0.306215
5188.071289	0.294871
5189.458984	0.151384
5190.452148	0.0314657
5192.926270	0.724648
5200.187988	0.408951
5202.308105	0.837719
5208.667480	1.63088
5210.727051	3.77435
5214.355957	1.84404
5215.137695	0.606868
5217.060059	0.138375
5219.514648	7.29661
5231.417969	2.25934
5234.973145	2.39297
5236.638672	1.53935
5239.630859	0.8217
5241.998535	1.50182
5255.315918	3.15125
5256.875977	1.30825
5260.085449	0.96739
5262.036621	2.52342
5264.264160	0.436972
5267.196289	1.42533
5270.854980	0.284419
5272.988281	0.0378271
5277.285645	1.7152
5282.121094	6.26489
5285.015137	0.268083
5286.892090	1.31507
5289.550781	3.51546
5294.601563	0.57755
5296.251465	1.76877
5298.400879	1.68045
5300.047852	0.834388
5301.268555	3.33056
5302.973633	2.62893
5304.051758	9.94939
5312.527344	5.07324
5313.867188	1.00331
5317.041504	0.111274
5319.030762	0.266003
5320.027344	0.286713
5322.508789	0.335947
5324.774414	10.7904
5331.683105	10.9404
5335.126465	0.00689368
5339.814941	8.43235
5347.008789	5.95166
5350.921387	0.716346
5352.506836	0.71696
5355.055664	0.0785393
5358.169434	0.876397
5359.546875	0.135907
5361.008301	2.80291
5364.288086	3.95315
5366.365234	1.63059
5368.824707	1.05324
5370.636230	0.647555
5373.069336	0.163122
5374.276367	0.0507104
5375.886230	0.056449
5377.389160	0.0648688
5379.007813	0.294162
5380.533203	0.177263
5381.750977	0.0289786
5383.504395	0.0732791
5385.231934	0.620254
5392.013672	1.65664
5394.379395	0.126181
5395.699219	0.502499
5396.582520	1.30486
5403.123047	2.85896
5405.533691	4.77063
5408.480957	5.39764
5410.567871	1.42247
5412.673340	0.448729
5414.809570	2.01695
5416.785645	2.71153
5419.237793	0.994269
5421.341309	0.533878
5422.453125	0.252512
5424.100586	0.602024
5427.006836	0.0448592
5432.992188	2.5473
5436.027832	11.339
5444.887207	13.1644
5456.581055	9.5966
5462.576660	0.530193
5464.085938	0.511373
5465.062500	1.18646
5468.852539	0.274356
5471.203125	0.249306
5472.486816	0.125273
5473.657715	0.342514
5474.903320	0.0778791
5476.233398	0.636133
5478.106445	0.562736
5480.821289	0.0942551
5484.116699	3.82729
5492.629883	0.175429
5494.922363	0.108767
5497.967285	0.0811267
5499.512695	0.163212
5500.579590	0.446872
5503.988770	1.10225
5523.216797	9.00672
5525.240234	1.22358
5526.498535	0.717459
5527.359375	0.236669
5528.731934	0.456197
5529.422852	0.297931
5531.469727	0.108661
5532.798828	1.82899
5534.989258	0.405713
5536.659668	5.65529
5539.272949	6.08216
5541.244141	4.57122
5543.570313	4.67353
5545.997070	5.50819
5548.337891	10.8018
5555.117676	0.0475885
5559.530273	2.29281
5561.718750	13.5978
5571.795410	25.617
5579.271484	20.3
5583.583496	0.560819
5585.238281	1.88192
5587.631836	0.475643
5590.062012	0.401684
5592.687500	2.40513
5594.894531	2.91584
5598.238281	10.0314
5604.826660	5.41798
5607.168945	1.25493
5616.662598	2.7206
5619.018555	2.0827
5621.088379	2.05755
5623.611328	1.14219
5625.533203	8.76937
5630.816895	1.485
5640.014160	88.0068
5642.289551	184.264
5650.199219	0.144416
5657.286621	306.359
5666.541992	0.747112
5668.206543	1.07931
5669.597168	2.06032
5674.157715	2.17918
5676.312988	4.2671
5678.236328	0.990561
5681.466309	0.875593
5682.865234	0.755525
5684.471191	0.348048
5685.699219	0.350364
5687.492676	0.0801861
5690.715332	7.70157
5694.076660	3.10979
5696.931641	15.6852
5701.960938	3.26383
5707.142090	1.31042
5708.682617	0.982738
5711.749023	2.86657
5712.790039	0.778391
5714.863281	1.0582
5716.106934	4.43902
5719.464844	3.70185
5722.193359	5.99467
5724.034668	3.8215
5726.104980	2.42554
5728.520996	3.194
5730.301758	2.1355
5736.390137	46.641
5740.998535	7.66463
5743.368164	9.98197
5748.590820	6.218
5754.918457	142.559
5757.228027	133.171
5765.352539	1.1263
5771.939941	180.685
5773.855469	249.115
5793.977539	24.0505
5796.681152	10.4267
5805.579102	8.44446
5809.026855	0.0831475
5811.860352	0.823118
5813.403809	1.02845
5814.823730	5.16294
5818.695313	8.99882
5820.480469	1.3726
5823.187988	1.31721
5828.256348	3.02217
5830.487793	1.10203
5832.550293	0.60017
5834.740234	0.379033
5837.236328	1.63212
5839.801270	0.6112
5841.707031	0.892532
5845.158691	0.511701
5847.079102	0.625097
5850.768066	10.1207
5863.650879	5.45267
5870.610840	8.5022
5873.271484	9.36501
5883.816406	4.42038
5889.342773	13.2823
5894.211914	0.346474
5898.374023	8.50552
5902.695313	0.669764
5908.784668	1.30248
5912.663086	9.45403
5918.761230	10.6069
5923.620117	1.4104
5928.034180	7.96514
5931.655762	0.386525
5933.464355	1.51766
5935.012695	0.386618
5936.507813	5.59708
5945.248047	3.06568
5948.014160	2.70988
5950.642090	3.14054
5953.036133	1.32127
5956.065430	5.19449
5961.259277	1.07147
5962.541016	0.196497
5963.901855	3.06955
5970.306641	0.0551934
5974.869629	1.43358
5981.084961	21.3997
5995.435059	6.69149
6000.941406	4.54613
6009.683594	1.45843
6011.386719	0.437948
6012.583984	1.45192
6015.461914	12.9981
6022.126953	10.4451
6024.961914	0.0889651
6026.613770	0.0580391
6028.476074	17.2193
6034.781250	27.3271
6042.032715	5.80772
6046.502930	3.82024
6048.575684	1.77572
6051.039063	0.184063
6052.358398	0.685058
6055.306641	2.11001
6058.404297	1.626
6060.970215	1.00131
6064.393555	1.76205
6067.378906	1.73986
6069.695313	0.325151
6072.928223	10.3502
6082.273438	13.5473
6086.438965	0.254538
6088.310547	1.42239
6096.107422	1.61102
6097.960449	0.309963
6100.784668	0.256194
6102.184570	0.704983
6106.225586	0.856972
6108.935547	1.23396
6111.021973	0.894737
6113.681641	0.626441
6115.822754	0.405019
6119.244141	10.7319
6127.212402	11.2049
6132.805664	11.8151
6142.495117	9.54255
6144.416992	29.7969
6154.704590	24.554
6159.138672	0.340829
6164.685547	6.05644
6171.600098	5.52279
6177.234375	11.6643
6182.304688	0.645375
6185.020996	2.96609
6188.471680	1.55026
6190.200195	0.238049
6191.553223	0.117891
6193.304688	0.0760815
6194.675781	0.117175
6196.172852	0.220352
6199.344238	1.34266
6200.632324	3.74525
6206.822754	1.62243
6209.638672	11.0176
6217.342773	5.4589
6223.591797	1.79833
6226.518066	15.5866
6231.642578	6.61047
6236.764160	5.40643
6238.950195	1.95727
6241.405762	1.06375
6245.040039	1.28351
6247.613770	1.16443
6250.360352	2.18246
6252.964844	8.99144
6256.810059	1.45341
6259.404785	0.633635
6261.426270	0.71619
6266.751953	3.38307
6270.583984	3.13662
6272.752441	1.61412
6275.107910	1.1392
6278.605469	0.772165
6280.783203	5.84431
6288.810059	5.01998
6293.560059	0.138953
6297.275391	1.51533
6309.641602	2.10385
6312.545410	0.920099
6314.463867	2.49915
6316.433105	12.1645
6323.137695	13.8462
6328.513672	2.28826
6329.873535	0.140466
6331.601074	0.4675
6333.224609	0.428387
6334.793457	0.182424
6336.214844	1.1002
6338.414551	2.41352
6340.995117	1.21009
6343.461426	0.415138
6345.183594	0.365191
6346.874023	2.50078
6348.912598	1.77974
6351.922363	1.32366
6356.479980	2.24411
6360.561035	8.77524
6367.133789	38.2267
6376.061523	0.159294
6383.638672	109.666
6392.423340	5.91286
6394.486328	5.20789
6400.062988	114.307
6402.081055	79.6053
6407.258789	25.7994
6421.187500	24.3099
6424.858887	3.58947
6426.620605	6.23043
6432.127441	1.54694
6434.531250	0.354588
6440.019531	3.46857
6442.264648	0.849815
6444.708984	4.75011
6451.223145	1.80573
6456.851074	1.75153
6459.171875	0.433373
6461.010254	0.494547
6463.507813	0.60406
6465.990234	0.284531
6468.446777	0.10163
6481.197754	27.819
6483.609863	18.928
6492.720703	0.452795
6495.614258	6.08279
6497.998047	7.52506
6502.666504	43.0338
6513.277832	23.395
6523.219727	4.93963
6526.206543	0.722266
6527.941406	1.16338
6530.598145	0.169831
6532.215820	1.98106
6534.740723	0.895673
6537.271973	1.00502
6539.607422	1.11135
6557.808594	9.37566
6560.479492	9.24784
6566.613770	1.13877
6571.617188	8.76832
6577.336914	4.7973
6590.161133	4.08751
6597.187500	2.59271
6602.265137	0.501565
6604.325195	1.09821
6605.250977	0.12703
6606.955566	0.355793
6609.913086	2.96482
6615.082031	3.4121
6619.569824	0.958971
6622.140625	0.902918
6624.791016	0.404894
6627.407227	0.188396
6629.331055	0.0569147
6631.750977	0.776099
6634.349609	0.440613
6635.509277	0.0161227
6637.418945	0.179683
6639.145996	0.0830342
6640.271484	0.015659
6643.729492	0.269083
6647.966309	2.23641
6650.742188	1.59207
6652.627930	0.378484
6653.502441	0.360243
6655.964355	1.78453
6658.474609	1.69173
6661.177734	1.93103
6663.650391	2.55331
6668.466797	0.990114
6670.715820	1.38067
6673.297852	0.279336
6675.078125	1.36883
6676.374023	0.565526
6679.093262	2.46835
6681.801758	2.00277
6683.924316	2.86359
6686.448730	0.883761
6689.053223	1.99445
6692.974121	1.70927
6695.220215	0.727896
6697.628418	0.629142
6699.282227	0.587637
6702.308594	0.457579
6703.906250	0.429073
6705.140137	1.15201
6708.400879	0.129072
6712.140137	2.44434
6728.125977	8.372
6735.621582	2.06898
6738.394531	0.774183
6740.893066	2.75452
6748.250977	2.02974
6751.569336	7.96955
6753.032227	21.0366
6761.851074	22.5676
6766.407715	0.941021
6769.492676	1.67478
6773.241211	0.528866
6776.083496	0.434264
6778.641602	0.197535
6781.567871	0.115298
6785.911133	0.514085
6789.300293	1.58317
6792.149414	0.331245
6793.891602	1.76362
6797.670898	7.85795
6802.052246	0.615913
6804.266113	2.1647
6806.560059	0.639815
6808.402344	0.384283
6809.588867	0.155662
6811.325195	0.149941
6814.379883	0.541237
6818.833008	0.562738
6821.832031	0.641523
6823.764648	0.745875
6830.048340	3.68667
6834.267090	2.29111
6836.209961	0.57272
6839.250977	2.21174
6842.537598	0.290431
6845.028320	0.566238
6852.818359	3.99238
6856.435547	6.43988
6859.398438	2.44032
6861.708008	5.57906
6868.478027	4.44264
6877.591309	4.92505
6880.305664	3.46757
6882.870117	2.11153
6886.070801	21.924
6896.982910	1.02518
6899.348633	2.59949
6902.192383	1.5197
6904.461914	3.46799
6909.771973	0.164062
6913.051758	3.25243
6923.123047	3.42004
6929.046387	2.91868
6934.739258	3.41623
6936.794922	0.126166
6939.789551	0.477388
6941.814941	1.26463
6943.724121	1.4811
6946.050293	0.935934
6948.213379	2.63052
6951.218262	3.83138
6955.770020	11.2672
6960.155762	11.255
6970.342285	38.2424
6972.195801	13.444
6975.032227	14.9342
6979.881348	0.297227
6983.331543	6.52708
6989.401367	1.57482
6992.209961	0.295496
6994.116699	2.34471
7004.612305	14.3381
7010.683594	2.5242
7015.942871	0.108313
7020.582031	3.85186
7025.422363	8.57218
7034.221191	31.6693
7038.694824	0.397116
7041.208984	3.92331
7043.232910	0.743331
7045.584961	11.4285
7052.952637	12.1844
7058.770020	1.01381
7064.412109	1.19479
7067.174805	0.307987
7069.985840	0.834044
7072.128906	0.432177
7074.351563	0.0684586
7075.863281	0.351283
7079.491211	5.70749
7085.855957	3.42735
7089.298340	13.0685
7096.129883	9.89503
7101.100586	0.875349
7102.219727	0.218143
7107.715332	0.632563
7109.459961	1.27841
7112.489258	0.617914
7114.716309	5.76096
7128.234375	67.3108
7145.828125	31.2956
7148.118652	31.8021
7156.384277	0.436277
7161.725586	2.67112
7165.271973	2.89975
7168.258789	0.255769
7170.636719	9.24268
7180.978027	3.93727
7188.839844	10.9724
7195.013184	11.1207
7199.114258	1.7473
7201.995117	1.15738
7204.845215	0.664348
7207.003906	0.55039
7211.642090	0.805607
7214.088867	3.8387
7218.399902	1.52791
7220.907227	1.53767
7222.939453	0.132295
7224.514648	0.695973
7225.979492	0.148737
7227.606934	0.608561
7231.060059	0.197394
7236.645020	8.76287
7238.972168	0.0607983
7242.472656	9.44324
7247.603516	13.7505
7253.685547	0.516139
7255.555664	2.86573
7257.189941	0.377266
7258.289551	4.96038
7263.767090	4.77571
7269.297852	2.92224
7274.281738	0.157483
7278.957031	1.73285
7285.599609	1.29905
7292.114258	1.96588
7298.002930	0.540706
7299.622070	2.21744
7302.673340	0.339627
7304.975586	0.63134
7308.145020	0.930439
7310.799805	0.383336
7313.820313	0.451304
7316.611328	0.143156
7318.277832	0.0603393
7320.418945	0.17471
7321.946777	0.139607
7323.695801	0.224683
7325.684570	0.250232
7327.114258	0.158593
7328.900879	0.495078
7332.225586	0.0232809
7337.520508	9.80012
7349.553223	16.9383
7356.960449	4.01425
7358.506836	0.640896
7361.732910	2.30844
7365.960938	0.720688
7367.637695	0.273317
7369.053223	0.281956
7371.195801	1.16417
7374.329590	0.319003
7377.109863	0.250458
7383.893555	1.55097
7385.725098	0.505135
7388.787109	2.694
7395.743164	0.140125
7398.001465	0.454071
7400.716797	0.28779
7403.441406	0.124838
7405.848633	0.0536398
7407.465820	0.0312199
7408.765137	0.0155602
7411.608887	0.564498
7419.422363	0.20188
7424.264160	1.03784
7427.161133	0.779424
7430.412109	1.02564
7432.067383	0.981056
7435.741699	0.783019
7438.457031	1.02093
7439.972656	1.53995
7443.423828	0.391423
7445.672363	1.98726
7455.736816	5.537
7457.722168	0.3593
7460.096680	3.76975
7469.113770	0.049881
7470.675781	0.0100311
7475.738770	3.95416
7484.896484	1.54145
7492.895996	2.94565
7497.466309	3.34223
7499.948730	1.77568
7503.409668	2.15679
7505.177734	6.21292
7521.848145	13.8873
7528.099121	0.148274
7530.823730	0.387308
7536.909180	6.0086
7540.745117	0.0685326
7542.207520	1.93659
7552.981445	2.73908
7555.591797	1.18171
7559.412109	3.46431
7567.516113	2.22874
7572.826660	0.74196
7581.938477	4.08394
7587.696289	1.51068
7590.290039	0.631276
7592.772949	0.396729
7597.509766	3.22286
7603.203125	5.19273
7607.928223	1.60505
7610.467773	1.43685
7612.728516	0.452449
7620.240723	1.94272
7623.647949	0.849029
7626.381836	0.740068
7629.303711	0.218292
7632.177246	0.171229
7636.767090	0.0916178
7643.560547	4.0281
7650.733887	0.686978
7652.793945	1.37904
7656.497070	0.777042
7657.778320	1.53643
7661.372559	0.064926
7663.817383	0.780061
7667.165527	0.110204
7670.611816	0.523744
7672.369629	0.0449026
7676.354004	0.345456
7682.974609	5.68724
7690.302734	1.37511
7692.016602	4.35318
7700.145508	8.82585
7709.605469	0.750143
7711.333496	0.909399
7714.856934	1.05019
7718.011230	2.01181
7720.780762	1.61147
7722.126953	0.0386052
7723.612305	0.753397
7725.705078	0.143463
7732.605469	0.450717
7734.425293	0.169766
7736.273438	0.651613
7738.250977	0.22145
7739.979492	0.161403
7741.916016	0.58863
7743.497070	3.24448
7748.208496	3.4542
7750.573242	0.831276
7753.741699	0.900959
7756.149902	0.036496
7760.383789	3.93516
7765.542969	1.51749
7767.938965	0.474427
7771.362305	0.286661
7774.074707	0.0207915
7777.371094	0.0191183
7781.240723	0.0111178
7783.798340	0.10734
7785.753418	0.0862881
7787.145996	0.0183018
7789.299316	0.0930288
7791.395996	0.0556589
7796.055664	1.54361
7804.702148	1.32424
7811.270508	0.788132
7815.588867	5.08482
7825.476074	2.22626
7827.485352	2.32066
7829.302246	1.01713
7830.544922	7.59617
7843.665039	4.82584
7849.693359	0.790229
7852.236816	4.16983
7858.913086	7.64212
7866.662109	4.25151
7869.344238	0.541654
7871.295898	0.691356
7872.993164	0.257399
7874.496582	0.596829
7878.979492	0.370545
7882.877441	4.33902
7886.218262	3.30551
7888.691895	1.9831
7891.582031	1.96803
7897.545898	0.154206
7899.762207	0.131068
7901.640625	0.275688
7903.307129	0.276288
7905.159668	0.868159
7907.059570	0.102662
7908.318359	0.268389
7910.479980	0.0816137
7914.951172	0.645319
7916.958984	0.378515
7919.651855	1.79713
7925.687500	1.72818
7929.996094	2.25631
7934.323242	9.07709
7942.861816	3.16401
7945.353516	0.101793
7946.867188	0.142039
7949.505371	0.32192
7953.397949	0.852904
7956.995117	0.765658
7959.468750	1.24973
7961.687500	0.467808
7963.611328	1.41671
7964.838867	0.334275
7966.722168	0.351096
7969.609375	2.14964
7982.171875	2.2843
7984.392578	0.655056
7987.834473	0.910048
7990.665527	8.6851
7998.819336	9.02296
8005.129395	0.796491
8013.141602	7.90399
8017.428711	4.3387
8019.035156	16.9865
8037.189941	18.5952
8040.738770	0.0900168
8042.571777	0.250023
8046.070313	0.0248628
8051.991699	1.28016
8060.557617	0.278356
8062.191895	0.588463
8067.163086	0.00265454
8071.924316	0.182478
8074.225098	0.283592
8075.988281	0.206692
8077.127930	0.0527388
8078.830078	0.0649205
8080.151855	0.0610319
8082.500000	0.0331729
8083.680176	0.077179
8085.256348	0.00767968
8087.563477	0.158942
8090.168945	0.957703
8092.473633	0.981435
8095.638184	0.0327578
8097.630859	0.866748
8101.743164	1.46646
8104.858398	1.98057
8107.224121	1.33388
8112.794922	0.99368
8122.592285	0.0359961
8124.864746	0.102034
8126.975586	0.472647
8129.077148	0.236941
8131.095703	0.316435
8132.866211	0.291498
8134.599121	0.261124
8136.765137	1.65996
8150.078125	0.883492
8151.747559	0.128638
8153.264160	0.263071
8154.754395	0.725014
8158.554199	1.65444
8160.756348	0.336771
8163.905762	1.76522
8168.563477	4.03939
8170.977539	0.805305
8175.287598	6.73144
8181.222168	0.957285
8185.661133	5.48596
8196.316406	0.0715335
8205.387695	5.22356
8207.993164	0.551391
8214.978516	4.09736
8218.534180	4.57426
8220.270508	2.59908
8224.345703	9.00019
8229.270508	7.31916
8231.752930	0.388597
8235.853516	2.39693
8238.402344	0.521872
8242.131836	1.78971
8244.832031	0.868973
8248.872070	5.80234
8253.676758	0.735161
8255.237305	0.398128
8256.555664	0.482295
8259.092773	2.20178
8268.768555	9.95488
8278.692383	11.0731
8287.187500	2.05386
8289.680664	0.121602
8293.518555	1.05656
8296.895508	0.127095
8299.263672	0.140001
8300.747070	1.28532
8303.806641	1.65439
8306.258789	0.447239
8309.227539	8.34848
8315.928711	9.11255
8322.311523	1.73169
8326.806641	6.3837
8334.715820	0.0423438
8338.455078	1.8098
8341.688477	4.67363
8343.913086	2.45795
8347.656250	0.603456
8350.966797	2.73042
8353.067383	1.87532
8358.634766	0.603711
8361.176758	1.13016
8363.918945	0.717577
8366.482422	0.422975
8368.884766	0.152357
8371.292969	0.142301
8374.157227	0.0325582
8377.114258	0.0567735
8379.136719	0.0875134
8382.680664	0.147206
8389.577148	2.3022
8400.503906	0.167672
8403.067383	3.41614
8411.466797	0.671044
8412.802734	0.631084
8416.916992	3.33652
8419.790039	16.6465
8432.084961	18.0039
8442.062500	5.85828
8449.519531	0.173227
8456.658203	0.268571
8459.471680	0.16192
8463.036133	0.137205
8464.683594	0.244548
8467.150391	0.482612
8471.990234	1.38338
8476.381836	0.442584
8478.259766	0.25977
8481.094727	0.0683043
8482.979492	0.192236
8486.365234	0.0551263
8489.308594	0.112019
8491.764648	0.234412
8493.506836	0.163287
8494.671875	0.069996
8496.133789	0.0884959
8497.321289	0.0350402
8498.624023	0.0204901
8499.793945	0.0555621
8504.802734	4.69737
8510.810547	6.72455
8515.889648	3.8441
8518.046875	1.10572
8520.716797	0.349432
8522.550781	0.265654
8524.869141	0.342883
8526.474609	0.06158
8528.594727	0.639442
8530.963867	0.796973
8534.468750	0.255169
8537.737305	1.17021
8539.197266	0.486004
8545.715820	8.00134
8561.416016	3.95521
8565.854492	16.7294
8574.312500	9.87412
8578.754883	0.776253
8581.634766	7.08932
8588.125000	25.7842
8596.647461	5.13138
8601.003906	5.44068
8603.405273	12.8866
8608.467773	0.947031
8612.245117	14.1271
8617.819336	2.15763
8619.768555	1.66446
8621.015625	0.0901802
8624.412109	44.0606
8642.850586	49.3701
8645.870117	84.3017
8660.380859	8.87664
8667.218750	6.9898
8671.875000	0.304793
8678.896484	1.2367
8684.225586	6.6597
8686.735352	0.336836
8689.305664	3.58129
8700.116211	0.804944
8703.243164	0.707434
8704.963867	0.876216
8710.408203	8.14904
8721.451172	10.4416
8729.192383	4.4107
8734.901367	9.34299
8742.094727	1.72564
8743.771484	1.01402
8746.604492	1.12346
8749.633789	0.571455
8752.231445	0.898081
8755.000977	1.59163
8757.435547	1.57566
8761.158203	2.61901
8765.504883	6.18284
8768.188477	0.990791
8772.977539	1.5432
8776.766602	1.1526
8782.134766	0.181098
8783.669922	0.167514
8785.351563	0.213829
8787.438477	0.0597968
8789.216797	1.3267
8796.549805	0.140119
8801.378906	3.18258
8803.454102	1.53641
8805.831055	5.22727
8816.243164	4.86721
8818.878906	0.176645
8820.458008	0.0617446
8822.455078	0.138065
8824.414063	0.583134
8831.360352	0.746231
8835.376953	1.01337
8838.181641	1.4217
8840.213867	1.35222
8842.984375	1.04755
8845.985352	0.687596
8848.112305	0.367244
8849.641602	1.43874
8853.436523	0.160581
8858.972656	4.27561
8861.851563	2.01749
8864.776367	3.78123
8867.813477	3.45456
8871.062500	0.819147
8873.257813	0.499143
8887.538086	5.76837
8889.325195	0.135574
8891.357422	6.68182
8901.387695	11.5737
8910.936523	6.03344
8913.455078	0.470298
8914.963867	0.439816
8917.500977	1.7356
8921.938477	1.92488
8924.679688	2.56779
8932.791016	4.18568
8939.184570	4.79236
8945.478516	3.84856
8952.487305	0.13114
8956.590820	2.86871
8958.920898	6.62095
8964.015625	0.0784635
8967.519531	1.43114
8969.628906	1.36908
8971.859375	0.949271
8976.042969	1.90482
8978.758789	1.86937
8982.148438	0.566125
8986.678711	7.86144
8995.157227	6.31763
8997.398438	1.93036
9001.253906	1.44658
9005.470703	6.75609
9011.417969	1.38832
9014.630859	0.63745
9017.631836	1.6928
9027.333008	2.71617
9036.900391	4.15866
9045.823242	0.0442673
9051.863281	13.3932
9065.532227	5.75582
9068.596680	1.03626
9071.207031	1.29392
9074.724609	1.15755
9081.324219	3.07822
9089.146484	2.34595
9096.121094	2.87507
9100.004883	0.279213
9102.428711	0.467834
9106.857422	0.279616
9109.808594	0.315532
9112.692383	0.136306
9117.179688	0.290903
9119.833008	0.355312
9123.492188	0.24406
9126.938477	0.319096
9130.550781	0.92218
9132.863281	0.250223
9135.220703	0.682004
9137.292969	0.223667
9138.872070	3.23755
9147.425781	0.866646
9153.587891	2.93653
9156.221680	0.865958
9158.816406	3.09363
9164.037109	0.176097
9167.855469	3.37864
9170.568359	1.13469
9174.168945	0.505892
9176.431641	0.207513
9177.561523	0.00515457
9181.555664	0.189861
9187.963867	0.0211937
9191.771484	0.986545
9195.085938	0.423177
9198.298828	0.198202
9200.944336	0.0389562
9202.461914	0.0148836
9203.818359	0.00671878
9214.624023	0.277646
9217.885742	0.0562933
9219.711914	0.0377818
9221.305664	0.0287446
9223.516602	0.015868
9226.057617	0.354108
9236.075195	0.0132507
9238.766602	0.291615
9241.073242	0.310933
9242.785156	0.180518
9244.671875	0.131638
9246.696289	0.114724
9248.667969	0.394436
9261.971680	0.0894075
9264.495117	0.0970263
9266.406250	0.0570765
9268.048828	0.316054
9272.187500	0.160889
9275.569336	0.404475
9278.772461	0.301418
9282.260742	0.214589
9284.134766	0.152484
9286.889648	0.555806
9290.204102	0.136053
9292.790039	1.30092
9295.180664	1.059
9296.544922	0.133074
9298.640625	0.896404
9301.866211	3.07085
9305.562500	0.400202
9308.869141	0.971977
9312.178711	0.20434
9314.225586	0.030218
9315.782227	0.0247721
9318.407227	0.220281
9325.186523	1.24043
9330.326172	0.614679
9333.695313	0.751688
9336.667969	0.201969
9339.718750	0.577143
9342.621094	0.60747
9343.798828	0.0341745
9345.509766	2.08906
9354.396484	6.69012
9359.445313	0.970686
9360.949219	0.261485
9364.854492	0.256753
9367.644531	0.727859
9370.084961	0.602455
9380.282227	1.23385
9385.550781	0.0810003
9387.165039	0.277495
9391.079102	0.0210568
9401.709961	2.98544
9404.247070	1.40427
9413.091797	2.63503
9420.067383	0.25962
9422.949219	3.01347
9430.485352	8.9729
9440.872070	3.90869
9442.866211	0.954796
9447.958008	0.909028
9453.770508	0.277115
9456.000000	0.0405278
9457.821289	0.170043
9460.789063	0.536628
9463.429688	0.0702887
9465.655273	0.58916
9468.010742	1.90725
9475.138672	2.24446
9479.773438	0.0953006
9482.032227	0.394539
9485.008789	0.820599
9488.074219	0.349491
9491.734375	0.436801
9494.512695	1.70319
9508.490234	0.661862
9510.795898	0.927124
9512.364258	0.202863
9514.661133	0.890266
9517.797852	0.663529
9524.982422	3.71698
9530.660156	0.0540483
9532.894531	0.229213
9534.458008	0.0161754
9536.239258	0.105377
9538.466797	0.121363
9543.761719	0.0337225
9547.620117	1.04913
9551.736328	0.910345
9553.389648	0.167742
9556.986328	0.148855
9559.366211	0.138556
9562.074219	0.0498517
9564.160156	0.0595558
9567.777344	0.225236
9581.950195	0.0268292
9584.456055	0.0666948
9586.634766	0.075741
9589.999023	0.0892901
9592.066406	0.051205
9593.823242	0.0446064
9595.430664	0.0173811
9602.851563	4.01585
9611.062500	3.97517
9615.650391	0.726726
9618.111328	0.701856
9621.143555	0.333356
9626.621094	5.02692
9631.836914	0.124009
9635.258789	3.33947
9640.761719	1.92692
9649.081055	0.358588
9654.844727	0.0111801
9657.282227	0.141378
9663.413086	1.05756
9667.941406	0.721316
9670.103516	0.619891
9671.741211	0.752395
9673.632813	2.05765
9677.354492	0.149087
9682.174805	8.85255
9691.679688	2.23053
9694.567383	5.27287
9700.465820	0.0636734
9704.323242	1.06228
9716.255859	2.02738
9720.694336	0.704991
9724.142578	1.3457
9726.035156	0.77652
9727.611328	7.31334
9739.754883	4.59888
9742.408203	0.18048
9745.004883	0.36658
9747.272461	0.0887408
9748.701172	0.110264
9751.037109	0.126476
9752.953125	0.0123295
9754.447266	0.000921057
9759.516602	0.0485569
9764.506836	2.10016
9770.989258	1.05333
9774.055664	0.476554
9777.773438	0.514179
9780.944336	0.0180679
9787.343750	0.335743
9795.819336	0.0526616
9797.956055	0.173453
9800.042969	0.136417
9801.802734	0.0343411
9803.915039	1.20886
9809.552734	0.0993985
9811.504883	0.323106
9815.331055	0.07539
9817.924805	0.326156
9820.958008	0.297973
9822.791016	0.474318
9826.314453	0.637965
9829.142578	0.414484
9832.896484	0.161104
9840.648438	2.59631
9844.153320	4.89225
9856.680664	7.94455
9865.422852	1.45974
9867.100586	0.744013
9870.830078	0.035242
9875.081055	0.569278
9885.175781	2.63709
9897.480469	1.27906
9905.236328	0.205167
9907.614258	0.287107
9914.162109	0.0132563
9918.541992	0.0202978
9921.230469	0.0286201
9922.955078	0.018604
9925.010742	0.227225
9927.308594	0.168079
9928.944336	0.0460645
9931.179688	0.0723795
9933.626953	0.141388
9936.505859	0.190171
9938.424805	0.0964851
9940.311523	0.0599291
9942.455078	0.0606957
9944.549805	0.292112
9948.779297	0.484812
9951.633789	0.475298
9955.070313	0.152672
9957.555664	0.049411
9963.210938	1.72047
9986.451172	3.66914
9994.220703	0.989465
9998.306641	0.00457804
9999.850586	0.0593093
10002.748047	0.194319
10005.196289	0.136632
10006.924805	0.0236116
10009.027344	0.0581231
10011.303711	0.0527283
10021.385742	0.691332
10036.664063	1.30081
10047.974609	6.2176
10054.318359	1.58573
10055.916016	1.96528
10059.884766	0.138285
10069.419922	3.47039
10074.743164	2.42067
10078.466797	2.21169
10081.827148	0.884748
10093.624023	7.57534
10097.333008	0.208377
10098.852539	0.0754068
10102.393555	11.6711
10129.536133	8.17996
10139.759766	1.56508
10141.796875	0.851195
10148.463867	12.0798
10159.742188	4.54645
10167.424805	5.5775
10177.466797	0.000248243
10179.093750	1.01292e-007
10180.833984	0.006119
10188.125977	19.1219
