TITLE "<<111125_OS_CKF_L21_7707PM_RM1697_LBA_48h_300uL_H2O_DTT_ProteaSIN_MSMS1kVPosSens_MetOn_XCalAlkTrxK24_TIS_100da_10kshts_6500hv>> 4700 MS/MS Precursor 7707 Spec #1=>AdvBC(32,0.5,0.0)=>NR(2.00)=>SM31=>CT[BP = 4143.8, 6836]" CENTROID
TYPE MASSSPEC
9.983335	2.86303
16.078848	4.07251
17.083664	0.334542
17.270350	0.213741
17.389101	0.13568
17.530651	0.0814341
17.637663	0.0109216
17.723127	0.0024359
18.746464	0.0713452
18.890251	0.102736
18.985245	0.0834832
19.047380	0.0295752
19.152763	0.041325
19.229006	0.032455
21.068367	2.76594
21.787439	0.122485
21.922253	0.205008
22.001160	0.131198
22.083017	0.0712237
22.191397	0.053405
22.259846	0.0281906
22.309433	0.00124538
23.100918	5.69281
29.246170	6.04269
30.575827	0.277902
30.942074	1.34556
31.324877	0.130543
31.598112	0.0132012
31.797478	0.000242436
31.872837	4.43512e-006
31.988220	5.63215e-006
32.108776	6.82163e-007
35.487064	0.0158194
35.805992	0.703701
36.151398	1.67913
36.344719	0.969606
36.546803	0.424721
36.732204	0.16265
36.877308	0.0177755
37.010574	0.000551504
37.086021	3.24908e-006
37.150219	3.61446e-008
38.578884	0.00840024
39.220535	0.468202
40.050808	1.10633
40.291286	0.00526035
40.559193	0.152318
43.834599	8.01824
49.488190	0.451392
50.296856	1.42409
50.993557	9.10062
51.133240	2.56368
51.281513	2.56196
51.381332	0.600625
51.553123	11.6712
52.791939	14.5067
56.641350	54.8442
59.761959	16.577
60.705463	0.459519
61.063263	0.265894
61.268295	0.258281
61.531734	0.112236
62.667294	14.2228
68.044319	3.03516
69.559280	5.14376
70.519974	4.32714
71.444969	2.4468
72.167435	0.200052
72.509407	0.308221
72.887421	0.224714
73.131821	0.141513
73.422539	0.0851649
73.652870	0.0118175
74.498917	0.232537
76.332031	1.13744
78.775291	0.00440942
79.689110	0.582761
80.604965	0.569804
80.959747	0.303663
81.126289	1.15808
81.315765	1.99594
81.515808	0.0764481
81.659607	0.390221
81.888290	0.400614
82.066483	0.0228542
82.278503	0.105483
82.476723	0.0746263
82.604874	0.0248437
82.829391	0.0342558
82.995476	0.0329872
83.116188	0.00739417
83.359009	4.89242
84.319313	4.85118
84.521690	12.1203
85.623566	14.2782
86.133194	0.0825032
86.489769	0.617508
86.926666	0.761585
87.240013	0.106821
87.557426	0.194673
87.849136	0.0363265
88.047852	0.00111462
88.304054	0.163745
88.833817	0.467961
89.139084	0.237801
89.464180	0.102895
89.736847	0.0568841
89.965675	0.00404191
90.162605	0.000108196
90.304420	1.72946e-007
90.396729	0.000662206
91.818787	6.15711
93.286797	6.62348
94.024849	5
94.396675	0.0974228
94.679024	0.318609
95.141289	0.381445
95.544952	1.21059
95.754692	0.923481
95.905266	0.19668
96.135208	0.322723
96.308609	0.224609
96.440170	0.026878
96.572029	0.00148813
96.704338	0.00649044
97.189247	0.373625
97.648964	0.197679
97.836960	0.17872
98.023796	0.822103
98.390526	0.915503
98.670723	0.346703
99.030869	0.152614
99.332809	0.262633
100.422623	0.177317
100.915085	0.107624
101.075539	0.249541
101.285934	0.276026
101.501884	0.0301294
101.722229	0.296711
101.861694	0.247782
102.039665	0.0520281
102.148293	0.0461866
102.279488	0.0552627
102.431412	0.0505491
102.645378	0.0646838
103.848244	0.0579237
104.136894	0.0926435
104.313927	0.0590124
104.491516	0.0343719
104.723679	0.0293524
104.878693	0.0088609
106.602440	29.8853
114.772758	4.72074
115.255653	0.240918
115.691376	4.47491
116.461433	3.58215
116.743240	0.451184
117.077103	0.52096
117.432510	3.84371
120.565674	7.48795
120.875893	0.0272388
121.093063	0.695692
121.365326	0.748215
121.733582	0.848678
122.080246	0.448163
122.425552	0.198111
122.768723	0.0647153
123.230217	3.68447
123.798927	0.769215
123.931152	0.0783936
124.196541	0.363543
124.487297	1.87699
125.512466	1.19218
125.699638	0.42157
125.839882	0.497666
126.117859	0.297187
127.142433	3.68205
128.065933	2.17226
128.790222	0.159233
131.298370	1.35158
131.749100	0.237514
132.009995	0.13076
132.171143	0.124051
132.417725	0.210797
132.643158	0.0385718
132.804504	0.0251189
133.067184	1.03857
136.531128	1.30938
139.965744	1.82078
141.478531	0.0580949
141.764572	0.257356
142.132751	0.0427901
145.603714	2.75566
147.065063	1.73739
147.955566	1.08563
148.826523	4.19959
149.526337	3.28847
149.953491	0.986087
150.335724	0.878791
151.039764	2.81504
151.712280	0.286771
153.420151	10.8593
155.290421	6.78742
156.661697	2.33386
157.892914	0.21391
158.700745	0.00195596
160.928818	0.660889
162.399307	2.93167
163.862274	5.52109
164.811447	5.3805
166.241302	5.62321
170.422623	3.04385
171.353958	10.3758
172.428268	0.74751
172.845154	4.95886
173.101715	2.35745
173.571518	1.78402
174.950653	7.33916
175.959900	3.15173
176.607300	0.630521
176.796295	0.501487
177.057083	0.476614
177.576096	0.354124
178.001221	0.376776
178.732620	0.0218834
180.326172	0.029706
180.772964	0.0638447
181.162933	0.0956054
181.396820	0.0577444
181.629150	0.0353221
181.938736	0.0292733
182.154465	0.0130169
182.312927	0.355142
186.247238	0.81674
186.920746	0.105397
187.219955	0.0868133
187.423157	0.0291901
187.743942	0.0396508
187.989761	0.0286889
188.184235	0.0033582
188.921310	0.103207
189.657379	0.212741
189.961487	0.161628
190.165359	0.058443
190.487534	0.0824134
190.735962	0.0547446
190.918945	0.00635192
192.104858	1.21756
196.506119	0.463471
198.031189	1.5112
199.131439	1.1082
200.090042	0.122192
200.658890	0.00590105
201.240768	0.104802
201.710968	0.0330724
202.030243	0.282189
202.518204	0.188054
202.950974	0.184532
203.412689	0.0417292
204.873962	0.0958095
205.308121	1.85458e-007
205.769852	2.82607e-007
206.228928	6.85108e-008
206.352173	2.56916e-008
206.475464	6.85108e-008
206.587570	1.71277e-008
206.632431	1.71277e-008
206.789459	1.02766e-007
206.946548	1.71277e-008
207.081238	8.56385e-008
207.215973	1.71277e-008
207.317047	5.9947e-008
207.496811	7.70747e-008
207.620453	1.71277e-008
207.710388	5.13831e-008
207.980316	1.54149e-007
208.351761	1.28458e-007
208.791153	2.05532e-007
209.321320	1.96969e-007
209.739151	1.19894e-007
209.987778	6.85108e-008
210.100845	1.71277e-008
210.184021	3.72873e-007
210.390503	0.00331547
210.788940	0.120405
211.208420	0.185594
211.459595	0.114162
211.714554	0.372277
212.108429	0.567557
212.369583	0.347544
212.623474	0.205443
212.954697	0.175551
213.175308	0.0520182
213.355347	0.0055102
213.507248	8.97382e-005
213.659866	2.01321e-007
213.811798	2.99614e-008
213.883438	2.56167e-008
214.008972	6.85108e-008
214.203033	7.70747e-008
214.385773	5.9947e-008
214.797226	2.48352e-007
215.403687	2.05532e-007
215.919281	1.79841e-007
216.263351	7.70747e-008
216.412537	3.42554e-008
216.481400	1.71277e-008
216.630661	9.42024e-008
216.883377	9.42024e-008
217.285721	2.05532e-007
217.584839	1.71277e-008
217.826599	1.62713e-007
218.137619	6.85108e-008
218.298981	5.13831e-008
219.522644	8.56385e-007
220.761337	5.9947e-008
220.958466	3.42554e-008
220.877289	2.56916e-008
221.225311	1.62713e-007
221.561981	8.56385e-008
221.771088	6.85108e-008
221.933792	5.13831e-008
222.026794	1.71277e-008
222.073303	1.71277e-008
222.166336	5.13831e-008
222.329178	6.85108e-008
222.538651	8.56385e-008
222.759857	7.70747e-008
222.946228	5.9947e-008
223.225937	1.45585e-007
223.774185	2.56916e-007
225.364441	9.07768e-007
226.678314	5.13831e-008
226.842804	6.85108e-008
227.054398	8.56385e-008
227.254333	5.9947e-008
227.513199	1.28458e-007
227.772202	5.9947e-008
227.983887	0.235619
230.101990	0.0213019
234.999603	3.43956
239.913010	1.29839
241.886215	1.63918
242.256821	0.791771
243.008011	0.154039
243.271942	0.193599
243.566574	0.0717298
243.884506	0.0480382
244.189804	0.814275
245.397095	0.222414
245.970032	0.327462
246.313675	1.38518
246.626099	2.74416
246.870453	0.631261
247.194794	0.766345
247.539871	0.268405
249.818985	4.16828
251.144882	0.249178
251.379471	0.482476
251.714752	0.629971
252.097580	0.0485014
252.319916	0.159723
252.764511	0.215704
253.584808	0.329655
254.113861	0.184317
254.623108	0.121862
255.125244	0.0397285
255.503159	0.00401235
255.835602	0.000107629
256.074890	3.12171e-007
258.242645	0.0135965
261.414063	0.818605
265.105774	4.10678
266.492981	0.33063
266.883026	0.306087
267.284180	2.29166
268.363098	1.45638
268.907135	0.486103
269.299042	1.0431
269.873322	0.220611
270.398041	0.375467
270.900696	0.0367685
271.271729	0.00220947
272.123138	0.00162258
272.690704	1.13736e-005
273.256561	1.45192e-005
273.771667	0.00540813
274.239563	0.180606
274.718384	0.277064
275.006500	0.177322
275.295685	0.102737
275.672852	0.0877755
275.924042	0.0260089
276.128998	0.00275518
276.301941	4.47326e-005
277.817139	0.00389851
278.683014	0.407507
279.758087	1.1259e-005
280.078064	2.05914e-007
280.287170	1.23548e-007
280.496338	2.05914e-007
280.744843	1.85322e-007
280.980377	1.85322e-007
281.202911	1.64731e-007
281.346924	6.17741e-008
281.477905	1.44139e-007
281.753052	2.88279e-007
282.093903	2.47096e-007
282.592438	5.35375e-007
283.170258	3.70644e-007
283.603973	3.0887e-007
283.827545	4.11827e-008
283.932800	1.23548e-007
284.038055	4.11827e-008
284.169678	1.64731e-007
284.301300	4.11827e-008
284.419800	1.44139e-007
284.630890	1.8637e-007
284.969086	0.00240501
285.525696	0.058663
286.013031	0.0922583
286.306427	0.0582744
286.585846	0.0446764
286.984711	0.0241905
287.871429	1.04402
289.526276	0.890261
290.809021	0.574582
291.728912	0.0354859
292.485382	0.002925
292.930481	3.28747e-005
293.172424	4.53627e-006
293.569977	2.65503e-006
293.902954	2.33205e-007
294.181030	2.05771e-007
294.408630	1.44156e-007
294.569458	1.02957e-007
294.716888	1.23548e-007
294.837555	6.17741e-008
295.065521	2.88279e-007
295.360687	1.64731e-007
295.521759	8.23654e-008
295.629150	8.23654e-008
295.964905	4.32418e-007
296.542847	4.5301e-007
296.865662	4.11827e-008
296.919495	4.11827e-008
296.973328	4.11827e-008
297.054077	8.23654e-008
297.134827	4.11827e-008
297.188660	4.11827e-008
297.242523	4.11827e-008
297.296356	4.11827e-008
297.431030	1.64731e-007
297.565704	4.11827e-008
297.619598	4.11827e-008
297.673492	4.11827e-008
297.727386	4.11827e-008
297.781281	4.11827e-008
297.835175	4.11827e-008
297.889099	4.11827e-008
297.942993	4.11827e-008
297.996918	4.11827e-008
298.050842	4.11827e-008
298.104767	4.11827e-008
298.158722	4.11827e-008
298.212646	4.11827e-008
298.266602	4.11827e-008
298.320526	4.11827e-008
298.374481	4.11827e-008
298.428436	4.11827e-008
298.482422	4.11827e-008
298.536377	4.11827e-008
298.590363	4.11827e-008
298.644318	4.11827e-008
298.698303	4.11827e-008
298.752289	4.11827e-008
298.806305	4.11827e-008
298.860291	4.11827e-008
298.914276	4.11827e-008
299.008820	1.02957e-007
299.332977	3.91236e-007
299.616760	4.11827e-008
299.751953	1.64731e-007
299.887177	4.11827e-008
299.941254	4.11827e-008
299.995361	4.11827e-008
300.157684	2.05914e-007
300.320068	4.11827e-008
300.374207	4.11827e-008
300.644928	2.05914e-007
300.455414	8.23654e-008
300.929352	2.26505e-007
301.227448	2.26505e-007
301.525696	2.26505e-007
301.864807	2.88279e-007
302.217682	2.47096e-007
302.896851	7.82471e-007
303.495178	1.23548e-007
303.780945	2.26505e-007
303.604034	4.11827e-008
304.039612	1.64731e-007
304.325623	2.67688e-007
304.679932	2.67688e-007
305.034454	2.67688e-007
305.471069	3.91236e-007
305.867035	2.05914e-007
306.121582	0.0942586
308.005066	0.749069
310.322998	0.26711
311.459656	0.331088
312.048401	0.184745
312.613281	0.122898
313.170746	0.040366
313.573853	0.00400171
315.211945	1.29642
319.597626	0.994406
320.259674	0.682663
321.048004	3.88183
322.186493	0.452234
322.735138	5.82356
323.126801	4.60153
324.656128	3.63471
325.316772	2.78726
327.171600	1.20234
327.574463	2.96989
329.026489	12.0941
331.493469	5.4539
333.342621	6.91632
340.324554	0.967344
341.720673	0.320637
342.334137	0.189258
342.926849	0.126974
343.510071	0.0414329
343.931763	0.00416384
344.346100	0.0691008
344.988525	0.319373
345.399475	0.241842
345.664490	0.0926799
346.114075	0.132324
346.440155	0.0930804
346.681732	0.00819127
347.342438	0.469523
350.775879	3.82555
353.806366	5.30316
355.876678	3.10698
357.161713	1.7148
357.791229	0.230594
358.379578	0.353785
358.949982	0.117584
359.398315	0.0166007
363.306702	3.7153
365.444336	0.568799
365.982849	0.231539
366.558777	0.0772474
367.532806	1.18726
380.059814	0.406647
381.161163	0.319252
381.809845	0.193724
382.439301	0.133085
383.046021	0.0433904
391.002960	2.63878
394.807709	0.348105
396.164886	1.55315
403.311340	3.63686
407.953094	1.06121
409.700928	2.55159
411.048340	0.914953
411.779541	0.159946
412.242737	2.07086
414.269043	0.267021
416.156891	9.46978
420.193756	2.97628
427.621277	5.7216
430.602295	0.687889
431.268860	0.747063
431.750946	3.01945
434.084198	3.68748
436.296295	1.53421
438.697693	4.39463
440.330933	3.41227
441.793671	0.391245
442.552887	0.0588107
443.101440	0.101927
443.457977	0.066237
443.829498	0.0343015
444.315704	0.0275127
444.626068	0.0146891
444.858276	0.000493202
445.131348	2.53167e-005
455.862335	0.298163
458.883026	0.405268
460.087921	0.566701
460.748962	0.60434
461.411377	0.809905
462.048950	0.170252
462.427460	0.589537
463.761230	0.0797097
464.286530	0.00840423
464.760132	0.000275401
465.028870	1.4459e-006
475.752686	0.0262494
478.030365	1.19767
480.543701	2.86084
482.099915	2.35588
483.204742	1.20004
483.613922	0.430875
484.840302	0.468442
485.951721	0.0279336
486.741852	0.000476407
487.036530	9.23796e-006
487.491974	1.17653e-005
487.988892	1.86458e-006
494.260956	0.00790901
495.455994	0.350357
496.751404	0.659984
497.423340	0.112894
498.292572	0.262309
506.455750	0.00163747
507.076202	0.0600418
507.732544	0.128517
508.102112	0.0953528
508.514038	0.0447588
509.000397	0.0354801
509.358215	0.0125297
509.610535	0.000495642
509.902924	2.53166e-005
517.912048	0.00395413
519.135559	0.175179
520.461792	0.329991
521.222839	0.185624
521.953369	0.120456
522.659607	0.0398551
523.217529	0.00420236
523.720520	0.000137929
524.007813	8.37114e-007
533.723633	0.235219
534.847107	1.58449
535.468689	0.833452
535.795227	0.103389
536.297546	0.407943
536.804565	0.0983104
537.103760	0.0313654
537.622925	0.0156382
538.143250	0.000412835
538.432800	2.47191e-006
543.945862	0.0135954
548.556335	0.844771
553.772888	0.953354
555.266479	0.560943
556.492798	0.495305
557.335327	1.38706
557.892883	0.587349
560.071472	1.40556
562.193604	0.0670245
564.059448	0.00166257
564.877136	1.11412e-005
565.693787	1.4989e-005
566.726013	3.455e-006
569.871460	0.0118639
571.115417	2.72114
573.054688	3.89017
574.613037	0.356977
575.763000	0.0188642
578.036377	0.050162
582.293030	0.523246
592.637573	8.43261
599.473511	1.97167
601.492004	2.34289
603.253113	8.99204
605.873352	5.925
608.058716	2.64765
610.293823	1.83775
612.662231	0.00135711
613.508240	1.11371e-005
614.359192	1.49882e-005
615.435303	3.45484e-006
630.615356	0.202622
635.338135	0.149873
636.552795	0.988757
637.330200	0.326998
638.847473	6.75437
640.988831	5.27957
642.572449	2.16041
645.490662	2.61386
647.247253	1.50341
648.816589	0.303503
653.362610	1.87644
660.416443	0.347702
663.217651	0.757016
664.919983	0.83979
666.575134	0.989995
668.311707	0.140518
685.127991	6.44243
707.942383	8.01454
736.129333	0.398862
736.671021	4.20188e-006
737.892517	2.55944e-006
755.256592	0.0137988
760.716736	0.81763
767.061157	2.40447
769.305542	0.823364
770.617798	1.34792
771.352600	0.716845
772.272339	0.165722
774.320435	1.03608
776.785217	0.0668834
778.469727	0.463826
781.448792	0.116432
786.597717	5.3924
790.651550	1.19453
792.237732	11.0907
795.023682	6.9936
796.819580	1.37415
798.351196	0.276187
801.592224	2.92317
835.473328	2.58023
837.891052	0.0611118
838.744263	0.100811
839.239075	0.0662869
839.760864	0.0211095
840.368408	0.043394
840.920349	0.0968742
841.417419	0.0659794
841.931213	0.0341516
842.602112	0.0275655
843.030640	0.0146976
846.346252	3.59691
874.245483	2.41048
877.208862	0.349839
878.580505	0.208885
879.429138	0.113107
880.440552	0.0743696
881.680054	0.169724
883.991882	0.436953
885.315430	0.558912
886.077759	0.528773
887.151062	0.174475
887.919678	0.161537
888.965942	0.240116
897.976990	1.79213
902.752258	1.56955
905.254883	0.591699
907.618164	2.97387
908.213989	0.953941
909.073853	0.078203
910.974670	0.949149
913.734985	0.642217
918.106079	0.596401
924.888794	0.953404
928.264160	3.72763
930.726379	2.5661
932.803467	0.343846
934.216980	0.0470451
961.801270	6.42111
970.334473	8.4488e-005
970.993774	4.32418e-007
971.800781	2.47096e-007
972.314514	1.85322e-007
972.681519	1.23548e-007
972.999634	1.44139e-007
973.317871	1.23548e-007
974.297302	7.00106e-007
975.228149	8.23654e-008
975.375183	4.11827e-008
975.571228	1.23548e-007
976.061462	2.88279e-007
976.502747	8.23654e-008
977.009338	0.00395546
978.694458	0.175179
980.520508	0.329993
981.567871	0.185625
982.573181	0.120457
983.544983	0.0398549
984.312622	0.00420218
985.004395	0.000137761
985.395752	7.52921e-007
985.807068	1.58305e-007
986.138306	1.23612e-007
986.360107	6.17699e-008
986.532654	8.23655e-008
986.680542	4.11827e-008
986.853088	1.02957e-007
987.099609	1.02957e-007
987.395447	1.44139e-007
987.888672	2.67688e-007
988.382019	1.44139e-007
988.727417	1.44139e-007
989.048218	1.23548e-007
989.591187	3.29462e-007
990.397461	0.00395546
992.094299	0.175179
993.932861	0.329993
994.987488	0.185625
995.999695	0.120457
996.978210	0.0398549
997.751099	0.00420218
998.447632	0.000137761
998.841675	7.52921e-007
999.255798	1.58305e-007
999.589355	1.23612e-007
999.812683	6.17699e-008
999.986389	8.23655e-008
1000.184875	8.23654e-008
1000.979248	5.76558e-007
1002.096802	3.50053e-007
1002.668274	1.23548e-007
1003.065918	2.05914e-007
1003.538208	1.85322e-007
1004.309021	3.29462e-007
1003.836548	6.17741e-008
1004.856262	1.23548e-007
1005.254333	2.05914e-007
1005.976013	3.91236e-007
1006.623291	1.44139e-007
1006.996765	1.64731e-007
1007.270752	6.17741e-008
1007.519836	1.44139e-007
1008.566345	7.20697e-007
1009.738098	2.47096e-007
1010.261841	1.85322e-007
1010.636047	1.23548e-007
1010.885559	8.23654e-008
1011.209961	1.85322e-007
1011.684143	2.05914e-007
1012.033691	8.23654e-008
1012.258362	1.02957e-007
1012.508057	1.02957e-007
1012.807800	1.44139e-007
1013.307373	2.67688e-007
1014.031982	3.29462e-007
1014.631836	1.64731e-007
1015.056885	1.85322e-007
1015.832153	4.5301e-007
1016.532654	1.23548e-007
1017.383606	5.76558e-007
1018.234924	1.23548e-007
1018.685730	2.47096e-007
1019.111633	1.02957e-007
1021.247864	1.88388
1035.276001	2.89781
1036.396973	0.102757
1036.936646	0.0646049
1037.442749	0.0853263
1038.569458	3.14149
1045.449951	6.54161
1051.851807	3.26937
1056.827759	0.914727
1059.053467	1.12625
1061.708984	2.82223
1063.651978	0.6679
1064.398560	0.441836
1065.032593	0.148751
1065.631348	0.213069
1066.284302	0.14972
1066.836670	0.0114503
1068.238037	0.160269
1073.210083	4.11827e-008
1073.776001	4.11827e-007
1074.599365	2.47096e-007
1075.139893	1.85322e-007
1075.526001	1.23548e-007
1075.860718	1.44139e-007
1076.195557	1.23548e-007
1077.225952	7.00106e-007
1078.205322	8.23654e-008
1078.359985	4.11827e-008
1078.566284	1.23548e-007
1079.081909	2.88279e-007
1079.804199	2.88279e-007
1080.346069	1.44139e-007
1080.784790	2.05914e-007
1081.404297	2.88279e-007
1082.178955	3.29462e-007
1082.747192	1.23548e-007
1083.160645	2.05914e-007
1083.910034	3.91236e-007
1084.582153	1.44139e-007
1084.970093	1.64731e-007
1085.254517	6.17741e-008
1085.513184	1.44139e-007
1086.599854	7.20697e-007
1087.816650	2.47096e-007
1088.360474	1.85322e-007
1088.749023	1.23548e-007
1089.008057	8.23654e-008
1089.344971	1.85322e-007
1089.837280	2.05914e-007
1090.200195	8.23654e-008
1090.433594	1.02957e-007
1090.692871	1.02957e-007
1091.004028	1.44139e-007
1091.522705	2.67688e-007
1092.041626	1.44139e-007
1092.404907	1.44139e-007
1092.742188	1.23548e-007
1093.624878	5.76558e-007
1094.455811	8.23654e-008
1094.897461	2.67688e-007
1095.936890	5.55967e-007
1096.950806	2.47096e-007
1098.251465	7.82471e-007
1099.292480	4.11827e-008
1099.448730	8.23654e-008
1099.709106	1.23548e-007
1100.073608	1.64731e-007
1100.438232	1.23548e-007
1100.802979	1.64731e-007
1101.063477	4.11827e-008
1101.167725	4.11827e-008
1101.271851	4.11827e-008
1101.428223	8.23654e-008
1101.584595	4.11827e-008
1101.688843	4.11827e-008
1101.793091	4.11827e-008
1102.053711	8.23654e-008
1101.897339	4.11827e-008
1102.210083	4.11827e-008
1102.314453	4.11827e-008
1102.601196	1.85322e-007
1103.174805	2.67688e-007
1103.696533	1.44139e-007
1104.061646	1.44139e-007
1104.400879	1.23548e-007
1105.288208	5.76558e-007
1106.463257	3.50053e-007
1107.064087	1.23548e-007
1107.482056	2.05914e-007
1107.978638	1.85322e-007
1108.789063	3.29462e-007
1108.292358	6.17741e-008
1109.364258	1.23548e-007
1109.782837	2.05914e-007
1110.541504	3.91236e-007
1111.221924	1.44139e-007
1111.614624	1.64731e-007
1111.902588	6.17741e-008
1112.164429	1.44139e-007
1113.264526	7.20697e-007
1114.496216	2.47096e-007
1115.046875	1.85322e-007
1115.440186	1.23548e-007
1115.702393	8.23654e-008
1116.043457	1.85322e-007
1116.541870	2.05914e-007
1116.909302	8.23654e-008
1117.145508	1.02957e-007
1117.407959	1.02957e-007
1117.722900	1.44139e-007
1118.248047	2.67688e-007
1119.009644	3.29462e-007
1119.640259	1.64731e-007
1120.086914	1.85322e-007
1120.901733	4.5301e-007
1121.638062	1.23548e-007
1122.532349	5.76558e-007
1123.427002	1.23548e-007
1123.900879	2.47096e-007
1124.348511	1.02957e-007
1126.141479	0.273905
1127.488403	0.110005
1129.843018	0.121704
1130.622803	0.163908
1131.419800	0.746801
1132.088989	1.19685
1132.933838	0.152087
1133.393555	0.27457
1134.208374	0.44486
1135.097412	0.0364382
1135.853638	0.00264615
1136.467407	3.98824e-005
1136.857910	1.6781e-006
1183.102905	1.92477
1209.898438	0.61602
1211.487915	0.198564
1212.083130	0.134029
1212.706543	0.0623971
1213.505005	0.0583689
1214.047241	0.0279326
1227.767212	2.41082
1250.451294	3.55135
1258.281250	2.83713
1262.563843	1.79304
1265.918213	0.272441
1270.527588	0.531159
1272.447266	0.376532
1272.951904	0.679834
1273.714111	0.935099
1275.079590	0.325636
1276.014893	0.208418
1276.908203	0.067401
1281.452881	0.0156322
1282.503052	0.110583
1283.303711	0.0807061
1283.815186	0.0289563
1284.680054	0.0456408
1285.317505	0.030186
1285.765503	0.00265989
1286.154053	2.42637e-005
1295.289673	1.37755
1299.325317	0.00724306
1300.165161	0.119422
1300.992554	0.188468
1301.703979	0.0890302
1302.361328	0.095183
1303.194946	1.51654
1307.194214	3.71954
1311.417358	0.726626
1314.303711	0.0451883
1317.052368	1.46346
1321.097534	6.19933
1323.586060	2.87522
1324.437012	0.431383
1326.073608	1.44691
1328.409790	0.185029
1330.198486	0.0147115
1331.519165	0.00023392
1332.006226	4.17483e-006
1332.756958	5.31672e-006
1333.597168	1.14085e-006
1335.412720	0.0699901
1337.990112	0.291616
1339.595947	0.22483
1340.595947	0.230179
1342.681396	0.479055
1343.574341	0.665218
1345.006836	0.0890319
1346.057983	0.769813
1348.658691	0.128311
1352.890137	0.631194
1358.624023	0.149709
1363.424561	0.0106515
1375.309692	1.2227
1392.273560	5.69609
1403.317993	3.77924
1411.936523	1.34981
1413.128906	2.23574e-007
1413.720215	1.82924e-007
1414.725586	1.42274e-007
1414.252441	1.82924e-007
1415.287720	2.43899e-007
1415.731445	6.09748e-008
1416.027344	1.42274e-007
1416.323242	6.09748e-008
1416.530396	8.12997e-008
1416.767212	8.12997e-008
1417.507324	4.26823e-007
1418.336426	1.42274e-007
1419.343506	3.86173e-007
1418.662231	8.12997e-008
1420.113892	1.42274e-007
1420.380615	4.06498e-008
1420.677002	1.62599e-007
1421.418213	3.45524e-007
1422.070557	1.01625e-007
1422.782349	3.86173e-007
1423.524048	1.2195e-007
1423.909790	1.42274e-007
1424.176880	4.06498e-008
1424.503296	1.82924e-007
1425.067261	2.03249e-007
1425.809570	3.04874e-007
1426.611450	2.43899e-007
1427.294678	2.23574e-007
1427.799805	1.2195e-007
1428.245605	1.82924e-007
1428.721191	1.42274e-007
1429.137329	1.42274e-007
1429.553589	1.42274e-007
1429.850952	6.09748e-008
1430.088867	1.01625e-007
1430.475464	1.62599e-007
1430.802734	6.09748e-008
1431.159668	1.82924e-007
1431.635742	1.42274e-007
1432.171387	2.23574e-007
1432.707153	1.42274e-007
1433.123901	1.42274e-007
1433.570557	1.62599e-007
1434.195923	2.64224e-007
1434.880981	2.03249e-007
1435.296997	8.03927e-008
1435.915039	0.01204
1437.995850	0.473147
1440.164185	0.93993
1441.350830	0.591668
1442.573364	0.503261
1443.725098	0.186752
1444.828857	0.0543372
1445.735229	0.00453398
1446.583130	0.00012591
1447.065552	1.14254e-006
1447.561523	1.5634e-007
1447.959229	1.22151e-007
1448.258545	8.13029e-008
1448.497925	8.12996e-008
1448.677612	4.06498e-008
1449.006836	1.82924e-007
1449.515869	1.62599e-007
1449.935181	1.2195e-007
1450.414307	2.03249e-007
1450.923584	1.42274e-007
1451.283081	1.01625e-007
1451.822510	2.64224e-007
1452.451904	1.62599e-007
1452.901489	1.42274e-007
1453.171387	4.06498e-008
1453.411255	1.2195e-007
1453.771118	1.2195e-007
1454.250977	2.03249e-007
1454.790894	1.62599e-007
1455.300903	1.82924e-007
1455.781006	1.42274e-007
1456.231201	1.62599e-007
1456.711426	1.62599e-007
1457.101685	1.01625e-007
1457.522095	1.82924e-007
1458.062622	1.82924e-007
1458.663330	2.23574e-007
1459.204102	1.42274e-007
1459.474487	4.06498e-008
1459.775024	1.62599e-007
1460.075562	4.06498e-008
1460.526367	2.64224e-007
1461.307983	2.64224e-007
1461.909424	1.42274e-007
1462.992188	5.89423e-007
1464.135620	1.82924e-007
1465.068848	4.47148e-007
1466.032349	2.03249e-007
1466.484131	1.01625e-007
1466.845581	1.42274e-007
1467.327637	1.82924e-007
1467.809814	1.42274e-007
1468.231689	1.42274e-007
1468.713989	1.82924e-007
1469.045532	4.06498e-008
1469.196289	6.09748e-008
1469.527954	1.62599e-007
1469.950073	1.2195e-007
1470.342163	1.42274e-007
1471.613770	2.61632e-005
1472.968384	6.23942
1484.466064	1.28919
1496.709473	15.2439
1500.048584	0.159078
1501.608398	14.0936
1509.297729	15.0174
1517.244995	125.032
1527.110107	11.8374
1533.523193	4.63976
1534.636719	0.522215
1537.694214	0.155828
1541.759399	2.33664
1545.267578	0.984907
1545.675415	1.01761
1548.489624	1.48393
1550.718506	0.0756342
1553.004028	0.0126334
1559.619141	0.817629
1568.678345	3.46872
1574.480835	2.02293
1576.078125	0.113128
1577.996582	1.17303
1580.844116	1.0223
1583.572021	0.124729
1585.485352	0.0147602
1589.145020	1.00636
1593.734985	4.7339
1596.122070	1.5726
1597.130249	0.767785
1601.199341	3.57401
1603.204712	0.333369
1604.099243	0.235639
1604.670532	0.0776173
1605.615112	0.137092
1606.503174	0.67366
1614.422852	3.35606
1617.282837	0.14185
1618.037109	0.0516993
1618.778320	0.0187602
1619.748535	0.0465502
1622.663818	0.765342
1625.161743	0.806416
1627.428711	1.68046
1628.798462	0.955886
1630.146240	1.60602
1632.579346	0.524106
1633.817017	1.34085
1634.940186	0.28971
1636.483154	0.644847
1637.168823	0.076894
1639.018677	0.0843336
1645.244751	2.1792
1650.969849	0.732644
1653.448120	3.25113
1656.125000	0.24096
1657.063965	1.29551
1658.386353	0.29402
1659.650635	0.212429
1661.030884	0.104347
1662.028687	0.0210937
1663.096924	0.167645
1666.725220	7.84799
1670.757690	6.4732
1674.074585	3.84438
1675.778931	0.674983
1677.074097	0.382585
1677.559814	0.0780884
1678.588989	0.177065
1679.371826	0.055526
1679.956665	0.0607768
1681.085449	0.013343
1688.088501	0.377313
1696.670410	0.111
1697.876099	0.191218
1698.571655	0.136152
1699.204712	0.025207
1699.567383	0.0462584
1700.238159	0.0872031
1700.847412	0.0166853
1702.602417	0.996494
1715.942017	0.116306
1717.127930	0.203485
1717.840454	0.130635
1718.569946	0.070218
1719.532349	0.0533561
1720.186401	0.0269359
1721.077271	0.290166
1723.235474	0.278566
1723.802979	0.361449
1724.675293	0.582861
1726.251953	0.196915
1727.352051	0.134689
1728.760376	0.0275526
1729.329224	0.000113737
1730.321777	2.44038
1732.990601	0.572833
1745.686401	1.98257
1762.368286	0.190554
1763.734985	0.177974
1764.966675	0.366749
1765.690063	0.258589
1766.450562	0.0971146
1767.394287	0.0894388
1768.102539	0.0351869
1773.634888	5.10631
1791.189331	0.694174
1794.925415	3.93629
1799.199707	1.23769
1799.720947	2.40628e-008
1799.954956	3.21271e-008
1800.222290	3.21239e-008
1800.489624	3.21239e-008
1800.823853	4.81859e-008
1801.224976	4.81859e-008
1801.561401	3.32634e-008
1802.930054	0.0627005
1805.869263	0.328703
1807.779419	0.217887
1809.009644	0.138788
1810.470215	0.083264
1811.611816	0.011827
1812.570801	0.000853061
1813.348022	1.48447e-005
1813.924072	5.08785e-007
1814.387817	5.6407e-008
1814.789673	4.01818e-008
1815.091919	3.21242e-008
1815.326904	2.40929e-008
1815.763184	8.03098e-008
1816.367188	6.42141e-008
1817.640259	0.00840082
1822.084473	0.468203
1827.047485	1.46458
1830.403931	1.13745
1833.408447	0.130569
1835.521484	0.0131993
1837.059326	0.000240803
1837.640747	4.53343e-006
1838.527954	5.77127e-006
1839.491821	8.23706e-007
1840.250000	8.74715e-008
1840.857300	5.62551e-008
1841.330811	5.62171e-008
1841.736572	4.01549e-008
1842.040771	3.21239e-008
1842.412720	5.62169e-008
1842.717163	1.6062e-008
1842.987671	4.81859e-008
1843.325928	3.21239e-008
1843.697998	5.62169e-008
1844.273071	8.03098e-008
1844.949829	8.03098e-008
1845.525146	5.62169e-008
1845.897461	3.21239e-008
1846.269775	5.62169e-008
1846.912964	9.63718e-008
1847.387085	1.6062e-008
1847.861084	9.63718e-008
1848.640137	8.83408e-008
1849.080566	1.6062e-008
1849.249878	2.40929e-008
1850.266479	2.16837e-007
1851.317139	3.21239e-008
1851.520508	1.6062e-008
1851.859497	6.42479e-008
1852.402100	6.42479e-008
1852.944580	6.42479e-008
1853.656860	1.04403e-007
1854.165649	1.6062e-008
1854.437134	4.81859e-008
1854.912109	6.42479e-008
1855.352173	3.98526e-008
1856.088013	0.00394199
1858.208130	0.0423186
1859.281372	0.436906
1860.380249	0.357333
1861.090576	0.182701
1862.155762	0.129637
1862.748901	0.0296062
1863.794922	0.0962257
1865.130005	0.0397972
1866.029663	0.00201629
1872.062256	6.91825
1907.515259	1.5616
1912.015747	3.0804
1915.191040	2.68698
1916.898560	1.2464
1917.825073	0.679994
1918.403442	0.5094
1919.449585	0.307483
1920.186646	0.231949
1924.107300	2.47953
1928.388062	0.587918
1932.001953	1.43138
1935.410889	1.10848
1941.030640	5.75458
1946.079346	2.94159
1964.162109	0.110146
1985.895508	4.99561
1991.153076	0.352017
1992.855591	0.786243
1994.077271	0.20685
1995.401855	0.691386
2000.027588	4.41079
2006.200562	6.92278
2013.830933	15.4055
2036.792236	0.808227
2038.591187	0.634521
2040.172852	0.16828
2041.691040	0.236425
2054.045898	6.241
2056.264404	1.5479
2057.740234	1.13652
2059.200928	0.483702
2060.515381	1.59829
2063.593506	0.727475
2064.997803	3.01784
2066.999512	0.569268
2070.660889	1.99588
2075.467529	1.35172
2084.062012	1.87057
2094.778809	0.0346064
2095.970947	0.247793
2097.014404	0.248716
2097.880127	0.0720764
2098.742676	0.101856
2101.998291	1.79706
2102.922607	0.258004
2103.637695	0.416816
2106.097412	4.86799
2109.801270	7.48857
2121.242920	1.70794
2124.740479	2.58822
2128.738525	2.82539
2147.556885	6.22652
2157.669189	0.162551
2158.697021	0.213526
2160.540527	0.619392
2163.934082	17.8932
2174.337402	27.8232
2179.956787	16.6832
2185.040283	6.93789
2189.405762	0.242619
2191.937012	0.161491
2194.590820	0.511174
2195.935303	0.0958239
2196.741943	0.37843
2198.144287	0.248452
2199.684082	0.177688
2200.857666	0.0176029
2201.795166	0.000285424
2204.162109	0.154351
2205.405518	0.215044
2206.220215	0.174383
2207.139404	0.0754817
2208.132568	0.0627944
2208.816162	0.0269837
2212.457275	1.35834
2215.648193	1.41173
2217.917236	0.656193
2218.745117	0.631301
2219.486084	3.05634
2222.819092	3.76626
2225.616699	2.4742
2233.077393	2.28424
2239.636719	0.670696
2246.209961	0.693763
2248.634033	2.91348
2249.934326	5.56691
2256.419189	45.5865
2263.005371	4.0384
2270.414551	2.30602
2274.698242	3.62286
2278.484131	6.60532
2280.678711	7.7716
2300.628418	15.1971
2308.803223	0.310187
2310.876465	0.920822
2312.532715	1.03117
2313.695068	2.4912
2317.510498	0.833774
2319.361572	0.0966877
2320.197266	0.268598
2322.019531	0.01018
2323.836914	3.60403
2343.822754	10.2059
2357.101318	13.948
2367.593262	16.7548
2377.124268	4.33997
2381.928955	0.441044
2383.630615	0.51394
2385.135986	0.434885
2386.392578	0.709806
2389.204346	0.0852868
2389.967041	0.0436958
2391.189941	0.0763995
2392.007813	0.0381505
2394.192871	0.269762
2396.864258	1.16924
2398.869385	2.35065
2400.098877	1.73064
2402.009766	0.416604
2405.240234	2.74584
2408.993408	1.15892
2411.408936	2.87206
2412.968994	1.53508
2414.521484	0.982994
2415.865234	0.246432
2419.052979	31.7268
2428.451416	81.0715
2429.229980	21.0644
2431.576904	48.7334
2442.110352	26.1326
2446.780273	0.728015
2448.360107	0.995937
2448.935059	0.0776016
2450.116943	0.807061
2452.467773	9.14931
2465.685547	1.53191
2471.986816	18.0307
2481.912354	3.92219
2483.866699	6.55145
2487.640625	11.0446
2493.282959	0.361176
2495.046875	2.49706
2496.704834	0.631884
2497.795410	4.39126
2505.427490	4.0777
2513.539795	59.4112
2515.972900	39.673
2521.856934	0.734073
2523.363525	16.0403
2531.037354	820.146
2537.603516	16.6809
2543.161865	53.0988
2553.686523	67.6716
2560.927002	7.75706
2565.660156	0.969023
2569.396973	0.50422
2570.568604	1.42075
2574.182129	5.19976
2576.541748	0.620506
2577.951904	4.18971
2582.825195	3.96328
2587.623779	11.1744
2591.198730	3.55146
2594.610840	0.916509
2596.101563	0.634505
2598.434082	5.59695
2604.091309	1.25889
2605.511230	0.62698
2607.430664	0.441025
2613.764404	92.2668
2626.676025	30.6379
2628.739014	53.6783
2633.913330	32.1344
2646.342529	40.2508
2651.760498	10.1346
2663.458008	0.63275
2666.217773	2.85269
2667.854004	1.7829
2669.544922	0.963559
2671.261963	0.504704
2672.650635	2.76643
2692.776611	2.16501
2698.602783	13.6136
2712.876465	14.7463
2714.328125	9.95261
2725.278809	2.13883
2729.630371	7.96354
2735.123535	4.59661
2750.161133	22.489
2751.674072	1.17127
2753.510254	5.35474
2755.028320	50.7541
2774.306885	168.893
2780.646973	2.12445
2783.648926	0.495513
2787.916504	10.2777
2797.838623	16.6976
2801.473877	1.00268
2805.424072	0.240634
2807.711914	1.26801
2809.299561	0.569934
2810.044678	0.0662928
2811.362305	1.43899
2813.143555	0.874543
2814.569336	2.23908
2816.270508	0.637469
2817.950684	0.836696
2819.544434	0.159573
2825.389648	0.238818
2830.199463	0.974494
2835.090820	0.914247
2839.577637	1.76452
2846.079590	0.347898
2847.347412	0.22782
2848.113525	0.0798328
2849.405029	0.133865
2850.369873	0.0891738
2851.100342	0.00763529
2855.771484	3.25846
2862.680908	0.500602
2865.880371	0.895531
2867.540771	1.11796
2869.163818	0.157059
2871.118164	1.51267
2875.186768	0.279824
2876.156982	0.0993411
2876.997559	0.10806
2878.384521	0.0470169
2882.428955	1.54673
2884.382324	0.72622
2885.741943	1.11539
2887.144775	0.385226
2893.135986	51.8557
2902.535645	189.086
2909.107178	21.6875
2918.499756	7.64734
2923.480957	6.39474
2929.776855	0.417617
2931.578125	0.512993
2932.913086	0.081408
2933.775391	0.304181
2935.106934	3.61677
2942.242432	6.59507
2945.294434	3.6848
2946.607422	1.71216
2948.476807	1.77279
2950.078369	0.322339
2952.436523	8.33936
2956.711914	4.19874
2960.080566	7.82653
2970.856934	2.18698
2972.263184	4.51465
2978.573975	9.10271
2979.569824	0.584329
2986.236328	24.3583
2989.068848	100.45
3004.640137	15.7946
3013.559082	416.766
3018.117432	128.756
3025.758545	1.85792
3031.613037	2087.33
3037.058350	104.343
3046.376953	14.0426
3048.902588	3.1939
3050.645508	1.0284
3054.442383	114.611
3069.891357	28.2897
3073.116455	3.41467
3074.728760	5.59322
3076.616211	0.85785
3077.509766	0.811062
3078.883789	0.257625
3079.719482	0.961662
3081.693604	8.5253
3088.191895	1.01528
3090.213379	13.8852
3093.859375	0.0164653
3095.217773	2.06334
3099.278809	0.239462
3100.761475	0.0440736
3101.719238	0.145397
3103.279785	0.0981721
3103.903320	0.0271044
3105.423096	0.148643
3107.547607	1.91491
3112.755127	3.46637
3113.975586	3.31308
3115.066406	7.96421
3120.171143	14.8959
3123.899170	3.73304
3125.101807	0.120485
3127.473877	1.177
3128.345947	0.0461044
3130.571289	58.0274
3146.659180	81.5834
3153.613525	3.09946
3156.961670	0.640395
3158.144287	5.17663
3166.499756	2.67412
3168.257324	1.73018
3169.907959	3.28328
3171.758789	0.615966
3173.226563	0.34352
3174.637207	0.588441
3176.879395	9.3376
3196.683838	12.6929
3198.693848	0.195238
3201.768799	43.069
3217.861572	303.559
3235.038086	35.6181
3237.702881	1.8574
3245.071289	5.14754
3252.113281	2.83897
3257.358643	2.12911
3261.120605	12.1135
3264.684814	1.24065
3271.316650	6.25911
3274.012207	5.95112
3275.680176	6.14137
3277.628174	2.63261
3278.993652	7.0492
3282.903809	13.0764
3287.541748	9.56229
3288.476074	0.10017
3289.230225	0.950282
3291.278320	4.08661
3292.986084	0.813243
3295.038086	1.13055
3296.870605	0.622063
3299.100586	7.3722
3307.448486	11.1249
3313.024170	4.11887
3317.545654	6.11849
3319.841309	2.6054
3321.950439	2.01859
3323.331787	0.185407
3324.239746	0.68195
3325.767334	1.18956
3326.640625	0.149695
3328.245850	7.13482
3334.834473	32.5432
3345.472168	94.3142
3350.965088	12.6074
3357.950439	25.7092
3363.905762	10.6726
3369.216797	13.4113
3373.215088	15.2671
3377.701172	5.26363
3381.411865	1.65876
3383.094971	0.909824
3384.968994	2.99486
3394.039551	2.79483
3396.392334	2.33777
3404.984619	0.541058
3410.073975	8.04943
3417.518311	1.0327
3418.833740	0.646405
3419.472656	0.261218
3420.850098	0.682437
3425.829834	1.52847
3429.419434	0.421653
3430.169678	0.0417282
3431.720947	0.684776
3433.307617	7.61416
3448.845947	22.4218
3452.828369	3.64075
3455.033936	3.53465
3457.149170	39.755
3464.107178	27.3874
3465.249512	38.1399
3470.498535	2.79895
3473.874756	103.986
3477.638184	3.56796
3482.797119	18.3356
3491.883545	2.48687
3501.729736	20.2128
3503.781982	2.95515
3507.167236	1.12503
3509.900879	0.0628303
3510.852295	0.39915
3511.636963	0.015005
3512.657471	0.318879
3517.957764	7.57282
3521.042969	2.97005
3523.247803	0.53322
3523.991455	0.391496
3525.483643	1.50606
3527.566406	0.157925
3528.937744	5.37289
3532.503418	0.581187
3533.796387	16.3795
3548.991943	172.335
3565.998779	1374.88
3588.253418	317.498
3596.268555	7.62027
3603.074463	61.6538
3620.256836	22.1003
3624.488770	21.3211
3635.551270	56.5899
3637.558838	25.8535
3641.128418	0.997679
3644.315430	2.44003
3645.774902	27.9273
3655.270996	63.5656
3661.190186	1.11788
3662.605957	1.83027
3663.949951	4.04451
3665.932373	0.073799
3668.460449	40.7429
3681.364746	192.095
3683.761475	445.276
3700.367432	3091.14
3712.270508	0.16426
3713.446533	2.00985
3719.708252	72.1858
3721.909912	106.13
3737.182617	74.0516
3740.656250	0.290852
3741.835205	0.430886
3745.927490	6.36688
3747.596436	48.224
3765.471436	176.5
3770.907227	24.4033
3781.316406	174.137
3798.583496	404.51
3806.119629	50.6952
3816.161133	634.211
3832.270996	29.4968
3834.617920	8.49717
3836.251709	5.89232
3838.457520	4.12571
3840.898438	2.13337
3843.116699	0.966556
3846.422119	3.44689
3849.216064	0.879217
3851.022949	1.27875
3852.538574	1.8547
3855.054199	0.768161
3856.501465	1.58405
3858.371582	0.904583
3859.334717	0.108994
3860.512695	0.690717
3861.902344	0.125833
3865.143555	9.28871
3869.994141	11.8396
3872.613281	1.17199
3876.622070	6.35481
3878.049072	0.564291
3879.635742	6.02054
3881.637451	3.13431
3883.621338	10.4072
3892.862793	52.9919
3894.546875	82.3491
3903.511963	0.937196
3904.685303	0.643138
3910.608887	105.368
3920.700928	7.5275
3927.725830	23.8087
3930.981689	3.41273
3932.968262	8.46183
3935.843994	3.45411
3937.484131	1.2253
3939.192871	0.36921
3941.270996	1.17725
3942.774658	0.871606
3943.920166	0.272692
3944.963379	0.296278
3946.540771	0.431768
3947.451904	0.0787724
3948.925293	10.7984
3957.117432	0.764449
3959.189453	2.73874
3961.154297	2.36281
3962.752930	1.56339
3964.829590	0.778962
3966.608643	0.883032
3968.097412	0.48243
3969.235107	0.423947
3969.942871	0.0725961
3970.912842	0.327893
3971.918945	0.439513
3972.863525	0.471922
3974.647461	2.99256
3977.214355	1.47791
3979.003174	0.909657
3980.721924	0.0696669
3981.638672	0.0909659
3982.790039	0.13017
3983.324463	0.032186
3984.296143	0.0706703
3992.311035	51.4694
3993.467285	3.03086
3995.622559	7.46586
3997.466553	27.4074
4001.607666	22.6469
4009.837891	1134.6
4031.652344	168.323
4034.637207	23.6317
4038.444824	12.0555
4048.464844	76.0434
4051.491699	0.953418
4053.932129	4.78991
4055.067383	0.509178
4056.176758	7.61971
4061.436523	5.05906
4066.375000	39.906
4069.644287	12.7211
4071.332520	7.44624
4073.373047	49.7976
4081.103516	17.8598
4082.678223	4.81863
4085.775879	62.2276
4093.019287	4.82261
4094.156250	1.9696
4098.905273	69.2178
4104.401855	0.109639
4106.120117	6.38561
4107.653809	3.12361
4109.022461	93.3775
4126.433105	1540.74
4133.698242	46.5248
4143.806641	6835.71
4165.065430	142.507
4167.208496	152.897
4180.818848	114.515
4182.349121	64.3524
4187.569336	4.5443
4189.734375	2.39765
4192.185547	0.310661
4194.624023	8.15705
4198.293457	3.08825
4200.204590	1.78968
4202.938965	0.601415
4205.347656	13.453
4206.792480	0.534881
4207.878906	0.0876126
4209.713379	0.761954
4211.287109	0.160481
4212.599609	0.982324
4213.640625	0.616275
4215.071777	19.1718
4222.249023	26.5368
4228.073242	0.18238
4234.186523	71.0645
4236.213867	4.97387
4237.803711	2.86973
4238.702148	0.87049
4240.718262	160.017
4249.385742	19.8022
4258.228027	115.751
4260.117676	97.0594
4267.841797	59.9571
4285.722656	102.003
4290.677734	4.77974
4291.527832	11.6863
4295.667969	2.15786
4298.731934	10.8098
4303.634277	8.32626
4306.246582	0.608654
4307.973145	0.89399
4309.322754	0.334329
4310.530762	0.188692
4312.251953	10.6497
4317.724121	0.573952
4318.975586	0.286178
4320.341309	0.521216
4321.772949	0.662315
4322.801270	0.19686
4328.208496	81.656
4333.284668	33.0805
4340.684570	14.6262
4342.519531	4.66218
4344.354980	3.2533
4346.547363	2.09529
4351.649414	33.3267
4364.070801	147.99
4369.172363	62.6411
4380.961426	5.52248
4382.164063	0.807916
4383.350586	0.443883
4384.783203	0.179977
4386.016602	0.229723
4393.225098	76.9455
4406.718262	17.9133
4412.187012	63.0133
4415.039551	0.187671
4416.486328	28.1917
4426.138184	15.7193
4429.462891	11.8477
4430.457520	15.3511
4433.126953	5.53306
4437.677246	9.53119
4441.231445	1.90203
4443.332520	1.46789
4444.931641	4.30709
4449.164551	11.2461
4454.437012	7.38215
4459.266113	6.37419
4462.926270	11.0911
4471.441895	4.93654
4476.024902	4.35609
4483.202637	21.2304
4484.719238	1.40848
4489.325684	36.6292
4491.551758	3.54299
4493.187500	111.364
4506.818359	20.2418
4508.264648	7.83439
4512.201660	0.644425
4516.666016	22.4179
4517.788574	2.73012
4519.127930	56.5098
4528.306641	3.7385
4530.052734	15.191
4536.475098	16.7127
4538.835938	1.02211
4539.832031	0.511232
4541.577148	0.557494
4543.033203	1.44212
4545.067383	3.65275
4547.107422	0.86115
4548.292969	0.260463
4549.807617	3.12326
4552.957031	0.644557
4556.064453	3.33383
4558.514160	2.15224
4562.361328	37.149
4563.681641	0.335521
4564.691406	1.63113
4566.817871	36.7919
4572.972656	1.18094
4580.871582	166.133
4592.802734	14.2098
4595.008301	1.57399
4598.646973	1.73426
4601.943848	20.6107
4604.021973	24.2977
4608.147949	2.02741
4613.917480	4.91656
4619.775391	9.73147
4621.330566	1.90818
4624.039063	0.14483
4631.688965	60.4596
4632.751953	0.458307
4633.967285	11.1779
4636.589355	3.36084
4639.512695	15.5393
4641.074219	93.9968
4648.982422	189.924
4660.562988	644.777
4678.397461	4742.23
4690.020508	2.61913
4701.013184	196.872
4711.959473	13.6712
4716.893555	53.9016
4719.569824	1.07716
4721.144043	0.473449
4722.258789	3.23451
4724.525879	3.26353
4726.460938	8.57551
4731.898438	20.0403
4735.711426	41.3927
4745.485352	3.09483
4746.576172	0.428287
4747.794922	4.5333
4750.466309	5.13525
4752.802246	1.82212
4754.429199	1.34708
4755.769043	0.776612
4759.947754	50.4542
4764.534668	101.064
4778.366699	228.325
4786.344727	15.7741
4795.164063	10.8545
4807.339844	581.21
4830.188477	69.312
4834.132813	9.56756
4837.878906	3.64995
4840.028320	1.93313
4844.166016	52.9293
4850.114258	1.27175
4851.203613	1.00862
4859.758301	50.5167
4862.994629	11.6502
4864.796387	7.87497
4867.117188	7.84718
4873.194824	17.3334
4875.716309	14.1597
4877.278809	72.7461
4886.115723	16.0949
4889.171875	1.86558
4891.347656	3.52056
4892.864258	1.69554
4894.378418	37.5215
4905.702148	0.195839
4908.624512	2.39942
4912.318359	2.62089
4918.913086	67.6689
4924.115723	1.01164
4927.107422	8.48275
4929.240234	4.36124
4935.220215	338.275
4941.167969	0.322886
4943.513672	90.6078
4954.679688	4.74076
4959.502441	1.64985
4963.093262	22.7224
4965.486328	0.89509
4967.940430	1.54092
4973.247070	35.271
4978.763184	279.053
4988.144531	63.313
4991.154785	21.7964
4992.819824	41.7942
4997.675781	7.8507
5000.165527	4.4416
5001.518066	10.995
5006.020508	0.927407
5007.942871	23.4961
5015.131348	8.02201
5017.827148	1.96905
5019.924805	2.73067
5023.264648	10.1106
5028.554199	2.77408
5036.039551	3.99612
5037.864746	1.67835
5040.531250	3.50798
5043.104980	32.6473
5046.329102	5.4097
5048.479492	2.61352
5051.333496	18.0625
5063.459473	294.247
5073.784180	22.1535
5081.385254	190.944
5084.363281	1.64256
5086.116699	16.389
5088.675781	0.614511
5092.354004	57.1191
5094.296875	85.8826
5102.769043	138.606
5108.589355	51.9648
5110.026855	54.6063
5114.496582	1.03233
5116.372559	28.6525
5124.879395	16.5965
5131.251465	22.2056
5133.090820	23.2984
5137.895020	1.2288
5140.674805	8.92564
5143.695313	2.39215
5145.751953	0.103744
5148.892090	18.5225
5151.819336	35.6081
5161.749023	332.516
5164.754395	13.5601
5168.210449	9.08294
5169.602539	37.6136
5178.678711	2931.12
5198.326660	119.494
5202.106934	62.6728
5207.003418	32.68
5216.072266	27.5353
5218.277344	2.9945
5220.462891	3.66233
5222.930664	15.4688
5234.584473	35.6952
5236.042480	12.0598
5241.279785	6.34359
5242.614258	6.65541
5244.454102	1.31072
5246.140137	65.05
5261.948242	296.716
5264.040527	486.279
5281.019531	3290.64
5290.000977	81.833
5299.511230	23.6493
5301.944336	17.5245
5303.300293	1.38421
5304.600098	46.8724
5312.478027	17.5778
5316.063965	2.32752
5318.241699	9.76288
5319.991699	0.73008
5323.281250	39.7046
5328.394531	1.61102
5331.012695	1.09597
5333.529297	1.31453
5334.801270	0.47668
5335.946289	0.523053
5338.275391	0.586506
5339.688477	2.40247
5355.209961	59.8625
5358.320801	5.25692
5360.260254	0.883333
5361.406250	0.849437
5362.844727	3.81062
5365.248047	2.59843
5367.364258	1.43314
5370.731445	19.8652
5376.231934	35.8945
5377.551758	10.5176
5379.800781	5.72918
5381.588379	26.0644
5386.062988	1.19466
5388.027832	0.988754
5389.490234	2.29661
5392.187500	8.37531
5394.450684	5.34884
5397.633301	152.155
5417.822266	17.1104
5422.729980	21.6676
5425.223145	2.16355
5427.135742	7.7544
5430.572754	6.67843
5433.047363	10.0303
5437.838379	12.601
5445.838379	14.7288
5452.828125	164.161
5460.716797	24.951
5467.855469	12.9885
5470.127441	7.66156
5472.021484	3.69267
5474.698242	3.81898
5477.203125	5.66341
5478.767578	45.8162
5488.347168	16.3882
5489.988770	3.63809
5491.741699	44.3092
5498.843750	7.90855
5505.409180	36.6918
5507.087891	80.6581
5514.102051	0.857014
5517.094727	12.3215
5518.440918	0.0863155
5519.557617	2.52692
5521.989258	0.183055
5523.776855	2.38036
5525.839844	3.95588
5527.879883	1.70508
5529.913574	1.46771
5533.762207	0.0636503
5535.415039	0.421153
5538.138184	1.37358
5539.740723	0.0695523
5543.872559	6.05647
5549.135254	18.993
5556.728027	1.72517
5558.952637	0.701297
5566.910645	50.4998
5568.858398	19.9728
5578.319824	12.8914
5579.973633	0.570501
5581.735840	3.59919
5588.393555	43.3116
5598.500000	20.0684
5602.236328	16.0343
5604.041016	41.0085
5611.814941	45.1997
5616.749512	0.0739682
5621.832520	26.2471
5627.213379	8.22879
5631.950684	0.120752
5633.810547	0.2572
5635.273926	0.622794
5636.438965	2.04277
5639.470215	0.11137
5644.162109	4.5641
5649.588379	5.53694
5655.487305	4.99944
5664.243652	4.94663
5667.915039	3.417
5675.479980	43.464
5676.918945	1.53456
5678.522949	1.57616
5679.831543	1.60385
5681.910156	80.1234
5694.326172	401.682
5701.649902	13.7516
5707.901855	11.978
5709.827637	13.2372
5718.708984	17.8033
5720.793457	2.96498
5725.589844	14.0484
5730.067383	1.22778
5733.078125	4.26695
5735.504883	0.488317
5737.047852	5.96058
5738.958496	4.3535
5744.291016	25.592
5755.104980	12.9508
5756.769043	3.28661
5759.101074	1.21499
5763.397461	8.86919
5769.239746	7.40802
5771.304688	0.860932
5772.732910	0.633505
5773.578125	0.343083
5775.451660	3.62318
5779.929199	2.60061
5782.105957	2.28516
5783.168457	0.11999
5784.858887	0.717359
5786.529297	0.223184
5787.385742	0.0679719
5790.944336	18.5285
5803.408203	5.17233
5806.586426	13.9641
5809.252441	2.841
5811.846680	8.13767
5819.231445	4.41426
5821.779297	3.1771
5823.730957	4.32174
5826.170898	0.554017
5828.479004	23.3103
5840.313477	1.16099
5843.476563	4.89566
5845.751953	4.76493
5848.383301	14.6286
5849.668945	23.464
5854.380371	1.61844
5856.944824	0.321152
5858.620605	0.347035
5860.685547	2.9683
5867.976563	1.15988
5869.666504	0.688187
5872.456543	3.76615
5873.471191	1.07216
5875.752930	0.669202
5878.423340	3.75071
5883.148438	0.417317
5888.049316	11.8685
5897.502441	5.32295
5899.728027	0.379716
5901.077148	0.153997
5902.427246	0.243308
5904.746094	3.78318
5911.379883	12.821
5919.418457	0.886198
5922.419434	5.35167
5926.770996	6.16698
5931.194824	1.37888
5934.971191	0.249362
5938.436523	9.57008
5942.920410	4.57618
5944.564453	1.60926
5947.871582	0.596273
5951.071289	9.90702
5958.617188	5.1709
5961.824707	2.8972
5965.249023	2.01165
5968.023438	3.4382
5970.698242	4.2529
5975.788086	96.3072
5987.074219	32.905
5992.148438	59.1216
6001.783691	16.6916
6006.055176	0.771084
6008.973145	24.4178
6017.312500	13.5093
6021.843262	19.2831
6031.314941	1.05256
6034.551758	1.61028
6037.473145	9.24429
6040.248047	3.1682
6042.745605	2.81071
6044.843750	14.0429
6052.481445	19.0956
6057.551270	20.3315
6059.147461	5.01782
6063.575684	11.9219
6066.582031	7.50522
6069.380371	3.01771
6072.262695	3.45254
6078.779785	29.5928
6084.818848	16.7769
6095.514648	59.6152
6097.536621	44.3543
6103.551270	17.6346
6114.733398	15.3531
6119.641113	4.29143
6121.217285	0.444683
6122.349121	0.464843
6124.429199	2.70495
6127.013184	0.771753
6128.506348	2.07935
6131.479492	10.4426
6137.397949	9.75605
6140.914063	1.47802
6147.859863	47.7333
6158.272949	54.3812
6175.587891	1056.3
6193.009766	5323.77
6200.874512	543.027
6213.391602	81.1242
6220.314453	0.360195
6229.592773	50.6599
6241.835449	30.2891
6244.394531	7.1703
6246.696289	3.74363
6256.729980	141.003
6263.319824	25.8587
6268.858887	8.15919
6270.762695	0.978555
6274.589355	20.7417
6277.459473	2.30741
6283.566406	33.0191
6288.761719	45.2944
6293.206055	12.2607
6297.244629	1.88733
6299.747559	6.69649
6302.366211	5.13881
6308.097656	145.425
6313.860840	2.63275
6316.481445	38.4432
6327.306641	8.99356
6329.639648	0.774354
6331.822754	0.662091
6334.891602	1.11894
6336.292969	0.136394
6338.286621	7.38329
6341.985840	3.14589
6342.979492	0.951749
6344.814941	1.06161
6348.063477	1.63365
6350.805664	0.400981
6352.107422	0.233997
6353.877441	0.255772
6355.412598	0.480755
6371.130371	73.6139
6373.409668	2.78309
6375.750000	3.6239
6378.150879	7.76798
6381.407227	12.5213
6383.675293	2.11971
6386.742188	6.94867
6388.495117	10.5388
6395.629883	1.29009
6398.067383	1.62633
6400.730469	0.921654
6405.287598	7.70704
6407.803711	28.4683
6417.764160	2.58944
6419.848145	2.6891
6428.218750	53.33
6429.531738	17.33
6433.965820	6.34131
6436.612793	30.9238
6448.465820	1.81345
6449.763672	4.34197
6456.673340	1.69375
6459.329102	10.0168
6471.583984	8.8224
6474.311035	2.22608
6477.790527	2.79326
6480.020996	0.870868
6482.282227	1.0446
6483.980957	1.85812
6485.243652	1.02616
6487.181152	0.597796
6491.990723	2.55299
6494.972168	5.06503
6499.378418	16.7566
6502.000977	2.71818
6504.403809	29.928
6514.350098	11.9305
6526.754883	66.6548
6530.851563	30.8719
6546.177246	134.054
6548.206543	77.6033
6557.645508	307.249
6573.179199	36.7306
6578.180176	0.153389
6580.478027	2.27026
6589.022461	10.0855
6593.923828	0.361301
6596.177246	0.373082
6597.695801	0.179163
6600.983398	1.87638
6603.522461	0.950317
6605.624023	12.2221
6613.027344	37.667
6618.131348	0.567858
6619.796875	0.85569
6621.609863	4.79799
6624.000488	2.57439
6629.799805	5.3488
6631.873047	1.01433
6634.541016	1.39466
6637.601074	1.10782
6640.189453	6.2886
6645.727051	10.3209
6649.553711	2.93049
6651.535645	2.09524
6654.283203	0.807254
6659.224121	1.30449
6667.708496	98.3983
6671.925293	63.3818
6684.924316	479.333
6699.853027	24.9183
6702.349609	1.25329
6704.534668	8.48313
6709.719727	6.9695
6725.665527	80.2468
6740.788574	76.7224
6745.868164	33.8161
6760.499512	55.8158
6765.288086	11.8925
6769.338867	1.26966
6771.806152	0.711794
6774.612305	13.7149
6776.979980	5.13593
6780.666504	5.92715
6782.652344	28.84
6794.254395	0.593837
6797.729980	1.0089
6800.360352	1.01743
6803.245117	2.26869
6805.676758	1.08301
6810.005859	2.01423
6813.251465	2.78083
6815.482910	4.65923
6818.460938	14.5055
6823.743652	17.2526
6834.049316	185.81
6841.975586	67.9447
6857.237793	24.9006
6858.964844	16.3277
6865.850098	7.04742
6874.793945	7.56831
6881.123047	8.52886
6886.705078	7.43562
6889.801758	1.09229
6891.737305	3.37876
6893.186035	0.346252
6896.562988	9.01981
6900.587891	47.4718
6912.962891	99.0017
6916.176758	80.7645
6923.325195	23.7778
6927.642578	11.0012
6930.213379	12.898
6933.022461	120.063
6943.005859	14.944
6946.973633	0.881153
6949.975098	6.74542
6952.610352	16.2261
6957.132813	2.11624
6959.506348	4.95614
6962.507324	0.655413
6964.883301	1.56221
6966.965332	12.4225
6973.811523	10.7535
6982.884766	14.9195
6985.187500	5.67782
6988.161621	2.52629
6991.125977	22.1725
6998.246094	34.4408
7012.519043	950.927
7029.798340	2630.9
7043.806152	29.9579
7046.169434	43.4543
7053.078613	34.4695
7069.028320	63.1947
7073.807129	3.01429
7075.871094	2.53201
7084.371582	23.5625
7086.306641	4.35971
7089.986328	2.1369
7092.768555	1.55396
7095.825195	0.706341
7099.366699	0.0352251
7105.504395	4.35225
7110.755859	3.68256
7113.636230	2.49323
7116.679688	2.09613
7119.307617	0.780871
7123.135254	4.40506
7126.853027	2.2506
7129.600586	0.8556
7135.026367	4.10406
7139.204102	5.80056
7141.732910	3.36386
7144.860352	5.04449
7146.996094	9.50423
7152.664063	1.86064
7156.057129	15.0193
7160.280762	39.0027
7169.664063	0.213486
7172.881836	3.01374
7174.975098	0.481761
7178.651855	1.38314
7180.312500	0.230498
7183.393555	1.4016
7185.220703	1.40041
7186.638672	0.189714
7188.468262	0.555252
7190.110840	0.514739
7194.248535	0.372655
7196.435059	0.55025
7201.943848	27.0907
7211.605957	15.8622
7219.391602	3.02621
7223.546387	1.44393
7226.198730	1.2588
7228.915039	0.761808
7231.567383	3.25325
7245.897461	2.2301
7255.846191	4.27827
7259.976563	1.93793
7262.301270	1.40388
7266.551758	0.931491
7268.796875	0.108103
7271.069824	0.398722
7273.437012	1.08436
7275.868164	7.89467
7283.521484	0.467023
7286.861816	3.05008
7288.505371	0.567512
7293.231934	16.7964
7301.759277	2.52705
7305.084961	15.0996
7313.917969	2.3932
7315.625488	0.401578
7323.982422	2.91446
7325.852539	0.459792
7327.179688	0.0896075
7328.771973	0.691984
7331.066406	0.682896
7334.639648	6.26638
7343.521484	6.96561
7348.984863	4.97506
7359.104004	9.24463
7365.756348	2.58661
7366.996094	1.16595
7370.443359	0.0733214
7373.078125	1.63585
7379.675781	1.29314
7383.403809	0.465493
7385.177734	2.38904
7388.280273	0.579278
7391.194336	1.44161
7393.450684	1.75708
7398.106934	0.938489
7402.926758	0.168382
7404.549316	0.100593
7406.304199	0.0868539
7408.471191	2.09534
7414.648438	2.59421
7430.566895	1.45756
7432.550293	0.347121
7433.593262	0.679573
7436.408691	1.41026
7439.061035	1.79144
7441.393555	0.736189
7448.895020	4.75701
7453.553223	0.440627
7455.193359	0.625981
7458.838379	0.111616
7461.455078	5.64718
7467.681641	2.21195
7470.564453	0.332924
7473.103027	0.258366
7474.798340	0.231093
7480.110840	3.81343
7483.802734	3.10185
7486.649902	1.21927
7489.327637	2.15014
7491.746094	0.546172
7493.414063	0.350737
7494.763184	0.295774
7497.156738	9.94816
7508.240234	1.15232
7510.916504	3.29058
7512.849121	6.38085
7523.507324	8.84346
7530.054688	12.9531
7537.844238	10.5165
7542.988770	0.778537
7548.199219	0.279548
7550.118164	0.385296
7551.489258	0.263718
7553.212891	0.375895
7555.014160	0.122686
7556.421387	0.0563635
7560.445313	1.60544
7565.517090	1.83504
7571.106934	2.30722
7577.357422	0.554759
7580.604980	0.119176
7582.494629	0.133548
7584.248047	0.119343
7585.708008	0.0298836
7591.400879	9.24107
7601.648926	6.38601
7606.110352	3.54362
7612.898926	27.1925
7629.723145	7.35431
7636.958008	2.78077
7639.032715	0.810594
7642.214844	1.41302
7649.583008	0.123888
7658.828613	11.9572
7661.728516	1.2523
7665.777832	21.4716
7671.039551	2.91014
7684.699707	102.905
7702.969238	626.631
7717.491211	10.9413
7729.822754	48.2572
7750.922852	44.2988
7760.329590	9.00898
7766.512695	4.90745
7769.866699	5.71703
7776.505859	2.26189
7780.258789	0.287539
7783.949219	1.45764
7787.175293	0.394959
7789.347168	0.0501073
7790.876953	0.770302
7793.039551	0.555104
7794.506836	0.124882
7796.458008	0.198184
7800.399414	8.52602
7815.886719	0.121583
7818.459473	2.4916
7828.431641	0.274242
7830.111816	0.134897
7831.577148	0.117188
7833.665527	0.239629
7838.275391	0.510294
7841.527832	0.199165
7844.933594	0.156656
7848.308105	0.292619
7854.947754	0.710578
7861.142090	4.12056
7866.842773	1.62213
7868.565918	1.29324
7873.264160	2.94956
7882.138184	1.01382
7884.937012	0.623145
7886.686035	0.138744
7888.023438	0.388154
7891.067871	3.62637
7905.000488	0.547426
7910.633301	2.0909
7913.163574	1.7295
7925.435547	5.23494
7940.236816	4.52677
7949.867188	1.4329
7956.409180	0.972782
7964.631348	0.92587
7971.383789	0.632653
7974.020020	0.148826
7976.464355	0.266768
7978.144043	0.145786
7979.662598	0.11582
7981.760254	0.0798455
7989.378906	7.22978
8004.204590	4.78269
8008.794434	0.0731156
8012.847656	1.7361
8020.538086	4.96952
8024.179688	0.331747
8025.762207	0.13443
8027.551270	8.90846
8036.837891	8.93747
8039.355957	4.37058
8046.047852	2.72896
8049.126953	0.654106
8053.329102	10.5631
8056.794434	1.42168
8060.422363	8.01791
8063.977051	6.53772
8069.818359	0.000655161
8071.302246	0.0124897
8074.013672	0.819937
8075.940918	0.321779
8077.439941	0.602072
8081.514648	2.44696
8086.354492	0.0134759
8089.780762	1.20181
8095.361816	10.3305
8104.311523	22.059
8116.149414	31.003
8124.492676	16.827
8134.088867	11.4578
8136.976074	6.47289
