TITLE "<<170218_CKF_WJZ_RM7788_E9_PM_7839_ProteaSIN_MSMS1kVPos_Sen_MetaON_AlkTrx_TIS_100Da_10K_7000hv>> 4700 MS/MS Precursor 7839 Spec #1=>AdvBC(32,0.5,0.0)=>NR(2.00)=>SM31=>CT[BP = 4537.5, 16485]" CENTROID
TYPE MASSSPEC
10.046786	4.58021
15.985572	3.30132
21.331495	10.3642
22.497641	0.0294124
22.708221	20.0756
23.158112	1.89484
23.357124	27.571
23.695578	3.05181
23.974821	6.51741
24.455873	7.64807
25.250141	0.149059
27.012264	5.59844
27.348885	0.754259
27.517262	0.288167
27.693930	1.65446
28.877134	7.79868
29.473379	4.41986
29.965139	26.2319
30.452757	43.3153
30.828205	4.55547
31.305197	3.13484
31.721777	1.85096
32.868011	1.77081
33.829090	0.0482039
36.218212	4.80639
36.792084	0.478616
36.873592	0.611123
36.999836	0.991091
37.229164	0.47626
37.461060	6.26945
38.569271	25.0545
39.108662	8.89046
39.395546	30.304
39.545208	6.43509
39.810780	8.01497
40.464676	7.30859
41.124264	0.927746
42.318096	10.106
43.633873	13.8783
44.212723	8.51314
44.542923	47.7255
44.694332	7.22626
44.935970	9.10233
45.148235	37.1887
46.645355	24.8922
47.943375	29.8153
51.040775	44.583
51.674812	102.485
51.743378	3.21461
51.878368	91.0115
52.023586	96.3119
52.269005	49.3497
52.433773	24.0121
52.515789	6.36463
52.611229	45.5406
52.809372	43.3939
52.995941	12.8465
53.210976	72.1234
53.859676	33.5779
54.020824	18.3751
54.265335	1.9002
54.425694	8.50212
54.626953	41.6743
55.232025	34.0284
55.703602	10.6433
55.864399	20.8373
56.255119	6.92709
56.420387	5.21614
56.745502	23.1295
58.868568	20.4179
59.688179	17.2363
60.201660	0.557997
60.463371	1.94077
60.726563	0.191045
61.097668	19.6973
61.505558	7.01146
61.712372	5.29723
61.979958	12.0551
62.725334	2.63417
63.126774	0.148341
63.409306	5.02581
63.984589	2.2161
64.078712	0.374724
64.272423	0.184123
64.433609	0.194401
65.039444	1.39613
65.798691	2.92526
65.999191	3.13664
66.395264	3.76651
66.528191	0.0427273
66.651657	0.613126
67.170021	8.67507
67.812469	9.96373
68.320152	8.88486
69.172722	60.9387
70.731773	133.068
71.388420	17.2235
72.640503	18.1301
73.924187	8.63252
76.194611	5.42675
76.456284	1.40369
76.746605	1.06185
77.021080	0.497217
77.264381	0.822731
77.409950	0.690731
77.773300	2.05119
77.951981	0.866678
78.139816	0.799219
78.535995	44.2806
79.545692	85.6843
80.268906	17.6839
80.507813	9.89187
80.797546	1.4443
81.309143	18.9518
81.785942	2.18375
81.900200	3.41268
82.249069	26.3938
82.798508	9.56686
82.924286	11.3081
83.373878	2.63439
83.751106	0.700413
84.031410	2.5773
84.206779	0.687183
84.359657	1.2964
84.512062	1.43803
84.741905	4.46777
84.946526	5.47596
85.266991	2.74872
85.787941	34.1366
86.789284	30.6575
87.325935	5.38267
87.581833	0.335836
87.757736	1.27827
88.112213	0.819785
88.541573	2.46906
88.865242	1.09533
89.163918	0.640208
89.451401	0.247656
90.250923	0.785493
90.692070	4.52644
91.602097	1.57399
92.382149	7.24843
92.596291	0.843574
92.876030	4.82314
93.160110	7.18244
93.522346	15.1554
93.748276	7.64471
94.084564	1.32233
94.351730	44.7475
95.851318	22.3254
96.256760	9.37792
96.438240	4.4654
96.569687	7.88073
96.826859	11.9154
97.000183	22.6992
97.755997	56.5237
97.973694	5.30281
98.352104	54.8632
99.210075	0.578336
99.475105	6.50768
99.722481	5.65061
99.858139	20.3145
100.793617	20.5481
101.928337	22.9724
102.333008	14.6669
102.792389	5.80879
103.036301	6.73057
103.634583	21.0515
104.503799	30.5238
105.346107	37.0258
105.968422	3.52704
106.141624	1.64943
106.756416	9.89564
108.337639	91.0558
108.771011	7.32871
109.080078	8.28348
109.442261	38.6726
111.618217	4.66495
113.196564	47.607
113.436295	1.54
113.584885	1.16871
113.765984	29.7715
114.956154	1.78855
115.219673	1.42717
115.387215	0.326924
115.614838	0.668723
116.096527	10.0864
116.936218	12.6896
117.347900	2.45715
117.682961	5.58288
117.950851	9.36397
118.933998	0.428435
119.469635	4.09731
119.793243	2.59657
120.145592	1.31624
120.409531	2.86928
120.912483	2.15979
121.565025	16.3657
122.542450	46.0379
123.221443	16.6128
123.936699	2.47818
124.260155	0.738623
124.659157	5.48539
126.789886	3.36247
127.030006	1.97061
127.424377	4.6236
127.701950	1.46786
127.900833	0.910005
128.136810	2.09979
128.410538	3.09106
128.794922	0.0036814
128.971512	0.114308
129.166382	2.52998
129.346405	6.14452
129.808273	1.57379
130.048676	2.23491
130.354523	0.582259
130.755096	1.06306
131.086945	13.4459
131.709518	2.24437
131.930939	4.92885
132.090454	3.05494
132.369690	2.21605
132.601624	4.77341
133.070740	3.69052
133.397232	4.22472
133.763214	0.812634
134.198166	3.76557
134.395416	0.107841
134.803040	6.78789
135.728806	0.254096
136.198410	17.9755
136.982971	4.61945
137.162262	3.50783
137.600235	0.52568
137.789490	1.37481
138.339645	1.80552
138.539780	2.29741
139.200272	1.61133
139.607025	0.5314
139.945953	0.531538
140.329285	1.15124
141.361801	0.55925
141.745148	8.47206
143.534286	12.766
144.252960	26.1422
145.165512	12.3827
145.711945	5.77712
145.859421	1.08621
146.126877	2.41256
146.583878	5.04055
146.845993	2.10652
147.094696	24.4628
148.662216	2.71028
148.919632	7.49947
149.865982	5.12697
150.032120	4.71175
150.614960	2.76819
150.880814	3.14149
151.324707	1.15796
151.743225	0.639419
152.175552	1.07853
152.385101	1.03382
152.517822	0.0522558
152.767914	2.58256
153.177383	5.49718
153.492798	12.7104
154.762939	17.5229
155.719147	24.4095
156.376541	2.67306
156.678299	0.199132
157.335739	16.6069
158.475342	16.5927
159.373230	9.06189
160.034927	0.715138
160.622620	2.27218
161.007782	6.61477
161.685959	1.68379
161.959793	1.55193
162.192993	0.489297
162.448471	0.718499
162.685089	0.597995
163.049377	1.73346
165.473694	0.0700478
165.826920	0.143763
166.048737	0.141869
166.244644	0.104025
166.549301	0.605827
167.451965	6.92878
168.478958	5.41662
169.117188	0.783137
169.438812	0.352581
169.847977	0.325686
170.934021	0.0138891
172.032532	0.198451
173.428650	10.3915
173.897415	0.212383
174.201248	11.8682
175.806976	15.0927
176.323792	2.39602
176.668930	1.71168
177.101120	1.29893
178.272415	1.49962
178.625671	0.155784
179.603546	4.22767
180.355103	0.668279
180.738434	0.95507
181.004745	0.930678
181.244659	0.490056
181.503448	0.503125
181.776138	0.237332
181.987991	1.05978
182.709656	7.49943
183.335709	5.63218
184.095459	21.6641
184.997818	9.92943
185.343521	0.239092
185.866699	2.13363
186.539093	1.36687
187.468964	3.43069
188.071793	2.41242
188.491318	1.48183
188.907516	2.40892
190.724396	8.01026
192.509964	17.975
193.277740	56.5504
194.290619	2.12417
194.640610	0.808456
195.207932	1.62455
195.612900	0.742237
196.000610	0.252533
197.303741	1.82682
197.930893	2.48754
198.441193	3.18039
198.829971	1.22445
199.476776	4.104
200.431793	0.752058
201.910583	1.96204
202.340897	3.62734
202.892471	2.17505
203.360458	4.5917
203.998123	6.77398
204.388168	1.83948
204.912094	1.46561
206.003128	0.112718
206.365860	0.405214
206.654785	0.103133
206.971237	0.452414
207.213654	2.14667
207.564194	1.79659
207.786957	0.132776
208.103745	0.721092
208.398743	0.354695
208.597031	0.0735834
208.978790	0.0211049
210.318466	2.0421
211.978546	5.22549
212.979431	1.87662
213.270050	0.765477
213.841034	0.320736
214.105652	0.142792
214.257156	0.175712
214.971497	0.215553
215.189651	0.411391
215.499359	0.544979
215.845764	0.0403866
216.060608	0.117114
216.417023	0.129683
217.697845	14.1386
220.437027	0.532005
220.797882	2.23922
221.388321	0.206135
221.669937	2.87016
222.146912	1.61856
222.660309	1.89072
223.125183	0.59412
223.327637	0.111239
223.706421	0.331205
223.965134	0.157504
224.750610	0.809526
225.752777	0.086021
226.155396	0.241584
226.408066	0.19661
226.701996	0.0908216
226.993698	0.0803197
227.249847	0.0295612
227.676575	13.837
232.597534	25.745
232.905487	16.5047
233.980820	22.0117
234.982727	11.0744
236.227570	3.60002
239.297073	19.7314
240.532257	3.90862
241.275589	2.26629
241.754791	1.87374
242.359528	5.42662
244.331467	16.9292
245.279480	4.39639
245.606766	2.78429
246.168869	0.66627
246.563522	1.10269
248.527588	0.70761
249.125626	0.525763
249.364166	0.372459
249.692596	0.519946
250.300644	0.331005
251.050934	0.96931
251.812759	0.580932
252.232300	0.692906
252.774963	0.123671
253.157822	0.000286817
253.307327	1.0813e-008
253.394135	2.70324e-008
253.580185	5.40648e-008
253.977356	1.18943e-007
254.387253	5.94713e-008
254.623398	4.32519e-008
254.834778	4.86583e-008
254.984055	1.62194e-008
255.120911	4.32519e-008
255.245377	1.0813e-008
255.481918	9.19102e-008
255.743500	2.16259e-008
255.893036	4.32519e-008
256.179779	8.10972e-008
256.566498	8.65037e-008
256.953491	8.10972e-008
257.390808	1.0813e-007
257.828491	8.10972e-008
258.053711	1.62194e-008
258.266541	7.56907e-008
258.742554	1.29756e-007
259.451141	1.59294e-007
260.130737	0.020055
261.005005	0.879726
261.929626	1.8188
262.421936	1.19112
262.970551	0.569944
263.334930	0.0903714
263.506927	0.0300678
263.872925	0.0265572
264.215942	0.000555394
264.458923	1.76096e-006
264.629303	1.17462e-007
264.828400	2.93066e-008
265.032440	5.83703e-008
265.553528	0.0144087
267.199615	0.339453
267.634583	0.353201
267.920197	0.198674
268.120697	0.0537723
268.512085	0.0833944
269.113281	2.17175
270.392487	1.9486
271.529022	0.218613
272.061951	0.104854
272.945709	0.859694
273.641449	0.653996
274.103180	0.737311
274.643188	0.350156
275.118408	0.165316
275.565918	0.0230931
275.928284	0.00135682
276.242279	3.72457e-005
276.434113	9.56443e-007
276.649963	4.1297e-008
276.820679	3.24818e-008
276.950378	2.16246e-008
277.041168	1.62194e-008
277.157928	3.24389e-008
277.378510	5.94713e-008
277.677124	6.48778e-008
277.936890	4.32519e-008
278.092804	2.16259e-008
278.426331	2.87118
279.614960	1.77118
280.104370	1.74086
280.589783	1.01149
281.142761	0.240357
282.118134	1.41117
284.873657	0.708269
287.246307	7.59465
291.140411	5.83246
291.634644	9.16375
292.932495	0.0392229
293.734528	16.7445
295.667664	7.22952
297.053101	0.387629
297.744263	0.613313
298.256226	1.34536
298.551605	0.859168
298.839355	0.507491
299.246399	0.288981
299.519714	0.125028
300.138031	0.770945
300.748535	10.8633
301.569672	9.14224
302.076843	2.34681
302.749939	2.41779
302.991272	0.00910685
303.273987	0.0528032
304.309662	0.410847
304.748840	0.689012
305.051208	0.505905
305.443237	3.96686
307.009674	19.9257
308.748260	0.290415
309.500305	2.91987
311.092957	13.649
313.507629	3.00295
313.963135	0.585072
314.294037	0.685133
314.509277	1.15512
314.950317	0.15098
315.294281	1.49909
315.842224	0.975396
316.428833	1.10557
316.978027	0.29824
318.143494	2.06754
322.964508	1.84679
324.889679	11.601
326.422394	7.35499
327.330963	1.87323
327.994293	2.2899
328.440002	3.64051
329.961670	6.09602
331.270294	4.12541
334.354675	5.05393
336.460480	3.79081
341.948120	4.92651
343.337463	0.0336689
343.585724	0.0336654
343.805176	0.019376
344.114136	0.00224322
344.365784	0.00770846
344.597595	0.00780927
344.926422	0.0804862
346.074829	0.0994497
346.597351	0.155692
346.920898	0.103519
347.252930	0.0494227
347.672424	0.0582447
348.535461	3.02873
350.630890	2.0024
351.448334	1.20526
351.880707	2.97689
353.861237	1.94639
356.104980	1.16789
359.126221	21.5251
362.307190	15.0554
364.057281	6.07029
364.416321	0.859303
364.850250	0.96328
365.558075	0.519861
366.112000	0.391203
366.422089	0.00859541
366.775696	0.0626876
367.650360	4.71483
373.306091	0.894999
373.834656	0.702588
374.243408	0.565709
374.536835	0.259931
374.984344	0.179848
375.330902	0.133173
375.901520	0.950724
378.721771	0.0610867
379.864410	0.499695
380.711670	0.410735
381.277344	0.277675
381.935944	0.154309
382.457581	0.01993
384.474915	3.80519
393.690125	0.193316
394.726868	0.23003
395.092957	0.305299
398.295410	6.10705
404.087250	0.0216958
404.610046	0.174765
405.045990	0.139802
405.338928	0.0902545
405.812286	0.0792721
406.168640	0.0516387
406.440826	0.0042928
407.981049	3.95133
412.283112	3.50777
412.751617	0.897852
413.686310	2.5692
415.545654	9.6625
418.260834	10.3151
420.141052	2.56217
420.847107	0.432928
421.336304	2.5241
421.648682	9.50418
423.709625	18.3231
425.817413	5.49034
427.372253	1.90715
430.773834	19.9013
433.251190	0.145682
434.052002	10.9755
435.963379	1.86962
436.264008	0.487189
438.030090	0.19141
442.442261	13.5165
447.233063	0.35623
447.596313	0.799175
448.036346	1.13908
448.699860	0.945387
449.175171	0.803445
453.117889	4.3112
456.589447	0.251218
459.816223	5.68157
469.210144	3.42184
472.447083	0.251532
473.589142	0.834275
474.300812	0.413609
475.072693	0.188799
475.692657	0.103953
479.287689	1.39023
479.910187	0.172592
480.279510	0.15014
480.748535	0.0531582
481.237915	0.482582
481.821106	0.4251
482.195648	0.625409
482.703918	0.0830125
483.067352	0.182812
483.754028	4.44924
495.240570	8.55125
506.591156	0.162187
507.369110	0.843959
507.878967	0.661157
508.276428	0.238475
508.732391	0.33909
509.176392	0.303967
509.571136	0.0150702
509.820557	0.000882671
510.110260	4.47403e-005
533.464722	2.69271
539.957275	0.456809
540.464539	0.310987
540.815552	0.162772
541.372009	0.155459
541.775513	0.107653
542.065735	0.0113339
543.616211	1.63741
545.068848	0.534026
545.405151	1.7091
545.914368	1.97004
546.395447	0.438034
546.866699	0.358712
547.415039	0.587188
548.005676	0.675257
548.971985	0.191023
549.590088	0.206447
549.992554	0.10999
550.423828	0.0507901
550.948975	0.0492319
551.313477	0.0245256
562.911804	18.3881
582.965576	6.70582
587.658081	0.104865
588.349609	0.179501
588.760498	0.110956
589.179932	0.0658307
589.747498	0.043828
591.145569	3.06572
609.374084	0.21098
649.181885	0.898256
650.491211	0.0175597
650.786743	0.000888872
651.118530	4.19747e-005
651.273926	7.4743e-008
651.514221	1.28103e-008
651.632813	1.33572e-008
651.752563	1.33572e-008
651.872314	1.33572e-008
652.171692	5.34288e-008
652.610962	4.4524e-008
652.850586	8.90479e-009
653.070313	4.00716e-008
653.469910	4.89764e-008
653.889587	4.4524e-008
654.189453	2.2262e-008
654.469360	4.00716e-008
658.615479	8.81575e-007
662.774780	4.00716e-008
663.056519	2.2262e-008
663.257874	2.2262e-008
663.418945	1.33572e-008
663.721008	5.34288e-008
664.164124	4.4524e-008
664.466370	2.2262e-008
664.748535	4.00716e-008
668.725098	8.37051e-007
672.693359	3.56192e-008
673.017822	3.56192e-008
673.342346	3.56192e-008
673.666992	3.56192e-008
674.255554	9.35003e-008
674.722534	8.90479e-009
674.945923	4.00716e-008
675.169373	8.90479e-009
675.250671	8.90479e-009
676.124512	1.82548e-007
677.182007	4.89764e-008
678.219971	1.78096e-007
679.340271	6.6786e-008
679.829407	4.00716e-008
680.053650	8.90479e-009
680.135193	8.90479e-009
681.114258	2.0481e-007
682.379883	7.12384e-008
682.849731	3.11668e-008
683.544556	1.20215e-007
684.137451	8.9048e-009
684.219238	8.9048e-009
684.403320	3.11668e-008
684.730652	4.00716e-008
684.955688	8.9048e-009
685.201233	4.4524e-008
685.446838	8.9048e-009
685.528748	8.9048e-009
685.713013	3.11668e-008
686.429749	1.24667e-007
687.515869	1.1131e-007
688.245667	0.00932114
688.992798	0.285045
689.746887	0.506599
690.174683	0.352122
690.659302	0.150517
691.253723	0.116538
693.661316	1.99594
697.038147	0.401518
698.218567	0.673229
699.487000	2.06616
700.459351	3.21363
701.179260	0.678697
702.181580	1.29027
702.615601	0.131791
703.961609	0.143918
705.106384	0.0122017
708.802490	4.59786
720.099670	0.309987
721.493652	0.204763
721.915710	0.496532
722.468079	0.683123
723.112061	0.0386225
723.503357	0.0966755
724.165527	0.0755155
724.842834	0.0235813
733.710449	0.21098
743.112732	0.0167183
746.066406	0.803053
749.220886	2.51183
751.355408	1.95078
753.267334	0.223887
754.612305	0.0226269
755.591309	0.000414365
755.961060	7.07772e-006
756.526550	8.99791e-006
757.150146	2.28599e-006
777.052307	0.324181
793.830139	13.7462
823.073364	0.210972
824.008545	1.28801e-008
824.412964	6.44007e-008
825.334412	1.11628e-007
826.121460	3.86404e-008
826.616333	5.5814e-008
827.133911	4.29338e-008
827.516541	3.00537e-008
829.521240	3.52057e-007
831.618713	4.72272e-008
832.024963	3.00537e-008
832.273254	1.71735e-008
832.431335	1.28801e-008
833.174438	0.0144087
836.164551	0.803049
839.505554	2.51192
841.766113	1.95086
843.790894	0.223902
845.215332	0.022641
846.251648	0.000415176
846.645874	7.69649e-006
847.236450	9.77647e-006
847.890442	1.51189e-006
848.406677	4.59449e-008
848.813293	3.01252e-008
849.110107	2.57615e-008
849.383789	2.57604e-008
849.589111	1.28801e-008
849.725952	1.28801e-008
850.205139	7.72809e-008
850.867065	4.72272e-008
851.437927	6.01074e-008
852.168884	7.72809e-008
852.740173	3.00537e-008
853.334473	8.15743e-008
854.363647	1.11628e-007
855.164551	3.86404e-008
855.668152	5.5814e-008
856.194824	4.29338e-008
856.584167	3.00537e-008
858.624146	3.52057e-007
860.758423	4.72272e-008
861.171814	3.00537e-008
861.424438	1.71735e-008
861.792053	5.15206e-008
862.458557	7.29875e-008
863.585205	1.37388e-007
864.482544	3.00537e-008
864.988892	6.44007e-008
865.449341	2.14669e-008
865.725708	3.00537e-008
866.739319	1.58855e-007
867.868835	5.15206e-008
868.214783	1.28801e-008
868.422363	2.57603e-008
868.676086	2.14669e-008
868.991699	0.305289
886.715027	13.7463
917.624084	0.21098
991.960205	0.0144055
995.225525	0.822597
998.847595	3.06176
1001.416016	2.25223
1003.495239	0.367966
1005.106506	0.0226616
1006.237610	0.000416129
1006.664368	7.09965e-006
1007.318054	9.00057e-006
1008.038574	2.28572e-006
1016.612610	0.349733
1018.386841	8.26874e-009
1018.561829	2.06718e-008
1018.786865	1.65375e-008
1019.287048	6.61499e-008
1019.837341	2.48062e-008
1020.187622	3.30749e-008
1020.487915	1.65375e-008
1020.688171	1.65375e-008
1020.988525	3.30749e-008
1021.288940	1.65375e-008
1021.489197	1.65375e-008
1021.789673	3.30749e-008
1022.065186	1.24031e-008
1022.315674	2.89406e-008
1022.691406	3.30749e-008
1023.117371	3.72093e-008
1023.518372	2.89406e-008
1023.919373	3.72093e-008
1024.320557	2.89406e-008
1024.596313	1.65375e-008
1024.897339	3.30749e-008
1025.298584	3.30749e-008
1025.825439	5.37468e-008
1026.201904	8.26874e-009
1026.377563	2.06718e-008
1026.779175	4.5478e-008
1027.155762	1.65375e-008
1027.331543	1.24031e-008
1027.708252	4.96124e-008
1028.085083	1.24031e-008
1028.386475	3.72093e-008
1028.738281	2.06718e-008
1028.939331	1.24031e-008
1029.064941	8.26874e-009
1029.291138	2.89406e-008
1030.045288	9.50905e-008
1030.674072	8.26874e-009
1030.975952	4.13437e-008
1031.302979	1.24031e-008
1031.428711	8.26874e-009
1031.655151	1.24031e-008
1031.529419	8.26874e-009
1032.083008	5.78812e-008
1032.611694	2.89406e-008
1033.115234	5.37468e-008
1033.493042	8.26874e-009
1033.618896	1.24031e-008
1034.097534	6.61499e-008
1034.677124	2.89406e-008
1035.382935	8.68217e-008
1036.315918	6.61499e-008
1038.031616	2.14987e-007
1039.774170	7.02843e-008
1040.456421	4.13437e-008
1040.961914	4.13437e-008
1041.644531	7.02843e-008
1042.175659	1.65375e-008
1042.479126	3.30749e-008
1042.934570	4.13437e-008
1043.314087	2.06718e-008
1043.491333	8.26874e-009
1044.149414	9.92248e-008
1045.010376	4.13437e-008
1045.542358	4.5478e-008
1046.023804	3.30749e-008
1046.429321	3.30749e-008
1047.113770	7.8553e-008
1048.077393	7.8553e-008
1048.660889	1.65375e-008
1048.965454	3.30749e-008
1049.422241	4.13437e-008
1049.802979	2.06718e-008
1049.980713	8.26874e-009
1050.260010	3.72093e-008
1050.894897	6.61499e-008
1051.758667	7.44186e-008
1052.317871	1.65375e-008
1052.495728	1.24031e-008
1052.673706	1.65375e-008
1052.877075	1.65375e-008
1053.182251	3.30749e-008
1053.589111	3.30749e-008
1053.996094	3.30749e-008
1054.555786	5.78811e-008
1055.166504	4.13437e-008
1055.726563	4.96124e-008
1056.235840	3.30749e-008
1056.541382	1.65375e-008
1056.847046	3.30749e-008
1057.356567	4.96124e-008
1058.274048	9.92248e-008
1059.089844	3.30749e-008
1059.497925	3.30749e-008
1059.753052	8.26874e-009
1059.855103	8.26874e-009
1060.033569	2.06718e-008
1060.594971	7.02843e-008
1061.079834	8.26874e-009
1061.207520	1.24031e-008
1061.769165	7.8553e-008
1062.739624	7.8553e-008
1063.327148	1.65375e-008
1063.633911	3.30749e-008
1064.119507	4.5478e-008
1064.809692	6.61499e-008
1065.372314	2.48062e-008
1065.576904	8.26874e-009
1065.883911	4.13437e-008
1066.190918	8.26874e-009
1066.293335	8.26874e-009
1066.395630	8.26874e-009
1066.498047	8.26874e-009
1066.600342	8.26874e-009
1066.702759	8.26874e-009
1066.958740	3.30749e-008
1067.214600	8.26874e-009
1067.470703	3.30749e-008
1067.905884	3.72093e-008
1068.341309	3.30749e-008
1068.802368	4.13437e-008
1069.366089	4.96124e-008
1069.904297	3.72093e-008
1070.340088	3.30749e-008
1070.647705	1.65375e-008
1071.160522	6.61499e-008
1071.724854	2.48062e-008
1072.084106	3.30749e-008
1072.391968	1.65375e-008
1072.597290	1.65375e-008
1072.905273	3.30749e-008
1073.213257	1.65375e-008
1073.418701	1.65375e-008
1073.726807	3.30749e-008
1074.009277	1.24031e-008
1074.266113	2.89406e-008
1074.651367	3.30749e-008
1075.088135	3.72093e-008
1075.499268	2.89406e-008
1075.910522	3.72093e-008
1076.321899	2.89406e-008
1076.604614	1.65375e-008
1076.913208	3.30749e-008
1077.324707	3.30749e-008
1077.864990	5.37468e-008
1078.250854	8.26874e-009
1078.431030	2.06718e-008
1078.842896	4.5478e-008
1079.229004	1.65375e-008
1079.409180	1.24031e-008
1079.795410	4.96124e-008
1080.181763	1.24031e-008
1080.490845	3.72093e-008
1080.851440	2.06718e-008
1081.057617	1.24031e-008
1081.186401	8.26874e-009
1081.418335	2.89406e-008
1082.191650	9.50905e-008
1082.836182	8.26874e-009
1083.145630	4.13437e-008
1083.480957	1.24031e-008
1083.609985	8.26874e-009
1083.842163	1.24031e-008
1083.713135	8.26874e-009
1084.280762	5.78812e-008
1084.822754	2.89406e-008
1085.339111	5.37468e-008
1085.726318	8.26874e-009
1085.855469	1.24031e-008
1086.346191	6.61499e-008
1086.940430	2.89406e-008
1087.663940	8.68217e-008
1088.620483	6.61499e-008
1090.379517	2.14987e-007
1092.165771	7.02843e-008
1092.865234	4.13437e-008
1093.383423	4.13437e-008
1094.083252	7.02843e-008
1094.627686	1.65375e-008
1094.938843	3.30749e-008
1095.405762	4.13437e-008
1095.794800	2.06718e-008
1095.976440	8.26874e-009
1096.651123	9.92248e-008
1097.533691	4.13437e-008
1098.079102	4.5478e-008
1098.572510	3.30749e-008
1098.988159	3.30749e-008
1099.689819	7.8553e-008
1100.677734	7.8553e-008
1101.275757	1.65375e-008
1101.587891	3.30749e-008
1102.056152	4.13437e-008
1102.446533	2.06718e-008
1102.628662	8.26874e-009
1102.914917	3.72093e-008
1103.565796	6.61499e-008
1104.451172	7.44186e-008
1105.024292	1.65375e-008
1105.389038	1.65375e-008
1105.206665	1.24031e-008
1105.597534	1.65375e-008
1105.910278	3.30749e-008
1106.327393	3.30749e-008
1106.744507	3.30749e-008
1107.318237	5.78811e-008
1107.944214	4.13437e-008
1108.518311	4.96124e-008
1109.040283	3.30749e-008
1109.353516	1.65375e-008
1109.666748	3.30749e-008
1110.188965	4.96124e-008
1111.129395	9.92248e-008
1111.965576	3.30749e-008
1112.383789	3.30749e-008
1112.645264	8.26874e-009
1112.749756	8.26874e-009
1112.932861	2.06718e-008
1113.508179	7.02843e-008
1114.005127	8.26874e-009
1114.135986	1.24031e-008
1114.711548	7.8553e-008
1115.706177	7.8553e-008
1116.308472	1.65375e-008
1116.622681	3.30749e-008
1117.120483	4.5478e-008
1117.827881	6.61499e-008
1118.404541	2.48062e-008
1118.614136	8.26874e-009
1118.928833	4.13437e-008
1119.243408	8.26874e-009
1119.348389	8.26874e-009
1119.453247	8.26874e-009
1119.558105	8.26874e-009
1119.663086	8.26874e-009
1119.767944	8.26874e-009
1120.030273	3.30749e-008
1120.292603	8.26874e-009
1120.554932	3.30749e-008
1121.001099	3.72093e-008
1121.447266	3.30749e-008
1121.919800	4.13437e-008
1122.497437	4.96124e-008
1123.048950	3.72093e-008
1123.495605	3.30749e-008
1123.810913	1.65375e-008
1124.336548	6.61499e-008
1124.914795	2.48062e-008
1125.282837	3.30749e-008
1125.598389	1.65375e-008
1125.808838	1.65375e-008
1126.124390	3.30749e-008
1126.440063	1.65375e-008
1126.650635	1.65375e-008
1126.966309	3.30749e-008
1127.255859	1.24031e-008
1127.519043	2.89406e-008
1127.913818	3.30749e-008
1128.361450	3.72093e-008
1128.782715	2.89406e-008
1129.204102	3.72093e-008
1129.625610	2.89406e-008
1129.915405	1.65375e-008
1130.231689	3.30749e-008
1130.653320	3.30749e-008
1131.206909	5.37468e-008
1131.602417	8.26874e-009
1131.786987	2.06718e-008
1132.208984	4.5478e-008
1132.604614	1.65375e-008
1132.789307	1.24031e-008
1133.185059	4.96124e-008
1133.580933	1.24031e-008
1133.897705	3.72093e-008
1134.267212	2.06718e-008
1134.478516	1.24031e-008
1134.610474	8.26874e-009
1134.848145	2.89406e-008
1135.640503	9.50905e-008
1136.301025	8.26874e-009
1136.618042	4.13437e-008
1136.961670	1.24031e-008
1137.093872	8.26874e-009
1137.199585	8.26874e-009
1137.331787	1.24031e-008
1137.781250	5.78812e-008
1138.336548	2.89406e-008
1138.865601	5.37468e-008
1139.262451	8.26874e-009
1139.394775	1.24031e-008
1139.897461	6.61499e-008
1140.506348	2.89406e-008
1141.247681	8.68217e-008
1142.227783	6.61499e-008
1144.030029	2.14987e-007
1145.860352	7.02843e-008
1146.576904	4.13437e-008
1147.107910	4.13437e-008
1147.824829	7.02843e-008
1148.382690	1.65375e-008
1148.701416	3.30749e-008
1149.179810	4.13437e-008
1149.578491	2.06718e-008
1149.764526	8.26874e-009
1150.455688	9.92248e-008
1151.359985	4.13437e-008
1151.918701	4.5478e-008
1152.424194	3.30749e-008
1152.850098	3.30749e-008
1153.568848	7.8553e-008
1154.580933	7.8553e-008
1155.193726	1.65375e-008
1155.513428	3.30749e-008
1155.993164	4.13437e-008
1156.393066	2.06718e-008
1156.579712	8.26874e-009
1156.872925	3.72093e-008
1157.539673	6.61499e-008
1158.446777	7.44186e-008
1159.033813	1.65375e-008
1159.407593	1.65375e-008
1159.220703	1.24031e-008
1159.621094	1.65375e-008
1159.941528	3.30749e-008
1160.368774	3.30749e-008
1160.796021	3.30749e-008
1161.383789	5.78811e-008
1162.025146	4.13437e-008
1162.613159	4.96124e-008
1163.147827	3.30749e-008
1163.468750	1.65375e-008
1163.789673	3.30749e-008
1164.324585	4.96124e-008
1165.287842	9.92248e-008
1166.144409	3.30749e-008
1166.572876	3.30749e-008
1166.840576	8.26874e-009
1166.947754	8.26874e-009
1167.135254	2.06718e-008
1167.724609	7.02843e-008
1168.233643	8.26874e-009
1168.367676	1.24031e-008
1168.957275	7.8553e-008
1169.976074	7.8553e-008
1170.593018	1.65375e-008
1170.914917	3.30749e-008
1171.424683	4.5478e-008
1172.149414	6.61499e-008
1172.739990	2.48062e-008
1172.954712	8.26874e-009
1173.276978	4.13437e-008
1173.599365	8.26874e-009
1173.706787	8.26874e-009
1173.814209	8.26874e-009
1173.921631	8.26874e-009
1174.029053	8.26874e-009
1174.136597	8.26874e-009
1174.405273	3.30749e-008
1174.673950	8.26874e-009
1174.942627	3.30749e-008
1175.399536	3.72093e-008
1175.856567	3.30749e-008
1176.340576	4.13437e-008
1176.932251	4.96124e-008
1177.497192	3.72093e-008
1177.954590	3.30749e-008
1178.277588	1.65375e-008
1178.815918	6.61499e-008
1179.408203	2.48062e-008
1179.785156	3.30749e-008
1180.108398	1.65375e-008
1180.323853	1.65375e-008
1180.647095	3.30749e-008
1180.970459	1.65375e-008
1181.186035	1.65375e-008
1181.509399	3.30749e-008
1181.805908	1.24031e-008
1182.075439	2.89406e-008
1182.479858	3.30749e-008
1182.938232	3.72093e-008
1183.369751	2.89406e-008
1183.801270	3.72093e-008
1184.233032	2.89406e-008
1184.529785	1.65375e-008
1184.853638	3.30749e-008
1185.285522	3.30749e-008
1185.852539	5.37468e-008
1186.257568	8.26874e-009
1186.446533	2.06718e-008
1186.878784	4.5478e-008
1187.283936	1.65375e-008
1187.473145	1.24031e-008
1187.878418	4.96124e-008
1188.283813	1.24031e-008
1188.608154	3.72093e-008
1188.986694	2.06718e-008
1189.203003	1.24031e-008
1189.338135	8.26874e-009
1189.581543	2.89406e-008
1190.393066	9.50905e-008
1191.069458	8.26874e-009
1191.394165	4.13437e-008
1191.746094	1.24031e-008
1191.881470	8.26874e-009
1192.125122	1.24031e-008
1191.989746	8.26874e-009
1192.585327	5.78812e-008
1193.154053	2.89406e-008
1193.695801	5.37468e-008
1194.102173	8.26874e-009
1194.237671	1.24031e-008
1194.752563	6.61499e-008
1195.376099	2.89406e-008
1196.135254	8.68217e-008
1197.138916	6.61499e-008
1198.984497	2.14987e-007
1200.858643	7.02843e-008
1201.592529	4.13437e-008
1202.136230	4.13437e-008
1202.870361	7.02843e-008
1203.441528	1.65375e-008
1203.768066	3.30749e-008
1204.257813	4.13437e-008
1204.666016	2.06718e-008
1204.856567	8.26874e-009
1205.564331	9.92248e-008
1206.490234	4.13437e-008
1207.062256	4.5478e-008
1207.579956	3.30749e-008
1208.015991	3.30749e-008
1208.751953	7.8553e-008
1209.788208	7.8553e-008
1210.415649	1.65375e-008
1210.743042	3.30749e-008
1211.234253	4.13437e-008
1211.643677	2.06718e-008
1211.834717	8.26874e-009
1212.135010	3.72093e-008
1212.817749	6.61499e-008
1213.746460	7.44186e-008
1214.347534	1.65375e-008
1214.538818	1.24031e-008
1214.730103	1.65375e-008
1214.948853	1.65375e-008
1215.276855	3.30749e-008
1215.714355	3.30749e-008
1216.151855	3.30749e-008
1216.753540	5.78811e-008
1217.410156	4.13437e-008
1218.012207	4.96124e-008
1218.559692	3.30749e-008
1218.888184	1.65375e-008
1219.216675	3.30749e-008
1219.764404	4.96124e-008
1220.750610	9.92248e-008
1221.627563	3.30749e-008
1222.066162	3.30749e-008
1222.340332	8.26874e-009
1222.450073	8.26874e-009
1222.641968	2.06718e-008
1223.245361	7.02843e-008
1223.766479	8.26874e-009
1223.903687	1.24031e-008
1224.507324	7.8553e-008
1225.550415	7.8553e-008
1226.182007	1.65375e-008
1226.511475	3.30749e-008
1227.033447	4.5478e-008
1227.775269	6.61499e-008
1228.379883	2.48062e-008
1228.599731	8.26874e-009
1228.929688	4.13437e-008
1229.259644	8.26874e-009
1229.369629	8.26874e-009
1229.479614	8.26874e-009
1229.589600	8.26874e-009
1229.699585	8.26874e-009
1229.809570	8.26874e-009
1230.084595	3.30749e-008
1230.359741	8.26874e-009
1230.634766	3.30749e-008
1231.102539	3.72093e-008
1231.405273	8.26874e-009
1233.196777	0.469791
1372.309326	0.00280829
1373.387085	0.0620207
1373.963379	0.04434
1374.413574	0.132214
1375.041016	0.0902884
1375.569458	0.0214926
1375.953369	0.0602818
1376.528564	0.113437
1377.088745	0.0142017
1377.515747	0.000846533
1377.997803	4.29787e-005
1467.662598	4.2594e-006
1468.334473	2.01411e-005
1469.737305	3.35537e-006
1470.221313	4.7085e-007
1521.543701	0.00672711
1523.641113	0.302582
1525.027344	0.113205
1525.700439	0.227253
1526.348755	0.54431
1527.202271	0.579721
1528.135376	0.0508414
1528.701904	0.134665
1533.415161	2.54111
1536.778320	0.142399
1537.328247	0.129287
1537.699707	0.029372
1538.014404	0.0257673
1538.985107	0.0867631
1539.428223	0.0732362
1540.185059	0.703544
1565.102539	0.51598
1567.092285	1.22075
1569.420166	3.36946
1570.663940	2.01114
1572.039551	0.765786
1573.264648	0.372653
1574.180420	0.0319154
1585.341064	1.50809
1595.475220	0.000163876
1595.912598	3.00537e-008
1596.257813	1.71735e-008
1596.508911	1.71735e-008
1596.728638	1.28802e-008
1596.948364	1.71735e-008
1597.325195	3.43471e-008
1597.733276	2.14669e-008
1598.110229	3.00537e-008
1598.487061	2.14669e-008
1598.769775	1.71735e-008
1599.460938	7.72809e-008
1600.183594	2.14669e-008
1600.560669	3.00537e-008
1600.906494	1.71735e-008
1601.315063	3.86405e-008
1601.660889	8.58677e-009
1601.786743	8.58677e-009
1602.226929	5.15206e-008
1602.667236	8.58677e-009
1602.887329	2.14669e-008
1603.201904	2.14669e-008
1603.799561	6.01074e-008
1604.491821	3.43471e-008
1604.995361	3.43471e-008
1605.341675	1.28802e-008
1605.656372	3.00537e-008
1606.034180	2.14669e-008
1606.286133	1.28802e-008
1606.443481	8.58677e-009
1606.726929	3.00537e-008
1607.262329	4.29338e-008
1607.734741	2.14669e-008
1608.333374	6.01074e-008
1608.900513	1.71735e-008
1609.278687	3.43471e-008
1609.751465	3.00537e-008
1610.129761	2.14669e-008
1610.539551	3.43471e-008
1611.485596	9.44544e-008
1612.431885	3.43471e-008
1613.094482	5.5814e-008
1613.788696	3.86405e-008
1614.356812	3.86405e-008
1614.767212	1.71735e-008
1615.146118	3.43471e-008
1615.619751	3.00537e-008
1616.156616	4.29338e-008
1617.009521	7.29875e-008
1617.957520	5.5814e-008
1618.684448	4.29338e-008
1619.253418	3.43471e-008
1619.759277	3.43471e-008
1620.265259	3.43471e-008
1620.961060	6.01074e-008
1621.593750	2.57603e-008
1621.878540	1.28802e-008
1622.036743	8.58677e-009
1622.163330	8.58677e-009
1622.384888	2.14669e-008
1622.701294	2.14669e-008
1622.954590	1.28802e-008
1624.220825	1.58855e-007
1625.741089	4.72272e-008
1626.279663	2.57603e-008
1626.596558	1.71735e-008
1627.198608	6.44008e-008
1627.864258	2.57603e-008
1628.498413	6.01074e-008
1629.005737	8.58677e-009
1629.164307	1.28802e-008
1629.481445	3.00537e-008
1629.830322	1.71735e-008
1630.020630	8.58677e-009
1630.972412	8.58677e-009
1630.496460	5.5814e-008
1631.226318	2.57603e-008
1631.734009	4.29338e-008
1632.368896	4.29338e-008
1632.972290	1.96891e-008
1633.625732	0.0140246
1634.744385	0.520581
1635.916016	1.06286
1636.610596	0.667378
1637.325073	0.258145
1638.286499	0.214651
1638.845093	0.0686673
1639.326416	0.00498269
1639.759155	0.000170997
1640.120850	8.3606e-007
1640.404785	1.89628e-008
1640.728516	1.27975e-008
1641.078613	3.43471e-008
1641.492432	2.14669e-008
1641.874512	3.00537e-008
1642.383911	3.86405e-008
1642.925293	1.71735e-008
1642.734253	8.58677e-009
1643.243896	2.57603e-008
1643.657959	3.00537e-008
1643.944702	8.58677e-009
1644.104004	1.28802e-008
1644.422607	3.00537e-008
1644.932373	3.86405e-008
1645.410522	2.57603e-008
1645.665527	8.58677e-009
1646.079834	4.72272e-008
1646.653809	3.00537e-008
1647.100220	3.00537e-008
1647.578613	3.43471e-008
1647.897583	8.58677e-009
1648.057007	1.28802e-008
1648.375977	3.00537e-008
1648.854614	3.43471e-008
1649.269409	2.14669e-008
1649.875732	6.01074e-008
1650.673828	4.72272e-008
1651.184570	2.14669e-008
1651.535889	2.57603e-008
1651.982910	3.43471e-008
1652.334351	1.28802e-008
1652.621826	2.57603e-008
1653.037109	3.00537e-008
1653.644165	5.15206e-008
1654.315186	3.86405e-008
1654.826660	3.00537e-008
1655.434082	5.15206e-008
1656.041504	3.00537e-008
1656.361328	1.28802e-008
1656.649170	2.57603e-008
1657.288940	6.01074e-008
1657.800781	8.58677e-009
1658.029541	2.16565e-005
1658.342773	0.159291
1659.274536	0.143572
1659.865845	0.0451302
1660.838135	0.0884479
1661.564331	0.0512673
1662.076538	0.00480735
1662.528809	0.000134544
1662.859741	3.43135e-007
1663.270874	2.22553e-008
1663.629883	1.70697e-008
1663.821289	8.58677e-009
1664.366211	6.44008e-008
1665.103638	3.43471e-008
1665.777100	5.5814e-008
1666.290283	1.28802e-008
1666.803589	5.5814e-008
1667.541504	4.29338e-008
1667.990845	1.71735e-008
1668.440186	4.29338e-008
1669.146362	5.15206e-008
1669.595947	8.58677e-009
1670.463013	1.07335e-007
1671.619507	4.72272e-008
1672.294189	4.29338e-008
1672.872681	3.43471e-008
1673.226318	1.28802e-008
1673.451294	1.71735e-008
1673.933594	4.72272e-008
1674.705322	3.86405e-008
1674.351563	8.58677e-009
1675.284302	3.86405e-008
1675.798950	3.00537e-008
1676.635498	8.15743e-008
1677.504395	3.43471e-008
1677.922852	2.14669e-008
1678.502319	5.5814e-008
1679.178467	3.43471e-008
1679.758179	4.29338e-008
1680.434692	4.72272e-008
1681.304565	6.86941e-008
1682.335938	6.86941e-008
1682.916138	8.58677e-009
1683.303101	4.29338e-008
1684.109253	6.44008e-008
1684.754272	2.14669e-008
1685.238159	4.29338e-008
1685.625366	8.58677e-009
1686.012573	4.29338e-008
1686.561157	3.00537e-008
1687.206787	5.5814e-008
1687.691040	8.58677e-009
1687.884766	1.71735e-008
1688.078491	8.58677e-009
1688.239868	1.28802e-008
1688.595093	3.43471e-008
1689.208740	4.72272e-008
1689.984131	5.5814e-008
1690.824219	5.5814e-008
1691.470581	3.00537e-008
1692.149414	6.01074e-008
1692.796021	2.57603e-008
1693.216431	3.00537e-008
1693.927979	6.44008e-008
1694.542603	1.71735e-008
1694.930908	3.43471e-008
1695.578003	5.15206e-008
1696.192993	3.00537e-008
1696.710938	3.86405e-008
1697.714600	4.29338e-008
1697.196533	2.57603e-008
1698.621460	7.72809e-008
1699.658203	6.01074e-008
1700.338623	3.00537e-008
1700.824829	3.43471e-008
1701.311035	3.00537e-008
1701.732544	2.57603e-008
1702.218872	3.86405e-008
1702.672852	2.14669e-008
1702.932373	1.28801e-008
1703.191772	2.14669e-008
1703.613525	3.43471e-008
1704.229858	4.72272e-008
1704.813965	3.00537e-008
1705.106079	8.58677e-009
1705.268311	1.28802e-008
1705.690308	4.29338e-008
1706.079834	8.58677e-009
1706.209717	8.58677e-009
1706.469360	2.57603e-008
1706.891479	3.00537e-008
1707.183716	8.58677e-009
1707.346191	1.28802e-008
1707.735840	3.86405e-008
1708.125610	1.28802e-008
1710.075195	2.44723e-007
1712.025879	1.28802e-008
1712.188477	8.58677e-009
1712.513794	3.43471e-008
1713.001709	3.00537e-008
1713.392090	2.14669e-008
1713.782471	3.00537e-008
1714.172974	2.14669e-008
1714.563477	3.00537e-008
1714.921509	1.71735e-008
1715.540039	6.44008e-008
1716.256226	3.00537e-008
1716.940186	6.01074e-008
1717.884766	6.44008e-008
1718.829590	6.01074e-008
1719.514038	3.00537e-008
1719.937744	2.57603e-008
1720.426758	3.86405e-008
1721.078857	4.72272e-008
1721.698486	3.43471e-008
1722.089844	1.71735e-008
1722.439453	3.46954e-008
1723.108765	0.0398313
1726.046021	0.584095
1727.750977	0.689311
1735.619141	5.98563
1741.852539	4.0336
1746.619019	1.40532
1750.333374	0.114715
1753.638916	0.00284717
1755.096313	1.8236e-005
1756.529785	2.37674e-005
1758.351929	3.99524e-006
1785.252930	0.0233234
1792.579468	0.024636
1860.531616	1.51634e-005
1862.737061	0.489036
1863.546997	3.56192e-008
1864.022339	2.67144e-008
1864.395874	2.2262e-008
1864.905273	4.4524e-008
1865.346802	1.33572e-008
1868.167236	3.56192e-007
1871.125854	3.11668e-008
1871.500122	1.78096e-008
1871.772217	1.78096e-008
1872.146606	3.11668e-008
1872.588989	2.67144e-008
1873.167603	4.89764e-008
1873.746338	2.67144e-008
1874.393311	5.78812e-008
1875.278687	5.78812e-008
1875.891846	2.2262e-008
1877.322754	1.64739e-007
1879.197510	8.01432e-008
1880.084106	3.56192e-008
1880.493408	1.78096e-008
1880.902710	3.56192e-008
1881.346191	2.2262e-008
1881.653198	1.78096e-008
1882.028564	3.11668e-008
1882.506226	3.11668e-008
1882.881592	1.78096e-008
1883.325317	4.00716e-008
1883.769165	1.78096e-008
1884.212891	4.00716e-008
1884.656738	1.78096e-008
1885.544678	9.79527e-008
1886.603516	4.00716e-008
1887.150269	3.11668e-008
1887.765259	4.89764e-008
1888.483032	4.4524e-008
1889.200928	4.89764e-008
1889.884644	4.00716e-008
1890.568604	4.89764e-008
1891.218506	3.56192e-008
1891.560547	8.9048e-009
1892.073730	5.78812e-008
1892.997559	6.23336e-008
1893.613647	1.78096e-008
1893.990112	3.11668e-008
1894.572144	4.4524e-008
1896.215820	1.69191e-007
1897.654663	1.78096e-008
1897.860229	8.9048e-009
1898.682739	9.79527e-008
1899.779663	4.4524e-008
1900.534058	5.34288e-008
1901.219849	3.56192e-008
1901.665771	2.2262e-008
1902.111694	3.56192e-008
1902.763550	4.89764e-008
1903.793091	8.45955e-008
1904.754150	4.00716e-008
1905.372192	4.00716e-008
1906.024658	4.4524e-008
1906.883179	6.6786e-008
1907.467163	8.9048e-009
1907.810791	3.56192e-008
1908.326172	3.11668e-008
1908.704224	1.78096e-008
1909.254028	5.34288e-008
1910.044678	4.89764e-008
1911.076172	2.2262e-008
1910.663574	3.11668e-008
1911.316895	8.90479e-009
1911.592041	2.67144e-008
1912.383179	7.56907e-008
1913.415283	5.78812e-008
1914.206787	4.4524e-008
1915.136108	7.56907e-008
1915.893555	2.2262e-008
1916.513306	5.78812e-008
1917.615479	8.45956e-008
1918.373413	1.33572e-008
1918.924683	5.78812e-008
1919.993042	8.01432e-008
1920.854858	3.11668e-008
1921.234131	1.78096e-008
1921.785889	5.34288e-008
1922.855103	8.45956e-008
1924.442139	1.20215e-007
1926.064453	8.9048e-008
1927.445679	8.9048e-008
1929.034668	1.15762e-007
1930.209595	3.56192e-008
1930.664063	3.00724e-005
1935.868652	6.60256
1975.131104	3.07398
1979.236572	1.71013
1982.468140	1.00172
1984.447876	1.54479
1986.320190	1.15311
1987.698242	0.424225
1989.207642	0.371982
1990.429810	0.0402322
1994.837646	0.755863
2007.392456	9.87818
2026.253906	0.0640577
2026.757080	0.0543585
2027.112671	0.000915029
2027.464600	0.000630507
2028.091064	0.0118271
2028.722168	0.0168137
2029.156128	0.0158242
2029.520020	0.00121449
2054.951416	11.401
2057.741699	1.03587
2059.387207	0.432247
2060.263428	0.655331
2061.302246	5.15424
2064.655518	6.14046
2067.834229	0.673936
2070.332275	0.517294
2076.733154	4.90258
2083.261719	7.90756
2084.172363	0.121611
2085.276123	9.27342
2091.091064	4.02286
2094.119385	2.14856
2094.893799	0.580302
2099.642334	2.53422
2101.523438	0.519373
2102.719727	0.499
2104.317627	0.112455
2105.271729	0.534177
2114.327148	55.194
2127.818604	1.50733
2131.360352	13.4586
2132.713135	0.906522
2134.864502	36.0881
2136.303955	26.8242
2140.301025	4.06367
2151.063477	45.0055
2158.156738	18.8973
2163.562500	8.18823
2164.995605	1.25721
2165.999023	0.750687
2166.988037	1.11032
2167.756104	1.16717
2168.483887	1.68855
2169.812988	9.07771
2176.983643	0.638904
2179.528809	1.93114
2182.314941	5.26258
2183.846680	5.01794
2185.453857	4.32229
2187.348633	59.1414
2205.213135	30.4244
2209.300781	0.51811
2209.977295	0.138443
2212.398682	18.021
2217.179199	65.0889
2220.478516	18.588
2221.090576	15.253
2223.050049	0.27455
2223.999512	26.2197
2232.588379	0.562297
2233.551270	0.560821
2235.478516	1.21151
2238.982178	7.23492
2240.231201	0.992298
2241.551025	0.877727
2242.234131	0.115761
2242.988037	0.286503
2243.622314	0.0093623
2244.151367	0.0721505
2245.872803	23.0925
2249.697021	15.821
2253.576416	9.55907
2258.892334	3.88227
2259.670410	0.0838885
2261.739746	0.0993196
2262.782715	3.69187
2266.616943	0.12975
2268.729736	0.813987
2269.772705	0.366506
2270.928711	9.58171
2273.863770	0.201418
2275.772705	20.2019
2282.739258	17.9335
2285.939209	0.539061
2286.660400	0.620793
2287.536377	0.993857
2288.322021	0.534612
2289.516602	0.308213
2291.668457	2.61376
2294.708252	2.06812
2299.056152	6.07542
2307.445313	10.5835
2315.424561	3.59615
2318.316406	1.19283
2320.244629	0.622461
2321.737061	4.72501
2329.800781	24.859
2336.190430	17.5067
2341.464844	8.59274
2345.832275	0.480408
2346.952148	0.137527
2347.826904	0.100379
2348.791992	0.0860489
2350.432617	1.38749
2353.634033	2.38543
2355.321045	1.47957
2357.011963	0.360545
2358.528320	0.170163
2362.747070	14.8616
2373.685791	5.34387
2374.580811	2.1004
2375.505615	13.0136
2383.202393	8.98198
2389.594482	0.924824
2391.582275	0.569868
2392.277344	1.41787
2393.460449	1.07377
2393.789795	0.0698245
2394.535889	1.59539
2396.991455	1.46768
2398.092285	0.499709
2400.035156	0.270146
2403.791748	3.18537
2409.060303	1.54811
2411.314697	1.23971
2412.731934	1.12676
2414.393311	0.731784
2415.818848	0.0961326
2416.755859	0.0468467
2419.050537	1.8236
2428.888428	0.205631
2430.280762	0.362028
2431.125732	0.219269
2431.994385	0.120535
2433.151367	0.0980506
2433.929443	0.0493301
2437.378418	1.09832
2441.184082	0.0406713
2441.753662	0.186723
2444.377686	0.612176
2446.181396	6.0073
2449.881348	2.47705
2452.642334	0.982771
2456.463867	0.421786
2460.798584	3.76542
2462.051514	0.293352
2463.204346	0.126389
2464.258545	0.177525
2465.238037	0.252716
2467.710205	17.6097
2487.265869	1.50256
2488.124023	0.181165
2489.032471	1.40477
2496.148193	9.07897
2497.044189	3.56945
2499.088867	1.45921
2500.307373	1.70353
2501.914307	5.44547
2503.019287	0.990236
2504.685791	0.510112
2506.136230	0.576113
2507.004639	0.603398
2508.942383	15.6638
2512.173584	7.53338
2513.147705	3.96826
2515.450195	39.5986
2530.422119	128.575
2538.109375	19.2385
2539.275879	13.514
2545.499512	35.374
2551.006836	12.4773
2554.841064	11.2617
2560.145996	2.42838
2562.447754	14.8976
2566.067139	4.3643
2569.346680	3.09086
2570.998291	0.308407
2572.102539	0.682008
2573.647217	13.7196
2577.472168	15.6615
2581.215332	11.5545
2584.731201	0.268794
2590.194336	22.2603
2598.270508	1.47709
2599.099854	0.989302
2600.367676	0.928343
2601.270508	0.60278
2601.947754	0.6651
2603.339844	2.00573
2608.313721	0.421669
2610.111572	0.975918
2611.455078	2.68191
2618.717285	5.05346
2619.319824	0.0410779
2620.082031	2.72052
2623.328613	29.7301
2633.308350	75.2812
2634.666260	24.8335
2636.128174	132.594
2643.522705	30.7186
2648.179443	9.10616
2655.780518	4.57013
2660.321289	88.9741
2666.147705	14.3109
2667.270752	6.51218
2673.812256	11.3893
2682.082764	3.43435
2683.316895	0.270228
2684.638916	12.3656
2694.770264	6.34493
2698.563477	8.42363
2700.698730	0.601178
2701.744141	1.87641
2702.895752	0.918207
2703.670166	0.708083
2705.258301	7.87247
2709.610107	1.16446
2711.104736	3.86745
2714.777100	72.9606
2719.044922	2.71938
2721.592529	5.32181
2726.814697	9.97104
2731.017090	12.4057
2735.314697	38.3619
2747.108398	94.0379
2748.737061	134.319
2753.242676	6.89019
2757.519043	37.1447
2767.387207	36.9228
2781.389404	26.909
2785.843506	5.51367
2788.132324	1.88539
2790.237549	1.00276
2791.514648	3.84394
2794.635986	2.10353
2796.060303	1.41219
2797.856934	0.646747
2799.504395	0.53702
2800.555664	0.285015
2803.367920	3.78534
2807.736572	13.321
2812.011963	6.85117
2815.760010	3.01378
2819.025879	8.59083
2827.231201	0.130359
2828.627441	0.608582
2829.519531	0.427674
2831.511230	3.36416
2833.317383	9.70041
2841.294678	4.2171
2842.710693	0.172877
2844.187988	5.78379
2853.387939	2.57862
2854.850342	0.962075
2856.354980	0.584653
2857.801514	4.76836
2859.464111	0.358181
2860.117676	0.0245583
2862.386963	32.9955
2873.345215	1.10436
2874.836426	5.85983
2876.058350	4.46693
2877.620361	6.31579
2879.253418	1.7408
2880.640869	2.12773
2884.997559	8.31233
2889.366455	0.186444
2891.577393	4.52696
2895.110596	1.18661
2895.708252	1.38794
2898.594238	2.14138
2901.378174	1.98935
2902.729004	1.67289
2904.697754	0.255273
2906.534424	1.50731
2907.660400	0.211401
2908.670166	0.108191
2909.935791	0.162022
2910.876221	0.0603249
2926.463623	8.35186
2928.727783	0.177017
2929.534668	0.0726836
2930.945801	0.163001
2935.684326	4.97433
2937.681152	1.66678
2938.337646	0.0656454
2939.703369	0.609307
2941.437500	1.09768
2950.394531	7.15756
2951.743652	0.173949
2952.900146	0.481524
2953.885498	0.392123
2955.052734	0.324808
2956.029297	0.139862
2956.810059	0.047125
2959.029297	0.897786
2960.401123	5.34185
2963.602539	5.93817
2967.653564	17.1175
2971.043213	85.8445
2971.707031	9.14718
2972.691650	85.2243
2976.685303	61.7691
2985.130859	25.8525
2987.211426	33.5186
2988.711182	4.36725
2990.310791	136.354
3006.424072	2489.45
3015.338623	33.6259
3017.179199	1.75824
3019.976318	6.0801
3020.912842	11.0027
3021.809326	42.3808
3027.862061	17.2915
3036.861328	281.874
3039.318115	127.026
3050.971436	27.6295
3052.467041	0.0042302
3054.401611	3.13319
3055.903564	4.6027
3058.933350	0.623184
3060.449219	6.20564
3065.532715	9.84157
3069.483398	8.73879
3071.848877	0.0396012
3072.987793	0.586747
3075.100830	0.384874
3076.393799	0.536549
3077.238525	0.749109
3078.280518	1.04191
3079.542725	0.423632
3080.339111	0.737188
3082.268311	1.37378
3084.154297	1.67339
3085.126953	0.570788
3086.376709	5.78826
3088.352295	0.983656
3089.488281	0.0478776
3090.327148	0.928315
3091.866943	0.0402663
3094.901855	42.4889
3103.566650	112.634
3108.655029	10.0058
3111.833008	3.59745
3121.175781	62.1809
3123.895996	4.87679
3125.474609	24.0459
3136.790283	17.6677
3143.764893	14.1661
3146.157959	0.795504
3147.172363	1.06849
3148.128174	0.716862
3149.357666	8.79411
3164.511719	26.2325
3165.744629	5.59556
3167.872314	0.93871
3168.927979	12.955
3172.554443	35.9909
3183.302490	559.516
3200.945313	771.08
3215.349609	1.36485
3223.695557	67.3349
3225.489014	38.8389
3231.296387	1.39227
3232.476318	1.09349
3233.747803	16.2644
3236.605469	5.25707
3238.024414	5.57507
3239.968994	24.4066
3249.640137	46.2656
3251.546631	4.01781
3253.076904	6.11631
3254.842773	1.30289
3256.340576	69.1798
3263.953125	0.347421
3265.921143	0.805059
3267.162354	0.184191
3269.205566	0.631457
3271.226563	9.92194
3280.316406	207.304
3281.958984	397.618
3298.677490	7238.71
3313.657959	245.33
3317.186523	58.1038
3322.699707	0.0211544
3325.975342	18.5492
3332.642090	1.36886
3336.052734	6.1151
3338.300049	6.91501
3341.155273	19.8172
3343.418213	1.32606
3344.538086	26.6575
3353.541016	204.222
3355.503418	264.752
3362.353516	1.41016
3363.600586	1.37244
3364.474609	3.93882
3372.005615	276.579
3373.377930	38.1429
3375.733643	128.761
3382.256592	15.4716
3388.828857	13.8318
3391.052002	0.573154
3392.089355	3.36433
3397.578369	3.18854
3402.902588	13.5511
3404.256104	19.9918
3407.672852	4.78725
3408.760986	4.40795
3409.484619	3.58565
3410.824219	1.02749
3412.458496	38.9809
3426.072266	54.6256
3427.644775	2.64034
3429.369141	1.46071
3431.642090	7.01599
3433.421387	3.38146
3435.573242	16.9889
3441.605957	23.3132
3453.128662	810.799
3470.625732	2947.17
3484.161865	61.9466
3486.334961	2.80275
3488.492188	53.9845
3493.551758	78.3759
3501.969971	0.208068
3510.869629	56.9826
3512.999268	2.03661
3514.849609	16.6409
3522.105957	7.01027
3529.302246	0.63118
3531.550537	0.798817
3533.261230	2.27251
3535.241943	1.56587
3537.184326	0.905178
3539.040527	0.315568
3540.706787	0.616242
3542.396973	1.3959
3543.442871	1.15266
3544.130127	0.316121
3545.654785	0.574518
3546.616699	0.954271
3547.922363	0.482989
3548.892822	0.30644
3550.305176	0.468925
3551.520996	0.234518
3554.196533	1.11959
3556.162598	0.403934
3557.797607	0.541496
3560.459473	0.365682
3561.812744	0.226922
3564.854004	14.2791
3567.334717	60.8499
3580.076660	31.9503
3582.109863	6.50385
3583.423096	11.1029
3585.429199	2.16169
3587.344238	34.5714
3597.617676	5.57239
3602.270752	49.4199
3607.215088	32.6461
3611.002930	5.72478
3613.296387	0.133183
3614.361328	0.0540574
3616.006104	2.17361
3617.984375	0.768566
3619.270752	0.67645
3620.007080	0.968536
3622.385254	2.64779
3625.503174	3.65071
3627.593750	1.11332
3629.107422	0.0583266
3629.894775	0.348097
3632.296387	3.54934
3634.203857	7.23414
3638.222656	29.5455
3643.588867	10.5922
3645.065674	1.65797
3647.613525	11.4726
3651.033203	4.22022
3654.826172	4.44249
3656.241699	9.28159
3657.751221	54.4889
3662.164795	38.0969
3672.229248	20.1257
3675.524414	62.9282
3683.469482	8.17234
3685.977783	0.0821577
3691.477539	9.20295
3692.827393	6.89801
3697.771484	0.381927
3698.879150	0.529028
3701.317627	2.79449
3702.191650	1.12883
3705.745850	9.62784
3709.269287	0.937135
3713.449219	0.80812
3714.761963	2.72407
3716.493896	7.12949
3722.354004	1.68624
3724.013916	1.03392
3728.033936	34.449
3731.204834	3.71844
3732.485352	6.7247
3736.962891	7.85963
3738.412109	0.200927
3740.934814	60.462
3747.469482	3.76657
3751.848389	9.03679
3759.963867	591.5
3764.938477	63.0243
3772.944336	6.54022
3774.482178	9.56062
3775.179688	0.13756
3776.395508	3.34825
3779.824707	75.946
3785.227295	89.085
3800.732910	35.069
3802.795898	5.84321
3804.540283	34.0769
3814.143555	0.0388117
3817.651123	29.8763
3818.960449	6.84806
3821.734619	12.7563
3822.823730	21.3831
3825.942139	28.7193
3832.958008	82.5333
3835.080322	37.3005
3838.271484	9.22244
3840.585205	0.386112
3843.597656	28.289
3847.657715	25.8205
3868.845215	50.7963
3872.664063	6.52027
3874.341797	4.19208
3876.076660	14.4409
3881.780518	2.3698
3882.956055	2.39308
3885.236572	0.244032
3886.535156	0.368898
3892.198242	6.027
3898.982178	2.29193
3901.282959	0.932309
3903.852051	2.01023
3905.521729	0.528919
3906.532471	0.0932464
3907.607422	1.93759
3912.020752	10.5818
3917.668457	24.8286
3921.747314	4.07878
3926.034668	0.493395
3928.943115	2.83686
3930.399658	1.54367
3932.443848	0.199182
3934.324951	0.270601
3935.621826	0.629918
3936.678955	0.339111
3938.114502	3.2951
3941.888916	2.55204
3944.082275	2.97995
3945.573486	3.91849
3948.976807	9.76173
3954.085449	2.969
3955.073486	1.77533
3956.450928	3.31802
3958.544922	7.56502
3962.581055	1.87333
3964.906982	5.27602
3966.387695	2.13043
3968.866211	0.814978
3970.580566	0.888552
3971.967041	6.96965
3980.995117	4.93715
3983.411133	8.30424
3985.152100	21.6087
3986.975586	6.20852
3988.789307	19.6184
3998.961426	48.3127
4000.369141	4.90995
4003.736328	8.57866
4005.520996	31.6249
4014.821777	32.2634
4019.048584	141.415
4033.095947	174.903
4036.891602	3.13973
4038.129395	29.568
4043.131104	0.406127
4045.102051	28.5332
4051.664795	12.2524
4053.447754	3.12527
4056.788818	117.771
4058.550781	156.204
4062.558105	0.370704
4066.177734	28.8851
4074.030518	94.8318
4076.426270	274.953
4089.661621	37.0889
4091.745361	0.0817199
4092.936279	0.838122
4095.445313	4.84748
4098.180176	13.3247
4100.244141	11.0036
4102.685547	30.5512
4104.140625	8.01397
4105.726563	124.773
4118.556152	49.4569
4124.662109	7.58579
4126.084473	13.5741
4131.336914	13.2452
4132.498535	0.212198
4133.438477	0.46826
4134.767578	6.12122
4139.203613	1.22052
4141.439453	15.3485
4146.013672	16.8375
4148.612793	1.65892
4150.872070	0.202631
4152.372559	0.223699
4157.505371	32.3841
4158.951660	42.7694
4164.966797	1.50051
4167.061523	5.81442
4171.227539	1.90716
4172.319336	1.41037
4173.380371	1.22941
4174.967773	8.19925
4180.882324	9.28972
4183.118652	0.377872
4184.905273	1.11294
4191.586914	225.346
4206.195801	16.0082
4207.997070	9.32618
4213.492188	5.8079
4219.602051	10.5656
4220.892090	7.41158
4224.055664	1.71895
4225.631836	0.5368
4228.052246	2.7265
4233.458496	46.5395
4234.795410	106.785
4250.506348	356.31
4251.809570	422.598
4265.798828	30.7765
4269.214844	10.4402
4271.816895	1.72664
4273.961426	0.835613
4278.452637	5.66216
4279.420898	0.198551
4280.465820	1.51383
4283.495117	7.7077
4285.164063	4.60524
4287.483887	12.5075
4289.426270	1.43644
4291.262695	2.04882
4293.479004	3.31181
4295.142578	2.08963
4296.027344	6.04318
4298.766602	0.117048
4301.933105	10.8087
4303.757324	1.44646
4305.613770	2.94675
4306.267578	0.633209
4307.506836	2.03084
4309.148926	0.0524997
4310.390625	2.17622
4312.310547	4.10869
4313.499023	3.54293
4314.596191	3.87585
4317.174805	7.18957
4318.561523	5.4772
4319.677734	28.387
4323.178711	7.33596
4323.849121	0.595416
4326.751465	26.6764
4329.856934	32.3667
4331.464355	194.859
4347.821777	2792.93
4357.907715	7.08254
4365.355469	8826.62
4379.386719	18.812
4381.093750	0.869458
4382.720703	4.77963
4384.530762	9.7768
4386.604492	1.63354
4387.572266	0.118115
4389.414551	3.41091
4394.944824	93.1731
4396.813965	38.8517
4400.829102	0.438443
4402.609375	0.850038
4403.728516	2.09236
4404.982910	11.5362
4410.343262	3.12997
4412.213379	6.13109
4414.205078	18.2507
4422.333008	23.2728
4425.330566	40.954
4427.017090	12.4319
4429.130859	55.4862
4434.801270	16.6287
4436.110840	1.95692
4437.652344	11.3789
4443.165039	182.138
4444.910156	110.738
4449.626465	120.121
4463.373047	1104.07
4470.083984	0.42756
4471.574707	9.85658
4473.453613	5.15044
4475.417969	0.780534
4476.896973	19.1567
4479.176270	31.4489
4480.526855	5.74068
4482.287598	16.3379
4484.429199	71.2332
4492.245605	63.4441
4493.592773	87.6785
4501.601563	175.763
4503.016602	341.227
4511.064453	3.30262
4520.006348	4520.3
4537.508301	16485.2
4550.154297	22.7888
4552.068359	35.9538
4558.499023	190.167
4567.941895	43.8564
4569.876953	16.7374
4571.390137	25.7855
4573.800781	0.592934
4575.824219	12.5689
4579.605469	16.5092
4581.363281	32.098
4585.888184	22.3157
4589.869629	1.33497
4597.349609	77.8582
4599.008789	42.4103
4603.449707	1.19021
4606.071289	4.85514
4610.809570	30.8333
4612.990723	3.80815
4616.566895	110.932
4618.761719	71.248
4623.532715	72.7414
4631.945801	88.2134
4634.326660	41.0476
4635.432129	5.82132
4637.242676	270.926
4652.363770	234.436
4653.375000	7.69059
4655.029785	103.866
4659.104980	11.4974
4664.034180	9.12003
4675.963379	50.5486
4686.205566	18.6558
4688.069336	3.13154
4690.601074	5.61714
4692.194336	3.55934
4694.071289	0.614833
4697.475098	52.1151
4699.107910	38.7073
4703.851563	4.48111
4706.049805	20.5385
4712.131836	18.5157
4716.043457	3.69437
4718.163086	14.7746
4720.349609	0.0688401
4721.308594	1.48132
4723.004883	9.92873
4730.468750	14.1981
4732.131836	3.46375
4734.953125	70.3953
4739.366699	3.08475
4742.613770	2.76552
4744.277344	10.4166
4747.078125	1.47365
4748.177734	0.412408
4749.940430	2.61909
4751.456543	1.48034
4753.834473	1.41005
4756.796387	4.85833
4757.968262	0.763432
4759.082031	11.5903
4764.356934	2.09229
4765.537598	0.535004
4767.349121	3.32254
4768.231445	3.33302
4770.570313	8.39269
4772.763184	1.90634
4778.720703	48.4524
4781.014648	25.7351
4787.125000	21.1972
4792.208496	37.8199
4796.324707	69.0763
4798.927246	183.605
4813.713379	965.652
4830.959961	2016.07
4840.787598	7.04368
4842.801270	10.3265
4844.965332	5.59336
4847.606445	12.7295
4849.506348	50.1099
4863.461914	117.525
4865.429199	2.32616
4866.696777	30.5668
4870.693359	1.38633
4872.672852	0.173194
4874.718262	2.84704
4876.418457	0.266121
4878.408203	15.4726
4885.647461	3.85266
4887.863770	3.17661
4888.729980	0.273618
4889.738770	1.73082
4891.484863	2.58998
4893.937500	23.1028
4898.105469	0.141805
4904.048828	26.3664
4905.966309	35.7386
4914.447266	54.8271
4920.118652	0.936591
4923.666504	26.7721
4927.052246	2.69509
4928.142578	9.44975
4934.112305	34.6814
4938.218262	1.58866
4940.826172	26.8132
4944.201172	0.908753
4945.517090	4.24837
4947.594238	1.87242
4949.267090	0.705739
4950.392578	5.18953
4953.843262	1.4657
4955.514648	1.44452
4956.997070	27.5128
4973.232910	6.81634
4975.479980	4.47598
4978.951660	13.2148
4985.543945	14.7049
4990.666016	66.9799
4993.291016	43.2601
4997.995117	20.9965
5006.930176	24.865
5013.759766	9.47134
5025.760254	52.0134
5027.872559	28.3888
5034.364258	34.0886
5042.518555	0.909027
5045.444336	0.491068
5049.060547	4.54803
5050.566895	4.10873
5053.317383	7.98237
5055.225098	37.1081
5063.552734	1.7502
5065.669434	3.68713
5069.639648	26.5649
5071.284180	1.99211
5072.401855	1.26761
5074.039063	31.1529
5084.241699	10.929
5088.446289	81.7903
5090.218750	126.678
5102.718262	55.324
5104.072754	4.19275
5108.332031	60.526
5114.331055	3.61002
5119.403809	50.0842
5135.064453	65.6811
5137.073730	0.835805
5138.217285	7.20442
5140.913086	5.69423
5143.064941	25.9506
5156.650879	66.6953
5158.436523	1.83094
5160.103027	80.7561
5164.322754	3.66954
5165.345215	2.85114
5167.835449	15.9038
5170.205566	5.65167
5173.655762	22.3547
5178.591309	4.35813
5185.021484	155.312
5203.132813	185.05
5208.781738	8.72465
5211.341797	3.96474
5213.558105	2.98789
5215.515137	1.39916
5220.496582	3.3021
5223.613770	18.1683
5231.463867	0.398587
5233.081055	1.99133
5235.912109	2.27133
5238.706543	8.87966
5241.558105	5.62468
5243.970703	1.77885
5246.289551	1.61706
5247.850586	0.585094
5249.437012	0.278407
5250.534668	0.211935
5252.969238	0.389553
5254.168945	0.682979
5255.223633	0.368114
5258.289551	1.87777
5264.467773	14.0005
5270.114258	30.3231
5272.052246	30.3201
5278.067383	14.5854
5279.562500	8.10399
5286.501953	84.9185
5288.612793	196.584
5305.763672	231.571
5308.407715	78.523
5313.619141	5.76512
5316.010742	0.542632
5317.692871	13.7054
5327.813965	24.1908
5334.986328	6.15332
5340.334473	25.7131
5347.481445	4.42618
5350.992676	0.46634
5352.292480	1.85734
5356.560547	42.9988
5358.653809	22.5284
5363.548340	0.0757794
5368.602539	14.1047
5370.552734	1.65736
5372.205566	0.105301
5373.212402	0.328582
5375.340820	0.337873
5377.479980	10.55
5385.569824	9.88276
5391.205566	4.02602
5398.201172	1.93607
5401.254395	1.11096
5403.048340	0.934837
5404.163086	0.37269
5406.002930	0.894294
5408.150879	2.32789
5410.839844	6.10032
5412.612305	7.73099
5418.777344	27.5809
5423.548340	3.80898
5425.284180	8.68594
5430.182617	0.109607
5432.977051	9.74174
5439.130371	8.38325
5445.602051	8.07226
5450.263672	9.19214
5454.838867	6.34207
5465.259766	10.4473
5466.645508	2.59965
5467.933105	9.47729
5473.035645	0.887591
5475.397461	0.250482
5477.917480	0.476735
5479.557617	1.05291
5487.568848	72.263
5498.392090	19.6045
5499.885254	0.462137
5500.822266	1.10854
5502.477051	2.87551
5504.227051	2.26938
5506.029785	1.31821
5507.293945	5.93633
5510.361328	3.74375
5513.232422	2.1645
5515.353027	4.94689
5517.525879	0.326352
5519.406738	1.37759
5520.868164	0.0531125
5522.189941	9.75678
5528.361328	7.63448
5533.903809	3.05822
5536.343262	1.27928
5541.527344	4.47861
5543.433594	5.7204
5545.539063	6.64226
5547.615234	9.71008
5553.738281	13.5872
5560.461426	18.752
5564.106445	35.3343
5569.098145	1.81553
5572.213867	13.6436
5578.181152	0.109194
5579.937012	0.280453
5582.014160	0.220122
5586.947266	16.1977
5589.730957	0.499265
5591.694824	0.155
5594.356445	2.83046
5595.715820	0.0441648
5598.532715	6.75411
5602.847168	6.49436
5606.068359	12.0319
5607.539551	11.3423
5610.420410	2.85466
5611.686523	1.215
5613.491699	2.17871
5615.749512	2.70109
5618.441406	54.8348
5630.972168	54.9358
5632.917480	56.503
5641.101563	20.938
5642.716309	2.92402
5644.624512	0.121651
5645.877441	12.4822
5652.958496	26.5087
5658.035645	23.8959
5666.995117	3.48036
5668.778320	12.9513
5676.031250	30.5152
5680.499023	8.55709
5682.670410	4.97436
5684.573242	6.75595
5687.325684	14.8151
5701.150391	60.274
5705.210449	12.8054
5710.451660	5.18171
5718.161621	40.7672
5724.620117	0.834917
5726.543457	2.83026
5727.800781	3.93923
5729.369141	14.6004
5735.437012	5.28726
5736.875977	0.487152
5738.301758	1.12182
5742.567383	1.70525
5743.901367	0.147379
5744.954590	1.35895
5746.918945	1.27364
5748.101563	2.14058
5749.793457	2.11775
5752.952148	0.832986
5756.165527	12.9819
5768.893555	2.31642
5772.353027	1.93296
5774.706055	6.06436
5777.351074	5.49448
5780.015625	0.832189
5782.857910	2.26217
5785.048340	1.32077
5787.039551	0.366704
5788.100586	0.193651
5790.045410	0.260878
5791.437988	0.187441
5794.319824	2.48812
5797.375488	2.14768
5799.524414	1.13308
5802.003906	1.09213
5804.360840	0.487801
5805.641602	3.28948
5809.634766	6.95875
5812.080566	5.57185
5814.838867	1.75747
5817.342773	3.21289
5821.487793	2.98521
5824.452148	1.12957
5825.347168	2.53324
5828.386719	8.32192
5832.722656	5.58267
5834.959961	1.44873
5837.422852	0.585992
5838.607422	7.92885
5843.358887	0.47423
5849.503418	7.21646
5854.796387	16.5613
5857.151367	0.166742
5859.424316	29.1158
5868.702637	10.6076
5874.073730	5.11684
5875.755859	1.27184
5877.310059	3.46614
5879.789551	1.40613
5882.282227	0.76598
5889.523438	9.07408
5893.299805	11.9721
5912.774902	15.5584
5916.369141	21.7763
5924.512207	0.236232
5926.621094	7.41765
5930.023926	5.90064
5933.008789	27.9912
5942.383789	24.8138
5947.819336	5.22657
5952.214355	5.24395
5957.174805	7.74518
5961.967773	2.08248
5964.425293	20.2883
5968.150391	0.262615
5970.985840	4.85936
5972.246582	7.67079
5978.991699	7.67878
5982.237305	3.07298
5984.054688	2.29422
5984.964844	1.16941
5986.820801	0.594359
5988.945313	11.8583
6001.152832	10.7875
6006.880859	12.3492
6010.379395	0.319875
6012.811523	0.50012
6015.872559	2.11362
6017.831055	2.87555
6020.656250	2.41548
6023.547363	2.33525
6025.914063	1.58367
6028.370605	0.516558
6030.159180	0.0723499
6032.951660	1.39145
6036.408203	0.953462
6039.000977	2.69467
6041.438965	1.74922
6044.219727	0.676325
6046.216797	1.72258
6050.979004	1.98679
6053.097168	2.20849
6058.173828	3.57181
6062.290039	0.172141
6068.295898	4.13153
6075.046875	4.66673
6080.206543	13.4097
6086.719727	4.50928
6089.032715	1.93795
6091.131348	1.40622
6093.876465	0.027685
6096.518066	13.2402
6106.380371	0.207771
6108.580566	2.99822
6111.198242	1.62597
6114.908691	31.5637
6124.850586	10.5917
6127.402832	0.880217
6130.291504	0.463271
6132.730469	0.632569
6137.556152	43.9184
6164.435547	9.0184
6166.729980	4.58706
6168.843750	5.19077
6171.546875	1.55108
6173.490723	0.54852
6175.549805	1.34773
6177.017578	1.35922
6179.494629	2.23339
6181.854980	1.64777
6184.432617	1.95495
6186.537598	0.399009
6190.190430	39.2536
6201.322754	40.9946
6210.788574	25.12
6215.690918	15.7909
6225.420898	14.4604
6228.851074	33.8911
6236.982910	9.61093
6245.502441	10.8005
6248.935547	1.49475
6251.322266	13.5346
6260.053223	15.8937
6265.733887	10.2248
6274.510742	8.62004
6277.916016	36.1374
6291.125000	32.6978
6296.116699	24.3854
6308.880859	103.629
6313.235840	185.924
6328.431152	85.5184
6331.475098	1.33124
6332.784668	1.47717
6334.022461	5.85962
6337.227539	19.2481
6348.523926	64.3901
6353.918945	3.19342
6357.113770	1.26695
6359.338867	3.78492
6371.004395	20.288
6375.422363	0.699629
6378.020508	9.87861
6379.559570	3.0469
6384.493652	46.7273
6403.424805	79.45
6413.304199	17.2924
6415.935547	4.39615
6421.100586	17.8704
6422.983887	2.27417
6424.903809	4.03033
6427.161621	8.77952
6434.841797	31.4259
6439.116699	157.074
6449.500977	35.4491
6454.246094	0.340762
6461.532227	9.4983
6464.986328	1.14982
6468.070801	2.58932
6471.200195	14.722
6478.382813	23.673
6483.226074	4.66558
6485.913086	6.76605
6488.475098	10.7239
6491.490234	6.2088
6494.520996	6.72207
6496.138184	3.05565
6497.505371	21.6616
6507.471680	27.4557
6515.032227	25.5256
6523.777832	3.05846
6526.073730	14.8335
6531.130371	3.17333
6535.986328	13.5768
6542.535645	8.38655
6546.291992	16.008
6554.590820	40.3174
6559.659668	2.93119
6562.529297	3.80451
6564.617676	5.39501
6567.634766	5.10183
6570.568848	8.50984
6573.160156	5.08001
6576.466797	5.58306
6580.681641	8.78064
6585.093262	0.832399
6587.009277	1.08362
6590.073730	0.178715
6592.046387	0.0108354
6595.536133	4.47428
6603.947266	8.56607
6612.208984	71.6683
6614.208496	7.04077
6618.961426	16.8203
6626.437988	138.49
6631.038574	6.04681
6633.060547	112.679
6640.308105	0.49045
6649.450195	223.849
6654.524414	5.6297
6657.146973	4.50896
6662.260254	69.2352
6664.472656	10.4039
6666.542969	97.759
6672.844727	13.0253
6678.207520	19.3428
6690.672363	66.7397
6705.338379	94.8339
6712.440430	22.7294
6721.604004	61.562
6723.822754	79.1453
6734.373047	10.4701
6737.207031	30.2044
6739.862793	15.201
6742.077148	115.778
6753.856445	30.2966
6756.660645	22.1542
6758.929199	92.0552
6767.207031	8.95898
6777.094238	19.0501
6781.313965	0.0907392
6782.606934	0.0734805
6787.401367	3.58157
6792.563965	13.1371
6797.116699	1.69655
6809.074707	22.8471
6817.317383	21.8583
6821.816895	11.9473
6824.880859	22.6945
6829.291016	20.8641
6833.548340	0.604293
6834.909668	1.41538
6837.411133	1.40881
6838.921387	0.728318
6840.577637	1.19395
6842.544922	11.0374
6850.755859	6.1004
6855.879395	24.7231
6863.449707	52.9591
6867.576660	4.7281
6879.004395	22.0154
6886.426758	6.78189
6891.177246	3.09954
6896.534668	60.011
6909.746582	43.7591
6919.696777	17.2503
6921.717285	22.1161
6928.069336	32.1267
6932.951660	6.00756
6935.861328	7.29821
6938.560059	8.41118
6941.386230	6.44356
6943.714355	12.1893
6950.711426	48.0575
6952.918457	1.93898
6954.582031	2.60159
6955.664063	2.15053
6957.396973	15.5176
6960.731445	11.3275
6963.684570	8.56012
6969.460938	406.092
6981.733887	4.52595
6985.138672	38.3461
6987.886719	27.8199
6990.148926	121.621
7001.177246	33.9359
7008.902344	12.9299
7012.608887	19.5928
7020.640137	24.8367
7026.943359	6.85266
7029.484863	0.206357
7031.046387	1.3519
7040.178223	25.6034
7045.551758	52.9284
7048.121582	0.137668
7050.930664	78.2562
7064.041016	106.191
7068.159180	172.781
7083.482422	248.468
7086.770020	60.4653
7094.490723	25.2078
7100.277832	97.2772
7102.474121	122.919
7108.471680	0.157074
7112.818848	19.4772
7117.776855	12.1512
7123.222168	28.0504
7136.196777	1.64234
7137.898926	1.05189
7144.881348	14.3675
7149.598145	2.70515
7152.108398	2.04173
7154.817383	1.70582
7157.541992	0.940684
7161.371582	2.71011
7163.372070	3.55946
7170.849609	18.8893
7177.152344	13.7078
7183.308594	22.3791
7187.680176	1.78309
7189.235352	4.88178
7192.612793	0.264754
7196.741699	8.30237
7198.525391	14.8017
7204.511230	5.05286
7210.293457	18.5602
7216.342773	27.9742
7220.855957	5.9307
7222.547363	9.55581
7227.829102	8.93287
7229.614258	2.95207
7232.640625	2.94372
7240.958496	1.49868
7243.720215	1.05806
7246.650879	1.64076
7248.714355	8.79127
7252.820801	3.02068
7255.100098	1.90195
7260.541992	18.0566
7272.889648	0.860609
7274.664551	1.07691
7276.025391	1.31791
7277.988281	1.82698
7280.043945	11.5191
7288.787109	1.36093
7291.238281	2.25508
7293.431152	9.52004
7304.586914	37.9089
7310.771973	5.50764
7312.050293	7.14694
7315.631348	0.574425
7318.226563	4.96711
7323.021484	1.00953
7325.059082	0.244692
7328.002441	3.20432
7335.653320	31.4646
7346.918457	13.0214
7349.539063	0.0498586
7350.803223	0.0387441
7352.453125	0.368733
7356.099609	0.462928
7358.443848	2.24559
7363.457520	0.0912364
7366.657227	6.11943
7374.393066	16.7844
7381.001953	23.001
7386.303223	0.349497
7390.677734	3.73237
7392.761719	2.65171
7394.449707	0.636292
7395.985840	1.05836
7397.847656	0.716675
7399.405273	0.0247393
7402.916992	0.607823
7407.101074	1.83989
7410.082031	1.1972
7412.871094	0.833268
7415.922363	0.674337
7417.960449	0.178996
7422.503906	1.63674
7424.415039	2.2531
7426.880859	0.617365
7428.310059	0.119365
7430.208984	0.313362
7432.840332	0.81398
7434.684082	0.720802
7436.816406	1.37047
7439.015137	0.878233
7440.882324	1.65554
7442.855957	2.67595
7449.951660	30.9443
7465.073730	20.6035
7471.399414	54.9263
7474.366211	86.6508
7487.325195	27.8545
7489.837891	2.67341
7492.539551	36.408
7506.690918	38.7517
7526.509766	4.04566
7534.277832	3.28677
7540.308594	22.343
7542.800781	13.1608
7548.401367	8.67546
7550.442871	5.97899
7553.855469	2.03141
7556.437012	1.47495
7558.391602	0.705463
7559.613281	0.453375
7561.429688	0.83007
7565.543457	38.455
7584.714355	19.3103
7587.418457	3.89819
7589.816406	34.0328
7598.731934	0.82025
7603.560547	17.0438
7608.573730	8.52192
7612.571289	1.68845
7618.046387	0.20627
7619.720703	0.291652
7621.447266	0.20255
7622.811523	0.100942
7624.566895	0.0227568
7625.568359	0.085509
7627.692383	0.236984
7629.402832	0.166689
7630.702148	0.154372
7633.949219	8.75421
7646.240234	3.54466
7652.127930	4.64897
7656.159668	3.73249
7658.217285	0.976469
7660.424805	1.1642
7662.456543	15.828
7668.490723	5.45577
7670.376465	0.146036
7675.578125	21.2813
7683.907227	12.3637
7687.414551	1.77002
7690.123047	9.88838
7699.291992	13.9517
7705.523926	27.6823
7720.815430	54.7864
7725.946289	26.0048
7731.580566	2.21181
7732.809570	1.26709
7734.747070	0.420281
7737.775391	4.35107
7741.541016	0.702608
7744.215820	1.31419
7746.020508	3.48999
7750.132324	3.9352
7752.771484	2.35266
7754.855469	0.272038
7756.327637	1.27717
7758.276855	2.44798
7761.719727	0.788486
7764.667480	0.465102
7768.211426	1.08851
7771.115234	0.526693
7776.202637	30.8379
7783.357422	21.8255
7787.125977	0.404097
7789.684082	3.94611
7792.703613	3.78416
7797.439941	12.9076
7803.129395	0.281629
7812.168457	113.609
7816.844727	16.8475
7818.904785	6.66875
7821.221191	13.1439
7826.128418	91.8237
7829.033691	518.328
7850.225586	47.4369
7853.813965	7.12331
7856.942383	0.629298
7859.803223	3.96676
7864.720215	1.96793
7870.942383	5.60767
7873.139160	23.9516
7895.951660	12.2609
7898.802246	1.94027
7907.204590	1.07598
7910.857910	0.083172
7914.347168	8.98414
7921.913086	10.5505
7935.541016	0.173165
7937.851563	0.449606
7944.954102	8.13598
7948.185547	1.54195
7950.721191	6.6047
7956.020996	1.73224
7958.130859	2.05682
7959.595215	0.45193
7961.556152	0.374877
7967.798828	24.0396
7977.929688	12.829
7988.038086	4.05758
7991.072266	7.03674
8001.519043	0.609693
8004.409668	0.245389
8006.106934	0.0710182
8007.546387	0.134525
8009.704590	0.0382603
8011.190430	0.0535458
8030.014648	3.77225
8032.865723	0.95406
8034.319824	0.88451
8038.041992	2.18281
8040.950195	3.55846
8043.702637	3.39583
8046.687012	2.26305
8048.812500	0.75527
8050.780762	1.884
8053.738281	7.22637
8066.714355	9.57975
8069.410645	2.89292
8072.475098	1.81107
8075.453125	17.0793
8087.636719	39.3288
8097.098633	6.7746
8104.537109	6.08728
8111.254883	3.48264
8113.741211	0.704057
8117.133301	0.782366
8119.211914	1.48682
8122.615234	1.60543
8125.529297	0.638544
8128.499023	0.616815
8130.968262	0.0388381
8132.487793	0.402379
8137.178711	1.1165
8140.889160	62.9297
8147.547363	5.63133
8149.548340	11.5978
8155.325684	28.2515
8159.491699	37.3168
8165.402832	18.015
8170.263672	21.73
8174.769043	8.2347
8180.437500	16.5735
8183.602051	2.344
8191.309570	0.461963
8195.892578	0.0238665
8203.489258	31.6127
8212.164063	9.11102
8215.692383	4.96988
8216.791992	2.18092
8222.161133	5.6923
8223.460938	5.09301
8230.494141	42.2686
8237.162109	8.59657
8239.062500	0.931306
8240.481445	0.212233
8242.507813	7.0748
8247.286133	8.62153
8250.638672	2.18635
8253.091797	27.4481
8260.416016	29.2733
8265.458008	1.03402
8267.000977	4.97344
8270.035156	10.4462
8271.319336	8.65156
8276.126953	0.130487
8278.091797	4.63655
8279.051758	8.79624e-008
