TITLE "<<M19_MSMS_11140.0000_1>> 4700 MS/MS Precursor 11140 Spec #1=>AdvBC(32,0.5,0.0)=>NR(2.00)=>SM31=>CT[BP = 4489.1, 11322]" CENTROID
TYPE MASSSPEC
64.942833	5.68279
65.263069	123.329
65.606491	7.43992
65.839096	99.3817
66.050941	210.24
66.488708	5.4306
66.788277	5.87385
67.026054	40.1183
67.232658	56.1214
67.777237	17.8527
67.977234	1.78324
68.224297	16.1565
69.714195	7.77361
70.069092	1.17614
70.314354	0.67753
70.600464	0.284123
70.798775	0.224327
71.946030	35.5411
73.144691	59.4305
74.146179	23.8625
74.914116	31.0681
77.158203	6.78249
77.772469	2.28234
78.427368	14.2786
79.096970	0.152402
79.242264	0.0745103
79.433495	0.0567537
79.621140	0.0709195
80.069374	1.23955
80.704697	1.36137
81.078651	2.69708
81.273338	3.86192
82.161972	12.9415
82.778801	2.815
83.078178	2.83884
83.167336	0.393683
83.400467	0.871416
83.782669	9.47847
84.887123	20.5113
85.915596	1.52534
86.535660	15.4024
88.256294	1.44742
91.472382	6.96585
91.824402	0.00684276
92.366692	4.85893
92.890045	1.06359
93.042458	0.63572
93.203079	0.679138
93.414162	0.106254
94.252548	3.55376
95.333786	2.4898
95.973679	13.2176
97.293587	23.0318
99.883026	2.09322
100.326401	0.237278
100.659294	4.07855
101.858665	19.8562
103.106682	9.95385
103.452751	0.535293
103.849075	1.28247
104.132050	0.340855
105.034233	2.66556
106.497925	0.566592
106.858238	0.207011
107.185822	0.140717
107.497948	0.0368603
107.725174	0.000776424
108.906593	18.2901
111.915321	1.54937
113.139175	0.470621
113.498299	0.263538
113.839287	0.159487
114.164474	0.0525301
114.428154	0.0676789
119.958961	3.45972
122.414505	8.39031
124.040977	7.26875
125.132813	1.61248
127.196701	5.20414
128.876221	0.527065
130.048569	2.12383
130.952698	1.60604
131.758011	0.184568
133.493805	0.633175
134.200943	0.505482
134.729492	0.287429
135.063004	0.160901
135.461502	0.0897912
135.746536	0.0692788
137.777344	3.39461
140.784103	2.84995
141.155182	1.3354
141.488770	1.95103
142.689102	1.62249
144.084793	1.3721
145.438644	6.80302
148.633469	0.911922
149.808762	1.81341
150.965271	3.08797
151.970871	1.64408
153.216019	9.44025
155.070328	6.99165
156.425629	2.19604
157.660034	4.20173
165.566742	1.54593
167.148453	1.42155e-005
167.337067	3.19228e-008
167.500809	3.19228e-008
167.613419	1.1971e-008
167.674866	1.1971e-008
167.787537	3.19228e-008
167.972000	3.99034e-008
168.156570	3.19228e-008
168.372025	5.18745e-008
168.659515	5.98552e-008
168.926682	4.38938e-008
169.122055	3.19228e-008
169.307251	3.99034e-008
169.976868	2.19469e-007
170.606491	2.39421e-008
170.730484	2.39421e-008
171.113098	1.23701e-007
171.516846	3.19228e-008
171.661911	2.39421e-008
171.838120	4.38938e-008
172.035187	3.19228e-008
172.180466	2.39421e-008
172.315414	2.79324e-008
172.491974	3.99034e-008
172.689407	3.59131e-008
173.688705	3.4716e-007
174.797363	7.55051e-008
175.210022	0.00555596
175.941315	0.244359
176.717438	0.334166
177.138672	0.360929
177.628006	0.445284
178.024796	0.269274
178.477737	0.105848
179.058228	0.493397
179.669662	0.310925
180.059631	0.197178
180.522232	0.117387
180.895096	0.017221
181.191879	0.00113309
181.449783	3.13221e-005
181.615860	5.15093e-007
181.785629	3.08008e-008
181.926086	2.39777e-008
182.032867	1.59603e-008
182.107574	1.1971e-008
182.427979	1.07739e-007
182.919815	7.58165e-008
183.433746	1.1572e-007
183.841125	3.59131e-008
184.120117	6.78358e-008
184.474533	6.38455e-008
184.732498	3.19228e-008
184.915329	3.59131e-008
185.098267	3.19228e-008
185.270508	3.19228e-008
185.529037	6.38455e-008
185.809311	3.99034e-008
186.057419	5.18745e-008
186.370499	6.38455e-008
186.629791	3.19228e-008
186.889282	6.38455e-008
187.148941	3.19228e-008
187.419601	6.78358e-008
187.722992	4.38938e-008
187.999939	1.63456
192.091965	0.253081
192.879272	0.467509
193.348877	0.240297
193.797943	0.163745
194.225250	0.0561042
194.583710	0.0329569
202.732513	6.61843
204.799438	1.93695
205.286240	3.49871
205.902969	3.51232
206.276886	1.27713
206.801559	0.607164
207.038910	0.0652661
207.749649	0.054529
208.294342	0.00118923
209.684418	8.19283
215.302582	40.1657
219.861191	19.4644
221.641571	3.26934
223.041565	3.48155
225.968918	0.904142
227.939148	0.0607215
232.799255	11.189
253.820862	4.0753
255.693817	0.463041
256.233002	0.264466
256.751892	0.175253
257.263214	0.0569253
257.615509	0.0172123
258.414764	0.977609
259.352142	1.88025
259.895813	1.04495
260.415802	0.667227
260.857910	0.224483
266.061951	4.76028
274.369019	0.896409
274.909882	0.521845
275.287811	0.465008
275.596069	0.124343
275.921936	0.17009
276.258057	0.153358
277.071472	5.87662
281.025665	0.354881
281.591919	0.338779
282.176392	0.278843
283.873627	1.45519
287.001617	0.497303
297.758026	11.4285
315.363983	27.399
318.823761	7.87984
320.277252	3.07378
321.234802	0.114206
322.192291	0.0220007
323.150818	0.000273966
323.627777	1.03798e-005
324.372772	1.01704e-005
325.091431	1.54756e-007
325.399445	1.32745e-007
325.730286	1.7241e-007
326.102234	1.7197e-007
326.459930	1.58829e-007
326.732025	9.26519e-008
326.932587	9.26518e-008
327.247864	1.9854e-007
327.577637	1.05888e-007
327.721069	2.64719e-008
328.004364	2.14967e-007
328.562469	0.0333372
329.561707	1.45613
330.620667	2.8223
331.235107	1.58758
331.825012	1.03022
332.395416	0.340863
332.846069	0.0359403
333.252380	0.00117925
333.482941	6.73769e-006
333.683075	2.138e-007
333.917938	7.99584e-008
334.049042	3.96725e-008
334.150391	5.29444e-008
334.266296	5.29439e-008
334.425690	9.26518e-008
334.672089	1.3236e-007
334.962097	1.3236e-007
335.223236	1.05888e-007
335.382843	3.97079e-008
335.527985	9.26518e-008
335.687683	5.29472e-008
336.851105	0.007379
338.943237	0.823793
341.187744	1.78792
342.666870	2.58964
345.233459	0.335552
348.430878	0.436368
349.789886	1.83138
350.631134	1.25689
351.176971	0.808623
351.825165	0.486462
352.339325	0.0680096
356.964386	7.12679
367.929688	0.24479
369.028625	0.47832
369.679077	0.261658
370.301910	0.168549
370.900360	0.0556177
371.386566	0.00572941
371.718750	0.00081253
376.716980	0.568598
377.181427	1.85304e-007
377.828400	3.70607e-007
378.537598	2.38247e-007
379.093079	2.38247e-007
379.525421	1.3236e-007
379.710785	2.64719e-008
379.988922	2.11776e-007
380.483612	2.11776e-007
380.994110	2.25011e-007
381.288208	2.64719e-008
381.520447	1.72068e-007
381.892212	1.45596e-007
382.186646	1.05888e-007
383.024078	6.08855e-007
383.800293	5.29439e-008
384.173157	2.64719e-007
384.592865	9.26518e-008
384.779449	6.61798e-008
384.966095	9.26518e-008
385.386230	2.64719e-007
385.868896	1.45596e-007
386.164856	1.05888e-007
386.913086	5.29439e-007
387.896240	3.04427e-007
388.286743	2.64719e-008
388.349243	2.64719e-008
388.411743	2.64719e-008
388.474243	2.64719e-008
388.614899	9.26518e-008
388.927551	1.72068e-007
389.209076	6.61799e-008
389.349854	5.29439e-008
389.647186	1.9854e-007
389.913300	2.64719e-008
389.975922	2.64719e-008
390.038544	2.64719e-008
390.101196	2.64719e-008
390.257813	1.05888e-007
390.445801	5.29439e-008
390.571136	5.29439e-008
390.665161	2.64719e-008
390.727844	2.64719e-008
390.821899	5.29439e-008
390.915955	2.64719e-008
390.978668	2.64719e-008
391.041382	2.64719e-008
391.104095	2.64719e-008
391.166809	2.64719e-008
391.292297	7.94158e-008
391.417755	2.64719e-008
391.480530	2.64719e-008
391.574646	5.29439e-008
391.762970	1.05888e-007
392.076904	1.58832e-007
392.296722	2.64719e-008
392.359558	2.64719e-008
392.422363	2.64719e-008
392.485199	2.64719e-008
392.626587	9.26518e-008
393.365356	5.29439e-007
394.183563	1.58832e-007
394.545715	1.45596e-007
395.018341	2.51483e-007
395.522827	1.72068e-007
395.775177	3.97079e-008
396.294434	0.0119739
398.384735	0.683645
400.705933	2.54457
402.353333	1.87178
403.687927	0.30581
404.722748	0.0188353
405.449432	0.000345638
405.725952	6.50919e-006
406.144928	8.27166e-006
406.603149	1.64396e-006
406.959015	1.4453e-007
407.246857	9.27112e-008
407.454987	7.94169e-008
407.647095	7.94159e-008
407.807220	5.29439e-008
408.210815	0.274426
414.166504	1.86586
415.757019	0.176463
416.240295	0.0997853
416.532227	0.033568
417.027802	0.0679073
417.635803	1.22956
420.670166	4.94399
425.053833	3.0749
428.972351	0.212054
431.695801	0.0151765
439.401489	0.20266
442.536652	0.00317233
442.903473	1.85304e-007
443.604889	3.70607e-007
444.373779	2.38247e-007
444.975983	2.38247e-007
445.444672	1.3236e-007
445.645599	2.64719e-008
445.947083	2.11776e-007
446.483307	2.11776e-007
447.036621	2.25011e-007
447.355377	2.64719e-008
447.607086	1.72068e-007
448.009979	1.45596e-007
448.329071	1.05888e-007
449.236572	6.08855e-007
450.077667	5.29439e-008
450.481689	2.64719e-007
450.936432	9.26518e-008
451.138611	6.61798e-008
451.340820	9.26518e-008
451.795990	2.64719e-007
452.318878	1.45596e-007
452.639496	1.05888e-007
453.450012	5.29439e-007
454.514954	3.04427e-007
454.937866	2.64719e-008
455.005554	2.64719e-008
455.073273	2.64719e-008
455.140961	2.64719e-008
455.293304	9.26518e-008
455.631927	1.72068e-007
455.936798	6.61799e-008
456.089264	5.29439e-008
456.411255	1.9854e-007
456.699432	2.64719e-008
456.767242	2.64719e-008
456.835052	2.64719e-008
456.902893	2.64719e-008
457.072479	1.05888e-007
457.276062	5.29439e-008
457.411774	5.29439e-008
457.513580	2.64719e-008
457.581482	2.64719e-008
457.683319	5.29439e-008
457.785156	2.64719e-008
457.853058	2.64719e-008
457.920959	2.64719e-008
457.988861	2.64719e-008
458.056793	2.64719e-008
458.192627	7.94158e-008
458.328491	2.64719e-008
458.396454	2.64719e-008
458.498352	5.29439e-008
458.702240	1.05888e-007
459.042145	1.58832e-007
459.280151	2.64719e-008
459.348145	2.64719e-008
459.416168	2.64719e-008
459.484192	2.64719e-008
459.637268	9.26518e-008
460.334900	4.50023e-007
461.423401	0.0239471
463.680695	1.46966
466.109436	1.38142
466.787689	1.8081
467.714172	2.15253
468.260742	0.78356
469.049652	0.33643
469.407013	0.0475939
470.519623	0.0377021
471.303650	0.000691065
471.601807	1.2886e-005
472.051849	1.63713e-005
472.555176	2.341e-006
472.932129	1.43464e-007
473.242462	9.27707e-008
473.467010	7.94179e-008
473.674225	7.94159e-008
473.829651	3.97079e-008
474.106049	1.72068e-007
474.365234	2.64719e-008
474.434357	2.64719e-008
474.503510	2.64719e-008
474.572632	2.64719e-008
474.676361	5.29439e-008
474.780090	2.64719e-008
474.849243	2.64719e-008
475.004883	9.26518e-008
475.350800	1.72068e-007
475.731476	1.19124e-007
476.025726	1.05888e-007
487.046570	5.01472
490.559662	0.389266
491.079346	0.331299
491.500671	0.0921575
491.923553	0.142875
492.388702	0.120029
492.759827	0.0157389
493.723969	0.71558
496.262634	2.1735
498.028717	1.54312
499.509583	0.145122
500.661591	0.509357
514.028870	5.33176
517.619080	3.18804
519.977905	2.4828
522.059937	0.0808188
523.867615	0.0023416
524.667053	1.64227e-005
525.464905	2.03305e-005
526.492493	3.85683e-006
541.381409	0.0193801
546.047363	1.16618
550.799561	0.273568
555.233765	0.0119729
557.710754	0.667402
560.479980	2.08761
562.354309	1.62132
564.033630	0.18608
565.000916	0.0117598
565.931519	0.24119
567.313416	0.683806
568.095947	0.346572
568.940125	0.148236
569.639160	0.0804881
570.226318	0.00597131
570.759155	0.000196717
571.284973	0.00536178
572.569763	0.249707
573.983398	0.470384
574.794556	0.264597
575.573242	0.171704
576.325989	0.0568107
576.920593	0.00599024
577.456665	0.000196718
577.760559	1.0717e-006
593.959717	0.0111484
595.352173	0.381813
596.153442	0.0839405
596.736572	0.835507
597.562073	0.511974
598.353699	0.328206
599.120911	0.113622
599.727356	0.0119797
600.274414	0.000393753
600.585510	2.14323e-006
600.847107	1.43855e-009
670.725464	0.511002
672.258057	1.05135
673.038269	0.497616
673.380432	0.0672044
673.948303	0.349492
674.519348	0.0786034
674.841797	0.0269829
675.431763	0.0149145
676.024475	0.000386328
676.354797	2.14323e-006
676.632507	1.43855e-009
683.649597	0.354704
690.439087	2.82742
695.563782	4.01125
698.804260	2.60005
701.600159	0.381988
703.925842	0.019269
705.429565	0.000263797
706.147339	1.00428e-005
707.303406	1.14062e-005
708.274048	8.13961e-007
712.069458	0.0116599
713.239014	0.19542
715.323669	0.584604
716.242065	0.41366
716.820801	0.81273
717.417358	1.96145
717.947754	0.0704747
718.408264	0.342941
719.109497	0.347837
719.604675	0.021595
720.951355	0.018869
721.923950	0.000344508
722.294434	6.30614e-006
722.853210	8.02917e-006
723.472168	1.40391e-006
753.651062	0.0126137
757.007690	0.0995961
758.595642	2.49848e-007
782.423767	0.00315499
783.297729	0.0861821
784.122620	0.143755
784.609131	0.0928771
785.107483	0.0494328
785.764709	0.0384789
786.184509	0.0201381
787.677673	0.679123
790.976563	2.45052
792.669861	0.405656
792.933228	0.0882201
793.532043	0.360025
794.650818	0.281668
795.325562	0.0422005
796.584961	0.0296264
797.647461	0.000344401
798.037170	6.30613e-006
798.624756	8.02917e-006
799.275696	1.40391e-006
849.510498	0.25372
860.760986	2.4081
863.693848	0.464387
864.689636	0.266819
865.647217	0.174142
866.590454	0.0574878
867.285461	0.00580482
871.302490	5.71657
898.898682	0.53982
899.657410	0.145201
900.174255	0.0939895
900.713318	0.0488728
901.418152	0.0392022
901.868103	0.0209359
902.204712	0.000703841
902.600281	3.61011e-005
902.766479	2.35269e-008
929.213440	0.0119729
932.425110	0.667402
936.013855	2.08761
938.441711	1.62132
940.616211	0.18608
942.145874	0.0188178
943.258728	0.000345345
943.682007	6.32569e-006
944.322021	8.0331e-006
945.030457	1.4054e-006
947.068298	0.00616845
947.956482	1.11528
949.031067	0.490196
950.034546	0.343407
951.003967	0.113621
951.769653	0.0119797
952.459900	0.000393507
952.851196	2.17921e-006
953.182251	4.57959e-009
963.695313	0.0119729
966.965881	0.604028
970.749939	4.44546
972.310547	1.44197
973.153381	0.826559
974.267883	0.389035
975.251648	0.194883
976.867615	0.0187503
978.000854	0.000345345
978.431885	6.32569e-006
979.083740	8.0331e-006
979.805176	1.4054e-006
995.260986	0.0112743
996.987427	0.453618
999.578125	0.203924
1017.719299	0.00233334
1018.614380	0.0864058
1019.556580	0.145201
1020.107178	0.0939895
1020.681335	0.0488728
1021.432190	0.0392022
1021.911499	0.0209359
1022.270081	0.000703841
1022.691467	3.61011e-005
1022.868469	2.35269e-008
1031.178833	0.00233334
1032.079956	0.0864058
1033.028320	0.145201
1033.582642	0.0939895
1034.160645	0.0488728
1034.916504	0.0392022
1035.399048	0.0209359
1035.759888	0.000703841
1036.184082	3.61011e-005
1036.362305	2.35269e-008
1050.531860	0.117107
1051.806396	0.856701
1053.403320	1.5692
1054.245361	0.954434
1055.312744	0.210539
1057.462158	3.27747
1093.653564	20.7465
1101.996216	26.4136
1127.683472	22.9652
1129.468140	4.09608
1130.556274	2.27575
1131.593384	1.83744
1132.880493	24.9085
1142.282959	11.2658
1147.491577	0.33974
1152.651733	2.02053
1155.260254	0.685547
1160.191895	1.0951
1160.767822	0.00171805
1161.640503	0.0864058
1162.647339	0.145201
1163.235962	0.0939895
1163.849365	0.0488728
1164.651978	0.0392022
1165.164185	0.0209359
1165.547241	0.000703841
1165.997681	3.61011e-005
1166.186768	2.35269e-008
1178.057373	0.0893672
1180.462036	0.46844
1182.024902	0.31049
1183.031616	0.198293
1184.226929	0.118783
1185.158569	0.0167382
1185.945801	0.00125491
1186.581543	1.90615e-005
1186.987671	8.53665e-007
1214.852173	0.143084
1217.700439	1.6929
1223.857178	4.01127
1228.167847	2.60007
1231.885254	0.382008
1234.976074	0.0192668
1236.973633	0.000264243
1237.924438	9.2578e-006
1239.392944	1.01687e-005
1240.802856	1.53784e-007
1241.409668	1.3291e-007
1242.060059	1.72441e-007
1242.567139	6.65706e-008
1243.746582	0.178733
1246.210815	1.09065
1247.765991	0.738869
1248.864746	0.339669
1250.026123	0.287819
1251.653320	0.499444
1252.855469	0.264608
1254.009644	0.171703
1255.125366	0.0568101
1256.006592	0.00598962
1256.800659	0.00019614
1257.251587	1.20016e-006
1257.720337	1.12843e-007
1258.102173	7.95062e-008
1258.356934	3.9702e-008
1258.554932	5.2944e-008
1258.724731	2.64719e-008
1259.290649	2.38247e-007
1259.856689	2.64719e-008
1260.111450	9.26518e-008
1260.904175	2.77955e-007
1261.583862	3.97112e-008
1265.410278	0.354707
1272.187622	2.22415
1275.687744	4.71959
1278.641113	4.00194
1282.322998	15.5144
1301.810547	14.9865
1309.683105	2.0851
1316.031738	2.63883
1325.866333	0.134621
1326.859131	0.133855
1327.488281	0.0962033
1328.095459	0.0697228
1328.993896	0.0314074
1331.365234	1.44189
1333.346924	0.271744
1335.171997	0.940767
1336.414673	0.529193
1337.607178	0.343408
1338.760010	0.113621
1339.670532	0.0119799
1340.490967	0.000392929
1340.956543	2.30766e-006
1341.362061	1.33035e-007
1341.835327	7.95967e-008
1342.098877	3.96961e-008
1342.303467	5.29441e-008
1342.478882	2.64719e-008
1342.858887	1.45596e-007
1343.385132	9.26518e-008
1345.608398	9.13282e-007
1348.009277	1.72068e-007
1348.595215	9.26518e-008
1349.386353	2.64719e-007
1350.324341	1.58832e-007
1350.881470	9.26518e-008
1352.142700	4.76495e-007
1353.257690	2.64719e-008
1353.375122	2.64719e-008
1353.962158	2.38247e-007
1354.608154	5.29439e-008
1354.784302	2.64719e-008
1354.901733	2.64719e-008
1355.019287	2.64719e-008
1355.136719	2.64719e-008
1355.430420	1.05888e-007
1355.988647	1.45596e-007
1356.370605	2.64719e-008
1356.576294	6.61799e-008
1356.840820	5.29439e-008
1357.428589	2.11776e-007
1357.957764	2.64719e-008
1358.075439	2.64719e-008
1358.192993	2.64719e-008
1358.310669	2.64719e-008
1358.604736	1.05888e-007
1359.075317	1.05888e-007
1359.369385	2.64719e-008
1359.604736	7.94158e-008
1359.840088	2.64719e-008
1359.957886	2.64719e-008
1360.075562	2.64719e-008
1360.369751	5.29439e-008
1360.193237	2.64719e-008
1360.605225	5.29439e-008
1360.781860	2.64719e-008
1360.899536	2.64719e-008
1361.076172	5.29439e-008
1361.341064	6.61799e-008
1361.547119	2.64719e-008
1361.812134	9.26518e-008
1362.135986	5.29439e-008
1362.312744	2.64719e-008
1362.430542	2.64719e-008
1362.548340	2.64719e-008
1362.666138	2.64719e-008
1362.960693	1.05888e-007
1364.404419	5.42675e-007
1365.937378	1.45596e-007
1366.586304	1.45596e-007
1367.264771	1.58832e-007
1367.825317	9.26518e-008
1368.415649	1.72068e-007
1369.360352	2.51483e-007
1370.039429	5.29439e-008
1370.275757	5.29439e-008
1370.659790	1.19124e-007
1370.984741	2.64719e-008
1371.191528	6.61798e-008
1371.487061	6.61798e-008
1371.693848	2.64719e-008
1371.871216	5.29439e-008
1372.048462	2.64719e-008
1372.846680	3.30899e-007
1373.911133	1.45596e-007
1374.561890	1.45596e-007
1375.183228	1.3236e-007
1375.597534	5.29439e-008
1376.515137	3.57371e-007
1377.877197	2.51483e-007
1378.499268	2.64719e-008
1378.765991	9.26518e-008
1379.684570	3.17663e-007
1380.514648	5.29439e-008
1380.722168	3.97079e-008
1380.870361	2.64719e-008
1381.166992	1.05888e-007
1381.730469	1.45596e-007
1383.481079	6.35327e-007
1385.321777	1.85304e-007
1385.796997	2.64719e-008
1387.134155	5.69147e-007
1388.471802	2.64719e-008
1388.590820	2.64719e-008
1388.709717	2.64719e-008
1388.947632	7.94158e-008
1389.185547	2.64719e-008
1389.483032	1.05888e-007
1390.048218	1.45596e-007
1390.435059	2.64719e-008
1390.643311	6.61799e-008
1391.098511	0.000812611
1393.606079	0.00099858
1394.276123	1.9854e-007
1395.527954	3.57371e-007
1396.869751	2.38247e-007
1397.615479	9.26518e-008
1398.182373	1.58832e-007
1398.868774	1.45596e-007
1399.286743	3.97079e-008
1399.910156	0.00809642
1402.444580	0.676285
1405.176025	1.89836
1406.402100	1.17482
1407.624146	0.594908
1408.787842	0.233649
1409.720337	0.0241616
1410.562744	0.00078327
1411.040283	4.52263e-006
1411.455322	1.73417e-007
1411.941895	7.97775e-008
1412.212646	3.96843e-008
1412.422607	5.29442e-008
1412.602539	2.64719e-008
1413.322510	2.91191e-007
1414.042725	2.64719e-008
1414.162720	2.64719e-008
1414.492920	1.19153e-007
1416.874023	0.215093
1421.931396	2.29042
1424.377686	1.49225
1425.597046	1.57324
1426.966553	0.451742
1428.540894	1.17215
1430.614868	0.0506757
1432.324829	0.00420447
1433.296997	4.3837e-005
1433.876953	6.20773e-006
1434.707520	3.33564e-006
1435.607666	1.6321e-007
1436.187134	9.29465e-008
1436.611328	9.26735e-008
1437.004639	7.94159e-008
1437.276978	3.97079e-008
1437.488770	5.29439e-008
1438.124390	2.25011e-007
1439.214233	2.51483e-007
1439.850220	2.64719e-008
1440.122803	9.26518e-008
1441.061890	3.17663e-007
1441.910400	5.29439e-008
1442.122681	3.97079e-008
1442.274170	2.64719e-008
1442.577393	1.05888e-007
1443.153442	1.45596e-007
1444.942993	6.35327e-007
1446.824707	1.85304e-007
1447.310547	2.64719e-008
1448.677368	5.69147e-007
1450.044922	2.64719e-008
1450.166504	2.64719e-008
1450.531250	7.94158e-008
1450.288086	2.64719e-008
1450.774414	2.64719e-008
1451.078491	1.05888e-007
1451.656250	1.45596e-007
1452.051758	2.64719e-008
1452.386353	1.19124e-007
1452.903564	1.05888e-007
1456.737549	5.76093
1505.778809	17.965
1530.185059	3.01577
1536.035767	4.15358
1539.153442	3.24937
1541.945679	0.372817
1546.796021	4.72665
1570.147583	0.130433
1572.591797	0.938008
1574.399658	0.621179
1575.564209	0.39709
1576.947754	0.240395
1578.047607	0.0343443
1582.501465	0.515126
1583.384766	1.45596e-007
1584.243042	2.11776e-007
1584.942505	7.94158e-008
1585.387695	1.05888e-007
1586.119263	1.9854e-007
1587.137329	2.25011e-007
1587.805664	5.29439e-008
1588.314941	1.58832e-007
1589.206421	2.11776e-007
1590.225464	2.11776e-007
1591.149292	1.72068e-007
1591.691040	5.29439e-008
1592.296509	1.9854e-007
1593.220947	1.85304e-007
1594.018188	1.45596e-007
1595.070679	2.91191e-007
1596.187500	1.72068e-007
1596.729980	5.29439e-008
1597.049194	7.94158e-008
1597.496094	1.05888e-007
1597.815430	2.64719e-008
1598.038940	6.61799e-008
1598.390137	7.94158e-008
1598.901245	1.3236e-007
1599.444214	9.26518e-008
1600.115112	1.85304e-007
1600.818115	1.05888e-007
1601.137817	2.64719e-008
1601.873047	2.77955e-007
1602.960205	1.72068e-007
1603.471924	3.97079e-008
1604.143677	2.38247e-007
1604.943604	9.26518e-008
1605.391724	9.26518e-008
1606.159912	2.25011e-007
1606.928345	9.26518e-008
1607.344604	7.94158e-008
1607.792969	1.05888e-007
1608.369629	1.3236e-007
1609.458984	3.17663e-007
1610.324463	3.97079e-008
1610.580811	6.61799e-008
1610.805298	2.64719e-008
1610.933472	2.64719e-008
1611.190063	7.94158e-008
1611.446533	2.64719e-008
1611.735107	9.26518e-008
1612.344604	1.58832e-007
1612.954102	9.26518e-008
1613.435303	1.05888e-007
1614.462280	1.3236e-007
1613.916626	9.26518e-008
1615.264771	1.9854e-007
1615.939087	7.94158e-008
1616.324463	7.94158e-008
1616.902588	5.29439e-008
1616.645630	5.29439e-008
1617.159546	5.29439e-008
1617.705811	1.72068e-007
1618.412720	1.19124e-007
1619.055542	1.45596e-007
1619.602051	7.94158e-008
1620.116455	1.3236e-007
1620.663086	9.26518e-008
1621.145508	1.05888e-007
1621.628052	9.26518e-008
1621.917603	2.64719e-008
1622.432373	1.85304e-007
1623.043823	6.61798e-008
1623.333496	5.29439e-008
1623.687500	9.26518e-008
1624.138306	9.26518e-008
1625.458496	4.50023e-007
1626.811523	1.05888e-007
1627.327148	1.05888e-007
1628.003906	1.72068e-007
1628.680908	1.05888e-007
1629.454834	2.11776e-007
1630.132080	6.61799e-008
1630.519165	9.26518e-008
1630.874023	5.29439e-008
1631.713013	2.91191e-007
1632.584473	6.61798e-008
1633.165527	1.72068e-007
1633.843506	1.05888e-007
1634.263428	6.61798e-008
1634.586426	6.61798e-008
1635.296997	2.25011e-007
1636.137085	1.19124e-007
1636.751221	1.3236e-007
1637.268311	7.94158e-008
1638.270630	3.30899e-007
1639.564331	1.9854e-007
1640.599731	2.25011e-007
1641.538330	1.58832e-007
1642.444824	2.11776e-007
1643.319092	1.45596e-007
1643.966919	1.19124e-007
1644.582520	1.3236e-007
1645.360107	1.05888e-007
1645.003662	3.97079e-008
1645.846313	9.26518e-008
1646.403687	0.0645969
1648.467651	1.19073
1650.402710	0.923911
1651.763916	0.295538
1653.185913	0.42024
1654.589966	0.044106
1655.616089	0.00551973
1656.526245	0.000193189
1657.049927	1.58078e-006
1657.508789	1.12696e-007
1658.023560	7.97035e-008
1658.349121	5.29484e-008
1658.609375	5.29438e-008
1658.804688	2.64719e-008
1659.162598	1.19124e-007
1659.911255	1.85304e-007
1660.627563	1.05888e-007
1661.148560	1.05888e-007
1661.702148	1.19124e-007
1662.516479	2.11776e-007
1663.135620	3.97079e-008
1663.885132	2.64719e-007
1665.156494	2.51483e-007
1666.460938	2.77955e-007
1667.537476	1.05888e-007
1667.211182	2.64719e-008
1668.092163	1.19124e-007
1668.614380	9.26518e-008
1669.071411	9.26518e-008
1669.528442	9.26518e-008
1670.181396	1.72068e-007
1670.867310	1.05888e-007
1671.357178	9.26518e-008
1672.075928	1.9854e-007
1672.762207	7.94158e-008
1673.285156	1.3236e-007
1673.840820	9.26518e-008
1674.560059	1.9854e-007
1675.214111	6.61799e-008
1675.704712	1.3236e-007
1676.424438	1.58832e-007
1677.013428	7.94158e-008
1677.438843	9.26518e-008
1677.962524	1.19124e-007
1678.584473	1.3236e-007
1679.239258	1.3236e-007
1679.828735	1.05888e-007
1680.287231	7.94158e-008
1681.171753	2.77955e-007
1681.958130	3.97079e-008
1682.187622	5.29439e-008
1682.416992	3.97079e-008
1682.908691	1.58832e-007
1683.498779	7.94158e-008
1684.088989	1.58832e-007
1684.744873	1.05888e-007
1685.269775	1.05888e-007
1685.696289	6.61799e-008
1686.057129	7.94158e-008
1686.549316	1.19124e-007
1687.074463	9.26518e-008
1687.665283	1.45596e-007
1688.781616	3.04427e-007
1689.865479	1.3236e-007
1690.325439	5.29439e-008
1690.785400	1.3236e-007
1691.475586	1.45596e-007
1692.593140	3.04427e-007
1693.645386	1.19124e-007
1694.566284	2.51483e-007
1695.388794	7.94158e-008
1696.573608	3.97079e-007
1698.516113	3.83843e-007
1700.262207	3.17663e-007
1701.316772	1.05888e-007
1702.108032	2.11776e-007
1702.998291	1.45596e-007
1703.789917	1.72068e-007
1704.746582	2.11776e-007
1705.406616	5.29439e-008
1705.802612	1.05888e-007
1706.132690	2.64719e-008
1706.594849	1.58832e-007
1707.585449	2.38247e-007
1708.510254	1.3236e-007
1709.071899	9.26518e-008
1709.831909	2.11776e-007
1710.558960	7.94158e-008
1710.823364	2.64719e-008
1711.054810	6.61799e-008
1711.355957	5.61924e-008
1713.481812	0.0135276
1715.708618	0.00025457
1716.248901	1.3236e-007
1717.176025	2.38247e-007
1718.169800	1.58832e-007
1718.766113	7.94158e-008
1719.395630	1.72068e-007
1720.191162	1.45596e-007
1720.688354	5.29439e-008
1721.285156	1.85304e-007
1722.313232	2.25011e-007
1723.407959	2.11776e-007
1724.436646	1.9854e-007
1725.299683	1.45596e-007
1726.030151	1.45596e-007
1726.561401	6.61799e-008
1726.959961	9.26518e-008
1727.292114	3.97079e-008
1727.624268	9.26518e-008
1728.222290	1.45596e-007
1728.853638	1.05888e-007
1729.219238	3.97079e-008
1729.717773	1.58832e-007
1730.249756	5.29439e-008
1730.615479	9.26518e-008
1731.147461	1.19124e-007
1731.779297	1.3236e-007
1732.411377	1.19124e-007
1732.976929	1.05888e-007
1733.775513	2.11776e-007
1734.540039	9.22208e-008
1735.328613	0.00563762
1737.614868	0.265382
1739.806396	0.163339
1740.577148	0.580798
1741.446411	0.55094
1742.397095	0.0280325
1743.123901	0.125094
1744.154663	0.127733
1745.238403	0.00591204
1746.177368	0.000187575
1746.714722	1.58075e-006
1747.186157	1.12698e-007
1747.714722	7.97035e-008
1748.049194	5.29484e-008
1748.316528	5.29438e-008
1748.784424	7.94158e-008
1748.517090	2.64719e-008
1749.486450	1.9854e-007
1750.255493	1.05888e-007
1750.924438	1.58832e-007
1751.827515	1.9854e-007
1752.563721	9.26518e-008
1753.032227	9.26518e-008
1753.534180	1.05888e-007
1754.337646	2.11776e-007
1755.409180	2.11776e-007
1756.179565	9.26518e-008
1756.983521	2.25011e-007
1757.620239	2.64719e-008
1757.821289	5.29439e-008
1758.055908	3.97079e-008
1758.391113	9.26518e-008
1758.960938	1.3236e-007
1759.530884	9.26518e-008
1760.503418	2.91191e-007
1761.643921	1.58832e-007
1762.180786	5.29439e-008
1762.717773	1.58832e-007
1763.355469	9.26518e-008
1764.161133	2.25011e-007
1765.135010	1.58832e-007
1766.209839	2.64719e-007
1767.184204	1.19124e-007
1768.326904	3.30899e-007
1769.470093	1.19124e-007
1770.209961	1.72068e-007
1770.781738	5.29439e-008
1771.319946	1.58832e-007
1772.228516	1.9854e-007
1773.137207	1.58832e-007
1774.012573	1.85304e-007
1774.820679	1.3236e-007
1775.258545	3.97079e-008
1776.067017	2.77955e-007
1777.448608	2.64719e-007
1778.358643	9.26518e-008
1778.864380	1.05888e-007
1779.403931	1.05888e-007
1779.977173	1.19124e-007
1780.415771	5.29439e-008
1780.854248	1.19124e-007
1781.427856	1.05888e-007
1782.068970	1.45596e-007
1783.182861	2.91191e-007
1784.330811	1.58832e-007
1785.006226	1.05888e-007
1785.681763	1.58832e-007
1786.627808	2.11776e-007
1787.776978	2.38247e-007
1788.892578	1.9854e-007
1789.467407	2.64719e-008
1790.008545	1.85304e-007
1791.023438	2.11776e-007
1792.106323	2.11776e-007
1793.223267	2.25011e-007
1794.306885	1.9854e-007
1795.458374	2.51483e-007
1796.373169	1.05888e-007
1796.881470	9.26518e-008
1797.389893	1.05888e-007
1797.932251	1.05888e-007
1798.610352	1.58832e-007
1799.390259	1.45596e-007
1799.898926	5.29439e-008
1800.170288	5.29439e-008
1800.373901	2.64719e-008
1800.679199	9.26518e-008
1801.222046	1.19124e-007
1801.798950	1.05888e-007
1802.715332	2.51483e-007
1803.598022	9.26518e-008
1804.107422	1.05888e-007
1804.684692	1.19124e-007
1805.160278	6.61799e-008
1805.771729	1.72068e-007
1806.859131	2.51483e-007
1807.640869	5.29439e-008
1807.914673	5.45681e-008
1809.306641	0.0893763
1812.295288	0.468545
1814.237549	0.310585
1815.488525	0.197833
1816.973633	0.118687
1818.134766	0.0168585
1819.109741	0.00121685
1819.900513	2.10418e-005
1820.425537	9.77485e-007
1820.953369	9.29228e-008
1821.365967	6.62181e-008
1821.673340	5.29442e-008
1821.978394	6.53179e-008
1822.719727	0.0112732
1825.064941	0.499357
1827.605591	0.940455
1829.062622	0.529001
1830.460938	0.34435
1831.813354	0.113446
1832.879150	0.0117945
1833.842163	0.000374965
1834.394287	2.65161e-006
1834.862305	1.32744e-007
1835.418091	7.99913e-008
1835.760986	5.2953e-008
1836.035034	5.29437e-008
1836.377686	7.94158e-008
1836.891724	1.19124e-007
1837.851440	2.51483e-007
1838.605713	3.97079e-008
1838.845703	5.29439e-008
1839.119995	5.29439e-008
1839.771606	1.9854e-007
1840.457642	6.61799e-008
1840.869385	9.26518e-008
1841.658447	2.11776e-007
1843.031372	3.17663e-007
1844.370483	1.9854e-007
1845.297852	1.58832e-007
1846.019287	1.19124e-007
1846.603394	1.05888e-007
1847.153198	1.05888e-007
1847.668823	9.26518e-008
1848.665771	2.91191e-007
1849.594116	6.61799e-008
1850.041260	1.05888e-007
1850.626099	1.19124e-007
1851.210938	2.64719e-008
1851.038818	3.97079e-008
1851.456909	7.8094e-007
1851.903076	2.85516
1854.890747	8.43696
1857.878662	1.14903
1860.064575	0.0941156
1861.636108	0.00171918
1862.230469	3.17524e-005
1863.135986	4.04073e-005
1864.134521	6.51129e-006
1912.755493	0.059869
1917.384766	3.36947
1922.757080	4.33567
1923.975098	1.56067
1927.820435	0.926722
1930.241089	0.0506324
1932.231445	0.00419495
1933.363892	4.36718e-005
1934.036621	5.96675e-006
1935.089233	3.91292e-006
1942.231934	0.0331038
1943.798096	0.15551
1944.798706	0.115356
1945.442627	0.0414321
1946.523926	0.0641154
1947.323730	0.0426077
1947.888306	0.00399484
1948.386475	0.000111452
1948.781006	2.33075e-007
1962.333374	0.0119729
1967.023193	0.667393
1972.260254	2.08767
1975.802002	1.62136
1978.972290	0.18612
1981.201904	0.0188137
1982.824585	0.000343579
1983.438965	6.30957e-006
1986.524414	0.217432
1992.632446	1.52589
1997.257202	0.606061
2068.999023	1.25465e-005
2070.161133	0.108008
2071.150391	0.128335
2071.925293	0.0905271
2072.724365	0.0570536
2073.819092	0.0354343
2075.987305	1.709
2133.776123	9.02985
2146.947998	0.00128536
2167.096436	0.0119751
2172.028564	0.662018
2177.553955	3.95257
2181.310059	1.98025
2182.755127	0.715465
2184.427002	0.574376
2185.551270	0.0895299
2186.188965	0.0353335
2187.208740	0.0127673
2188.615723	0.000853166
2189.322998	5.19992e-006
2190.272949	7.79029e-006
2191.364502	1.16548e-006
2252.122314	0.00563659
2254.734863	0.261669
2257.588623	1.17701
2258.794189	0.688742
2259.628418	0.0970638
2260.596924	0.265266
2261.626221	0.16936
2262.346680	0.0281658
2263.385254	0.00927677
2264.505371	0.000185418
2265.120117	1.32384e-006
2265.752441	2.7302e-007
2291.392578	0.0331033
2293.096191	0.155511
2294.184570	0.115357
2294.884766	0.0414325
2296.060791	0.0641151
2296.930664	0.0426075
2297.544678	0.00399517
2298.086426	0.000111323
2298.834961	1.35768e-005
2301.693848	2.09174
2305.307861	1.92056
2306.950928	1.04401
2308.520996	0.667477
2310.017090	0.230973
2311.226074	0.0764252
2326.709961	3.26797
2333.159912	7.53095
2336.236328	3.12102
2337.694824	1.22755
2339.453369	1.16843
2340.803711	0.0848241
2342.144775	0.146103
2358.209717	10.7272
2374.221680	6.79779
2389.506348	9.7716
2395.679688	0.324876
2400.833496	1.58756
2404.795898	2.34168
2408.602539	0.728507
2410.270264	0.342954
2411.967285	0.15628
2415.910645	7.94101
2435.807129	1.36283
2441.092529	8.21155
2444.041748	1.25462
2444.697998	0.498369
2445.972900	0.717761
2447.965088	0.724735
2449.380615	0.395792
2451.742188	2.31827
2470.664063	21.7926
2483.102295	0.238441
2484.840576	0.12171
2485.805176	0.182506
2486.261719	0.221683
2487.744141	0.253024
2489.371826	0.177422
2490.949219	0.0565248
2492.167725	0.0055053
2511.953613	1.67878
2517.665283	2.64256
2520.982910	0.367408
2522.446777	1.78445
2526.301025	1.27572
2529.171875	0.104978
2531.379395	0.00868363
2534.651123	0.221651
2543.402344	2.12765
2547.555664	1.62137
2551.163330	0.18612
2553.700439	0.0188138
2555.546875	0.000343652
2556.243896	6.3551e-006
2557.310547	8.08745e-006
2558.481445	1.46322e-006
2574.476318	0.00563723
2577.271484	0.249677
2580.299561	0.470227
2582.035889	0.264566
2583.705078	0.178026
2585.175049	0.0285007
2586.795410	0.442723
2589.114258	0.310588
2590.613281	0.197832
2592.392578	0.118687
2593.782715	0.0168552
2595.192383	0.0080562
2599.991943	0.669186
2606.016357	2.32308
2609.532227	0.932535
2610.630615	0.304162
2612.645264	0.208452
2613.954102	0.0421868
2616.464600	0.0406938
2620.972900	0.670392
2631.554688	4.01121
2644.837158	1.28206
2650.763428	4.19708
2654.882324	3.23609
2658.568359	0.371659
2660.956299	0.0308445
2689.418701	4.56801
2695.860596	0.258333
2698.996826	0.680426
2700.720459	0.345428
2702.573242	0.148064
2704.142090	0.0834918
2705.706299	0.093951
2712.392822	0.000136698
2747.521973	0.625626
2751.218018	3.27982
2753.619629	2.17409
2755.166260	1.38483
2757.002686	0.830811
2758.437988	0.118007
2759.643311	0.00851574
2760.621094	0.000146721
2761.266846	6.06144e-006
2795.521973	1.62494e-005
2797.959717	2.92688
2803.579590	12.9178
2807.689209	6.70472
2809.072754	0.688549
2811.607178	1.74162
2814.124512	0.301306
2869.795654	8.46245
2884.894775	0.037547
2886.465332	6.34995e-007
2888.168945	4.15477e-005
2890.314697	2.03348e-006
2891.248047	2.25518e-007
2892.255859	2.91909e-007
2893.378906	2.90092e-007
2894.241699	1.56286e-007
2895.836182	0.0239476
2901.552734	1.33479
2907.935059	4.17533
2912.250244	3.24273
2916.112549	0.37224
2918.828613	0.0376284
2920.804932	0.000687679
2921.552979	1.29448e-005
2922.728760	1.49747e-005
2928.443848	1.33443
2940.731934	0.682564
2943.102295	1.30296
2944.842041	0.974783
2946.382324	0.954478
2948.213867	0.114403
2952.928711	15.73
2959.672119	10.4002
2965.482666	1.52799
2970.311279	0.0770892
2976.062988	2.29196
2979.446289	0.502677
2981.311768	0.206198
2983.050781	0.155465
2985.233154	1.10923
3008.820557	0.891956
3033.587646	0.445517
3043.421631	27.1763
3053.924316	19.5664
3061.237793	10.0739
3065.677979	0.026591
3066.524902	4.38938e-008
3067.192383	1.59614e-008
3067.859619	4.38938e-008
3068.794189	3.99034e-008
3069.595215	3.19228e-008
3070.351807	3.59131e-008
3071.420166	5.98552e-008
3072.399902	2.79324e-008
3073.334961	5.58648e-008
3074.403809	3.99034e-008
3074.982910	1.1971e-008
3075.651123	4.78841e-008
3076.274902	7.98069e-009
3076.586914	1.99517e-008
3077.121582	2.79324e-008
3077.611816	1.59614e-008
3078.191162	3.59131e-008
3078.993652	3.59131e-008
3079.706787	2.79324e-008
3080.420166	3.59131e-008
3081.089111	2.39421e-008
3081.579590	1.99517e-008
3082.248535	3.99034e-008
3083.631348	8.37972e-008
3085.237549	5.98552e-008
3086.888672	8.77876e-008
3088.228027	3.19228e-008
3088.897705	2.79324e-008
3089.656738	3.99034e-008
3090.281982	1.59614e-008
3090.862549	3.59131e-008
3091.621826	3.19228e-008
3092.336670	3.19228e-008
3093.051514	3.19228e-008
3093.945313	4.78841e-008
3094.704834	1.99517e-008
3095.777588	5.18745e-008
3095.062500	1.1971e-008
3096.850586	4.38938e-008
3097.744873	3.59131e-008
3098.818115	5.98552e-008
3099.802002	2.79324e-008
3100.696777	5.18745e-008
3102.128418	7.58165e-008
3103.381592	3.59131e-008
3103.963379	1.59614e-008
3104.321533	1.59614e-008
3104.679688	1.59614e-008
3105.082520	1.99517e-008
3105.484131	1.58172e-008
3107.003662	0.035923
3112.929199	2.01843
3119.539795	6.00118
3124.076660	4.45609
3127.989502	0.740887
3130.834961	0.056464
3132.883301	0.00103105
3133.657715	1.91221e-005
3134.837402	2.43361e-005
3136.138428	3.6886e-006
3137.168945	4.01765e-008
3137.939941	2.8096e-008
3138.571777	2.79333e-008
3139.112061	1.99518e-008
3139.517334	1.59614e-008
3139.922363	1.99517e-008
3140.462891	2.79324e-008
3141.183350	3.59131e-008
3141.903809	2.79324e-008
3142.624512	3.59131e-008
3143.390381	3.19228e-008
3144.111084	3.19228e-008
3144.561768	7.98069e-009
3144.787109	1.1971e-008
3145.057373	1.1971e-008
3145.643311	3.99034e-008
3146.409424	2.79324e-008
3146.905273	1.59614e-008
3147.401123	2.79324e-008
3148.077393	3.19228e-008
3149.204590	6.78358e-008
3150.376953	3.59131e-008
3151.008545	1.99517e-008
3151.504639	2.39421e-008
3151.955811	1.59614e-008
3152.497070	3.19228e-008
3153.218994	3.19228e-008
3154.173340	2.52583e-005
3162.445557	4.57376
3171.265625	0.321669
3172.561035	0.226375
3173.385498	0.0828022
3174.767090	0.127584
3175.797852	0.0822935
3176.938232	0.131983
3234.272217	8.97428
3249.654541	0.0474208
3251.435303	0.311021
3252.735596	0.230713
3253.572266	0.0828646
3254.977295	0.12823
3256.016357	0.0852146
3256.750000	0.00798998
3257.397217	0.000223164
3257.871338	3.31261e-007
3258.460693	1.16021e-007
3258.972900	1.07402e-007
3259.385742	1.34468e-007
3260.211670	3.49617e-007
3260.900146	5.37872e-008
3261.542969	3.22723e-007
3262.369141	1.61362e-007
3263.011963	2.15149e-007
3263.746826	2.15149e-007
3264.757080	3.7651e-007
3265.629883	1.34468e-007
3266.824219	5.64765e-007
3267.927002	8.06808e-008
3268.248779	1.07574e-007
3269.030029	3.49617e-007
3269.949219	1.88255e-007
3270.546875	1.61362e-007
3271.328369	2.95829e-007
3272.156006	1.88255e-007
3273.811768	7.79914e-007
3275.743652	3.49617e-007
3276.479980	8.06808e-008
3276.986084	2.15149e-007
3277.906494	3.22723e-007
3278.827148	2.15149e-007
3279.563721	2.15149e-007
3280.300293	2.15149e-007
3281.221191	3.22723e-007
3282.142090	2.15149e-007
3283.109375	3.49617e-007
3284.076660	2.15149e-007
3284.767822	1.88255e-007
3285.504883	2.42042e-007
3286.196289	1.61362e-007
3286.933594	2.68936e-007
3287.717041	1.88255e-007
3288.408691	2.15149e-007
3289.146240	2.15149e-007
3289.884033	2.15149e-007
3290.621826	2.15149e-007
3291.359619	2.15149e-007
3292.466553	4.30297e-007
3293.527588	1.88255e-007
3294.588867	4.30297e-007
3295.465576	8.06808e-008
3296.065674	2.68936e-007
3297.081055	3.22723e-007
3297.958252	1.88255e-007
3298.697021	2.42042e-007
3299.435791	1.88255e-007
3300.451660	4.03404e-007
3301.421631	1.61362e-007
3302.068359	2.15149e-007
3303.084961	3.7651e-007
3304.147705	2.42042e-007
3304.886963	1.88255e-007
3305.626465	2.42042e-007
3306.319336	1.60931e-007
3307.367432	0.00563633
3310.542725	0.25586
3314.001221	0.681158
3315.915527	0.345332
3317.977539	0.149001
3319.686523	0.0803931
3321.122803	0.00590185
3322.426025	0.000187766
3323.172607	1.25912e-006
3323.943115	2.08301e-007
3324.559082	1.61649e-007
3325.022705	1.07579e-007
3325.393555	1.07574e-007
3325.671875	5.37872e-008
3326.459961	4.03404e-007
3327.572998	2.42042e-007
3328.315186	1.88255e-007
3329.010986	2.15149e-007
3329.753174	2.15149e-007
3330.217285	5.37872e-008
3330.681152	2.15149e-007
3331.377197	1.88255e-007
3331.934082	1.34468e-007
3332.398193	1.34468e-007
3333.048096	2.42042e-007
3334.115723	3.7651e-007
3335.415771	3.7651e-007
3336.251709	1.07574e-007
3336.809082	2.15149e-007
3337.877197	4.03404e-007
3339.642822	6.18552e-007
3341.083252	2.15149e-007
3341.787354	5.23542e-005
3344.082764	1.00002
3348.859375	1.29334
3350.233154	0.131073
3351.089600	0.0890797
3352.532715	0.0527311
3353.610107	0.0842494
3358.104736	0.907963
3365.798096	0.227546
3369.001465	0.468338
3370.995605	0.240163
3372.900391	0.163204
3374.713379	0.0563065
3376.207520	0.0188821
3388.440430	1.08185
3400.263428	8.7492
3405.969482	0.26045
3407.793945	3.39685
3409.224854	1.5301
3411.519775	0.566512
3417.338135	15.6009
3429.101074	11.2347
3430.239014	7.64493
3437.904053	13.0385
3459.799316	4.60971
3467.856445	4.13246
3472.571045	3.2565
3476.793213	0.373182
3484.120850	9.79747
3531.752930	11.0595
3540.269775	2.37107
3542.584961	10.5925
3548.161621	8.31666
3560.133545	5.47655
3570.129150	1.16797
3574.305664	1.28033
3576.501221	1.92429
3579.135498	2.66213
3580.595215	0.658109
3582.925049	0.368795
3583.755127	0.135181
3587.270996	0.515221
3590.658203	0.9505
3592.725830	0.484214
3594.725830	0.370172
3596.592041	0.1206
3608.647217	9.20652
3624.759277	11.1665
3626.959229	0.588039
3629.321289	0.824677
3630.444336	0.0560871
3631.583496	6.95619
3645.864502	5.55145
3684.327148	28.9996
3726.587158	7.42517
3737.517822	6.10684
3761.723389	25.3715
3768.570068	7.37718
3771.806641	0.71103
3773.023438	3.84684
3785.036621	168.896
3797.253174	23.923
3802.452881	234.724
3811.000244	6.16968
3818.863525	23.0398
3828.283447	14.4764
3831.576416	1.81194
3836.492432	6.95087
3840.591309	1.10612
3842.808594	5.88768
3844.169922	13.0703
3866.037598	47.123
3868.367188	80.1899
3884.138184	329.001
3897.881592	84.5093
3914.198242	28.4716
3926.182129	119.939
3942.143555	547.207
3952.781982	4.40704
3958.799316	38.2265
3975.898193	103.908
3989.545166	6.02191
3991.420166	4.57875
3998.999023	9.77283
4010.090332	8.07802
4011.718994	4.69142
4016.536621	7.59138
4033.416260	60.0906
4043.948730	13.7897
4048.312500	7.50753
4066.164307	21.4366
4069.900879	81.093
4087.959961	388.621
4104.630859	2407.57
4115.714355	27.6767
4123.688965	11.4078
4126.467773	9.30379
4138.173828	21.575
4140.989258	2.35808
4142.235840	0.27093
4142.979980	1.03232
4144.612793	2.12417
4149.692871	11.5698
4151.846191	16.8262
4160.066895	20.2998
4168.600586	34.2291
4181.174316	0.042799
4186.608887	2.25082
4194.781250	16.0178
4197.269043	0.624351
4199.729980	31.0755
4214.788086	80.9489
4216.743652	2.26163
4218.142578	29.2143
4222.082520	43.3467
4232.577148	527.04
4242.072754	35.6999
4250.487793	21.7673
4253.269043	3.20213
4256.424805	0.298445
4268.125977	110.01
4275.429688	6.43816
4283.922852	19.3963
4286.245117	5.71576
4288.905762	90.6867
4304.365723	381.981
4313.153809	37.3283
4331.575684	47.9834
4336.205078	5.33401
4341.652344	0.402886
4342.675293	0.483235
4346.112793	4.83158
4348.238770	17.5262
4358.759277	162.567
4364.377441	41.794
4375.809570	831.729
4383.036621	0.0507103
4384.515137	22.7533
4392.725098	42.4891
4399.868164	4.73752
4403.375000	123.336
4428.531738	116.997
4444.757324	293.738
4449.545898	12.7354
4452.760742	3.89009
4454.259766	4.71369
4457.250977	1.33763
4458.857422	82.2559
4472.157715	2022.23
4489.131348	11322.4
4509.339355	144.465
4527.088867	87.589
4529.427734	10.53
4537.687500	27.5777
4540.126953	1.9518
4544.759766	54.985
4546.677246	11.2017
4552.751465	31.3316
4557.467285	39.8529
4563.960449	22.3541
4569.247559	583.333
4577.921387	3.13479
4586.942383	1382.21
4595.777832	17.8716
4604.514648	669.478
4618.050293	53.1749
4622.625000	2.13555
4623.870605	18.1445
4631.046387	8.6919
4634.127930	2.62561
4637.744629	21.373
4642.429688	17.4931
4644.115234	0.596299
4645.491211	7.78306
4649.080566	16.6748
4655.260254	18.9653
4661.510254	693.814
4676.233887	18.8324
4679.948242	38.2491
4684.087402	1.60188
4691.387695	29.6869
4692.774414	31.8485
4697.843262	2.90655
4699.083008	0.612228
4701.836426	17.3527
4711.202148	17.8752
4719.843262	0.388792
4724.206543	24.0039
4742.106445	13.8813
4744.122070	18.5602
4754.354980	10.679
4763.977051	30.1806
4772.164551	524.002
4782.516113	52.5092
4789.503418	1699.93
4802.218750	40.9771
4804.654785	176.778
4822.023438	102.374
4829.208008	18.7733
4840.362793	48.7935
4854.016113	41.8148
4856.739258	123.772
4862.049805	38.4239
4873.486328	151.575
4875.125000	119.345
4883.795410	112.322
4886.107910	242.008
4901.426758	3165.81
4918.530273	10675.6
4931.509277	9.10612
4940.450195	102.887
4956.116211	73.6174
4959.554688	9.61414
4961.270508	0.57567
4963.262207	2.77789
4964.772949	2.81106
4966.048340	0.480175
4967.454102	2.14129
4969.716309	6.44807
4975.343750	98.148
4979.414063	2.995
4980.677246	0.0172344
4982.185547	3.62881
4984.392578	63.8474
4998.748535	356.195
5008.046387	8.16059
5016.628906	780.598
5027.932617	10.3988
5033.983887	338.553
5053.878906	5.51879
5056.056641	4.90019
5058.634277	2.51641
5060.432129	4.61067
5073.720703	26.5544
5080.293457	4.11383
5085.454102	15.6358
5088.311523	7.23681
5090.359375	2.6316
5098.819336	301.221
5116.967285	377.534
5125.167969	12.7698
5134.831543	494.949
5144.320313	16.3623
5154.831055	125.172
5191.461426	57.0351
5195.779297	2.83521
5198.505371	1.02812
5203.187012	5.21498
5207.365723	10.0564
5214.057129	206.265
5232.354980	301.146
5241.034668	12.6441
5249.534180	71.002
5264.742188	13.7512
5267.948730	9.62644
5272.767090	0.719647
5274.075195	0.14351
5275.506348	0.305592
5277.281738	0.327307
5279.450684	0.25159
5281.977539	0.080435
5285.105957	3.96819
5287.576172	3.05482
5290.280762	0.821806
5296.598633	8.36526
5298.517578	0.0136039
5302.418457	4.59077
5304.650391	1.2878
5308.042480	3.67183
5310.285645	1.67994
5312.000977	3.68226
5316.185059	16.0866
5330.352539	36.6506
5348.593262	174.848
5363.065918	16.0783
5368.106445	9.50261
5369.635254	2.74384
5373.104980	16.7948
5387.029297	17.1899
5388.778809	0.701938
5390.643066	0.244291
5392.768066	23.7518
5403.272949	3.81539
5411.809570	56.6328
5416.748047	2.1238
5425.000000	4.76412
5428.312988	1.01286
5430.377441	1.10433
5433.006836	0.653942
5435.911621	0.782028
5437.037109	0.459968
5439.756836	19.5443
5456.589355	43.8369
5459.593262	111.961
5476.169922	208.061
5485.535645	12.6273
5492.236328	2.85799
5493.745605	1.68729
5494.895020	4.30141
5499.613281	2.77132
5502.509277	1.78007
5509.563965	33.4067
5516.599121	6.4552
5518.870605	2.6348
5521.804199	8.02666
5526.841797	0.0713093
5529.732910	1.23259
5531.195313	0.0331611
5532.511719	0.509236
5535.987305	1.2099
5537.982422	0.552202
5540.436035	0.0803817
5542.462891	0.152196
5545.710938	0.519779
5547.610840	2.10092
5551.469727	0.620642
5553.358398	0.535622
5559.492676	47.3843
5579.685547	128.793
5592.721191	14.6469
5595.091309	4.37091
5599.576660	0.976884
5603.354004	0.833007
5605.448730	0.57012
5608.226074	0.122811
5615.792969	3.89852
5617.396973	0.46613
5618.519043	0.199363
5620.336914	3.20311
5653.623535	26.8386
5658.920410	0.143649
5665.510254	47.8299
5673.520508	8.52826
5678.195313	33.83
5694.004883	92.4906
5712.270996	15.4312
5719.401855	3.49149
5721.612305	0.961917
5724.700684	14.3534
5728.900879	2.87091
5730.039063	4.31592
5733.609375	4.61307
5735.193359	9.3507
5738.526855	4.65634
5740.388672	2.55406
5743.408203	2.5907
5750.175293	0.364282
5754.400879	6.28906
5764.089844	10.2635
5766.604492	0.513001
5769.079590	0.455693
5771.136719	0.131324
5773.542969	2.53734
5780.491211	4.0918
5788.532715	4.34517
5790.217773	1.22302
5791.377441	1.81283
5794.728027	0.195202
5797.458008	2.96783
5804.441406	26.304
5809.687012	20.9851
5820.881348	119.351
5830.075684	29.0217
5837.954102	37.0097
5851.167969	1.07488
5854.842773	0.160215
5857.052734	0.41416
5860.776855	4.7283
5867.848145	14.6123
5870.134277	0.27518
5872.170898	19.6446
5892.614746	269.681
5905.005859	1.96
5909.733887	41.9006
5914.714844	0.019545
5916.226074	2.76667
5918.148438	0.166117
5918.882324	0.844978
5921.565430	20.3553
5940.741699	10.2275
5946.513672	9.2477
5948.128418	0.68527
5949.821777	7.00819
5956.635742	10.0367
5961.967285	2.03513
5965.678711	10.9264
5975.569824	2.03114
5986.073242	48.8112
5991.769043	6.58913
6000.907227	21.6771
6002.724609	3.67013
6005.333984	25.1436
6020.759766	115.715
6033.809082	8.66836
6035.658203	1.03396
6038.766602	2.7055
6042.212402	68.6537
6060.443359	434.678
6077.241211	1773.36
6101.700684	89.5436
6104.883301	1.19032
6108.742188	7.87554
6110.838867	9.15903
6125.166504	91.948
6135.197754	1.59558
6137.603516	13.0457
6143.035645	2.00879
6145.731934	8.90723
6152.522949	0.68032
6154.588867	0.430218
6157.535645	3.68786
6167.005859	13.1342
6186.971680	52.427
6203.978027	47.5331
6206.992188	14.841
6217.113281	347.263
6222.866211	74.3021
6230.762207	0.0270207
6239.190918	167.012
6249.232422	5.86026
6251.098633	2.25382
6253.965332	10.3453
6257.755859	2.66177
6259.850586	4.29368
6262.978027	13.2027
6267.012207	3.51456
6269.097656	7.23448
6273.662598	22.7289
6293.806641	55.5053
6310.634277	155.126
6318.768555	245.117
6335.952148	1956.76
6353.628418	5743.57
6373.880371	80.3175
6392.951660	92.8697
6400.920898	3.39548
6403.303711	1.68786
6406.478027	4.32538
6409.351563	0.244401
6412.169922	11.2498
6414.456543	16.6029
6427.057617	61.6205
6432.828125	122.73
6437.529297	46.6858
6451.097656	519.529
6468.423340	188.158
6476.728516	44.0307
6488.365234	36.5961
6505.263672	16.4366
6512.366699	12.3056
6518.134766	18.9669
6520.498047	32.5994
6528.994141	3.97119
6536.474121	38.8771
6538.932129	45.7971
6555.384766	191.23
6565.462891	15.1366
6571.455078	1.64094
6577.077637	43.1013
6586.609863	7.06942
6592.364746	2.73913
6598.000488	2.8224
6600.854004	4.26747
6604.560059	14.7148
6606.372070	0.10729
6608.661133	2.81567
6610.397949	33.5
6628.039063	283.975
6640.265137	54.7793
6645.495117	76.7144
6647.790039	174.521
6658.002930	0.0702636
6659.800781	0.205954
6663.234863	7.13553
6667.330566	21.8014
6672.249512	0.608577
6676.644531	8.91553
6682.238281	3.11235
6684.761719	4.39535
6689.694336	3.79219
6691.579102	12.9606
6699.473633	1.2956
6701.249512	0.0855778
6704.431641	8.22293
6707.122070	5.13441
6710.415527	1.33733
6720.910645	190.335
6723.439941	156.393
6740.087891	738.225
6753.608887	18.7291
6755.360352	16.3534
6759.517090	82.4978
6774.046387	12.735
6779.767090	1.2878
6781.477051	1.53692
6786.031738	34.7424
6800.787109	1.16307
6806.607910	7.85184
6809.996582	25.3342
6814.946289	3.13955
6820.619629	12.2673
6825.732422	23.9385
6832.915527	121.466
6835.283203	164.486
6852.045898	2176.52
6869.287598	5290.24
6889.675293	115.803
6901.625488	3.3728
6915.312500	20.9594
6917.253906	0.124176
6919.746582	0.590862
6922.947754	5.08825
6924.664551	0.885042
6935.261230	25.462
6940.991211	22.0395
6944.412109	1.89506
6949.147461	10.9284
6951.554199	3.01878
6954.666504	0.622032
6958.253906	3.67645
6967.580078	292.572
6981.207031	26.0806
6983.908691	19.054
6985.662109	61.2245
6993.543945	54.4649
7010.463867	10.6471
7012.834473	0.360975
7015.048340	3.38152
7018.785645	5.37354
7021.802734	3.65735
7024.893555	2.71076
7027.185547	34.728
7037.080566	5.89906
7039.624512	24.465
7049.007324	32.6073
7051.206055	7.653
7060.819824	28.1103
7065.604980	77.4383
7078.416992	0.990222
7083.086426	20.4141
7085.331055	4.39385
7087.926270	13.5618
7097.794434	28.0174
7102.392578	1.98053
7105.528809	14.3659
7112.416016	2.93639
7118.042969	0.5691
7120.668945	1.17247
7124.322754	2.14276
7128.762207	12.0045
7130.582520	15.8809
7139.474609	15.317
7145.694336	9.47922
7148.245117	1.43079
7150.734375	2.72426
7153.932129	1.37574
7156.915039	1.38711
7160.173340	0.719275
7163.899414	2.69035
7166.384766	3.02205
7169.295898	4.05724
7171.611816	1.63628
7175.347168	0.628331
7180.406738	0.234152
7182.420898	0.508285
7183.942383	0.14953
7185.176270	0.308046
7187.359863	2.80914
7192.596680	5.49951
7195.732422	3.02538
7199.702637	1.77308
7201.474121	1.11896
7202.550781	1.69615
7204.718262	3.70774
7225.600098	42.0697
7236.995117	32.1417
7242.236328	2.87547
7246.060547	9.89332
7259.278809	31.6662
7266.613281	3.06668
7268.916992	10.6977
7277.912109	72.4307
7282.694336	4.15289
7285.441406	6.03379
7295.561523	302.5
7304.161133	0.566705
7309.451172	4.49372
7316.953125	26.2855
7328.526855	15.5517
7335.015625	21.5006
7341.746582	30.0897
7347.144531	24.4979
7349.395996	3.45523
7353.477539	13.479
7359.564941	19.5742
7363.810547	3.14844
7366.542969	3.31868
7368.865723	2.62297
7372.188965	3.28324
7382.979492	23.6951
7392.370117	32.0266
7401.282715	2.75764
7414.757324	33.6805
7418.859375	2.91996
7421.582520	1.31665
7424.785645	5.35829
7429.089844	1.98751
7431.219727	9.86243
7447.059082	52.2437
7456.808105	25.213
7461.541016	2.74405
7463.631836	0.621924
7466.166016	1.53823
7470.053711	0.840976
7472.486816	3.11656
7480.949707	6.41732
7495.097656	101.788
7505.950195	169.482
7524.082031	32.2386
7526.292480	4.19918
7529.139648	1.56318
7531.756836	22.8843
7547.486816	35.784
7550.743164	29.7554
7566.841309	45.2093
7569.380371	7.89403
7577.383301	145.468
7594.395508	90.564
7600.334473	0.148695
7608.598145	85.047
7618.126953	7.0465
7620.989746	8.29798
7623.545898	12.4602
7628.096680	0.974992
7630.301270	0.787852
7632.046387	1.61745
7633.957520	0.652843
7635.575684	0.530821
7637.368164	1.31073
7642.153320	0.461826
7645.610352	0.345731
7649.265137	5.10873
7655.725586	1.81083
7659.282227	0.534402
7660.998047	0.556388
7663.553223	0.367104
7665.120117	0.0467357
7666.720215	0.255423
7668.780273	0.0996297
7671.382324	1.7245
7682.756348	108.311
7688.695801	0.684603
7690.810059	30.0821
7706.269043	9.84129
7710.332031	9.51374
7712.861328	2.43614
7715.574707	20.8241
7727.534180	1.86443
7733.640137	5.88031
7736.257813	0.997829
7738.757813	29.0252
7750.935059	43.1437
7753.889160	88.3954
7764.922363	26.8073
7786.101563	97.8554
7805.290039	88.8092
7809.708496	44.3214
7822.610352	46.8793
7828.702148	0.147591
7830.441406	0.738655
7833.483398	1.16841
7835.204102	0.636145
7836.781250	0.516174
7838.710449	0.390922
7840.790039	2.97271
7845.962402	0.72471
7849.467773	1.58977
7855.584961	10.9019
7857.575195	2.46626
7859.307617	1.32165
7860.585449	2.16362
7862.810547	10.9358
7873.326660	1.12242
7876.708984	3.71043
7879.805176	5.16877
7882.546875	1.11178
7886.187012	0.823104
7889.333984	0.778446
7891.294922	0.640854
7892.639648	1.95904
7900.095215	6.5281
7907.770996	2.5784
7909.619629	0.365792
7911.281250	0.224597
7915.198730	1.12066
7916.332031	0.751307
7918.806152	0.758468
7922.413574	1.6
7924.427246	4.59186
7930.677246	2.23958
7934.083496	4.70386
7938.070313	5.1381
7940.715820	2.35142
7943.845703	1.5472
7952.439453	37.5602
7960.746582	8.47661
7963.431152	16.6971
7969.143066	1.62219
7974.611328	24.0925
7980.759277	19.9585
7986.989746	8.45136
7993.486816	13.4311
7995.720215	22.5261
8006.377930	14.0315
8011.561035	24.4262
8018.136719	0.636531
8021.347168	15.3409
8028.165039	18.4783
8034.141602	9.2286
8042.314941	132.386
8049.575195	12.7924
8061.487793	50.4238
8077.035645	55.3328
8084.292969	1.75829
8085.933105	7.0334
8095.671387	143.274
8098.382813	51.405
8103.717773	3.42826
8107.662598	4.97291
8112.250488	22.1366
8115.197266	47.8014
8130.102539	4.46283
8132.239746	2.47971
8135.451660	0.633757
8142.590332	9.91245
8146.472656	3.67705
8150.903320	18.4411
8155.027344	0.241673
8161.154785	31.3877
8168.350098	16.5294
8173.931641	1.59936
8176.901855	1.15652
8183.048828	6.64705
8185.432617	0.684288
8187.050293	1.4708
8190.806641	4.50377
8194.741211	7.40287
8196.893555	2.54709
8199.857422	2.59942
8205.579102	0.307525
8207.485352	0.14734
8210.717773	0.361241
8213.198242	2.91845
8217.013672	7.59395
8219.789063	2.4908
8222.174805	1.56275
8225.905273	6.50903
8228.412109	3.27468
8231.810547	14.4812
8249.406250	30.045
8251.383789	1.95362
8253.063477	28.1493
8264.772461	15.2541
8267.561523	14.9793
8274.963867	5.32898
8277.786133	9.31348
8279.966797	42.9939
8292.268555	16.7245
8297.227539	9.53554
8299.837891	22.3156
8309.816406	1.44219
8313.955078	13.4322
8320.806641	10.2751
8324.972656	2.59946
8330.019531	72.5832
8336.607422	2.89439
8339.548828	16.8198
8349.205078	9.89526
8351.735352	2.09998
8354.365234	0.358087
8356.004883	0.137154
8357.476563	0.319177
8361.577148	8.65881
8364.353516	33.9016
8377.254883	62.9621
8388.230469	4.68607
8396.486328	176.887
8407.416016	15.5569
8410.067383	3.875
8416.362305	20.5978
8423.627930	0.677729
8426.035156	6.18297
8428.998047	3.52114
8431.831055	1.69717
8434.168945	2.49621
8437.136719	1.84644
8448.378906	119.445
8464.719727	44.7714
8467.880859	25.3981
8478.747070	13.2895
8485.613281	17.779
8495.487305	10.3592
8497.679688	8.18405
8503.908203	60.4534
8512.973633	26.547
8521.424805	65.8999
8531.509766	5.23136
8533.913086	3.76546
8541.167969	36.3098
8555.556641	134.708
8564.847656	0.406439
8571.951172	77.8547
8584.489258	4.21762
8588.666016	0.438414
8592.327148	8.79949
8614.220703	37.7844
8621.781250	22.7691
8625.743164	6.42016
8629.476563	7.06724
8633.532227	12.5944
8636.092773	1.6017
8637.691406	2.32038
8644.228516	14.3716
8652.401367	180.23
8654.701172	24.4741
8657.517578	22.193
8668.106445	497.422
8680.426758	45.6803
8693.617188	13.1131
8701.175781	12.0057
8705.044922	93.0109
8734.668945	11.3773
8737.153320	0.42014
8739.731445	0.276066
8745.957031	10.834
8755.127930	114.199
8765.967773	116.006
8768.533203	87.3278
8783.572266	2777.3
8800.087891	6543.68
8815.787109	33.4269
8819.646484	99.7475
8838.286133	42.9842
8854.015625	174.398
8856.500000	192.992
8882.854492	228.665
8886.695313	0.774715
8888.279297	8.22016
8896.906250	159.703
8899.546875	106.534
8906.473633	5.26215
8909.909180	11.6184
8913.973633	2.63735
8916.229492	3.39426
8917.786133	0.742365
8920.662109	73.331
8928.923828	22.6558
8935.733398	50.41
8948.144531	1.80393
8951.135742	2.34164
8957.811523	21.9828
8965.296875	16.992
8970.489258	5.11675
8978.853516	2.37375
8981.867188	3.36843
8983.952148	14.7974
8995.177734	122.858
9007.841797	30.9275
9012.880859	20.07
9015.030273	49.9545
9025.208984	12.7118
9027.756836	3.57777
9032.782227	1.161
9035.688477	3.95663
9038.797852	5.60014
9041.691406	5.04721
9044.531250	2.08234
9047.547852	24.9869
9055.486328	64.1427
9060.669922	8.47635
9067.582031	28.0461
9073.779297	3.80589
9075.525391	0.166459
9077.587891	0.180848
9079.541992	11.0583
9090.300781	1.25901
9095.753906	12.5609
9100.278320	4.75208
9102.986328	6.4204
9106.038086	2.35439
9110.716797	17.2708
9116.923828	17.5016
9127.095703	12.733
9130.342773	14.6486
9135.132813	1.09116
9137.616211	2.56932
9143.860352	31.165
9156.442383	22.4131
9163.053711	4.12456
9165.637695	3.05783
9168.469727	1.05788
9171.583008	7.4005
9177.276367	2.34719
9180.333984	8.05606
9183.312500	21.2102
9191.524414	15.0108
9194.444336	10.0348
9197.794922	30.375
9210.129883	20.9257
9215.820313	5.61626
9217.925781	4.95496
9223.442383	30.8276
9231.583008	9.55632
9236.661133	38.1873
9246.267578	18.7167
9248.936523	2.48595
9252.870117	8.91271
9255.568359	1.28408
9258.381836	23.7766
9266.928711	7.93836
9276.480469	3.87541
9279.607422	2.34083
9282.313477	5.5607
9288.380859	19.8264
9296.302734	47.4289
9304.367188	6.23297
9309.059570	5.71347
9317.895508	8.67245
9323.455078	9.14996
9325.809570	1.65479
9338.146484	424.029
9354.190430	1234.05
9377.298828	16.5905
9383.047852	3.9776
9387.880859	1.12897
9391.052734	1.54802
9392.993164	0.251615
9394.893555	0.582114
9397.085938	1.37974
9400.569336	13.9088
9404.810547	6.07809
9408.057617	1.88894
9419.024414	31.4116
9421.764648	3.44607
9423.074219	1.92985
9426.060547	0.776177
9428.410156	53.5888
9447.447266	99.2034
9451.621094	44.4295
9465.690430	110.777
9477.428711	5.66363
9480.643555	5.15269
9482.509766	1.32035
9484.736328	4.6131
9487.454102	8.33225
9490.495117	7.08768
9493.218750	21.817
9505.778320	106.443
9516.488281	28.6282
9523.622070	6.08087
9540.152344	55.0144
9548.972656	3.08553
9552.208984	4.74696
9554.483398	1.67107
9559.614258	11.9147
9564.100586	8.38639
9566.231445	0.767706
9568.363281	3.02979
9571.071289	3.79647
9574.543945	1.28177
9576.662109	1.45988
9578.542969	0.862315
9582.159180	38.1953
9587.481445	2.66346
9591.907227	30.4216
9594.559570	39.4723
9610.869141	89.4168
9618.140625	0.606044
9620.781250	3.37508
9628.980469	26.0909
9640.273438	9.02394
9643.576172	0.609949
9648.559570	21.1506
9658.500977	0.601344
9663.936523	6.6014
9667.765625	11.2331
9670.938477	43.1305
9683.384766	77.438
9687.476563	25.2237
9696.833984	9.15555
9700.351563	2.1433
9705.008789	19.0537
9707.534180	0.707893
9709.522461	3.94305
9712.435547	14.3579
9719.029297	1.40514
9723.399414	48.2385
9735.525391	31.6631
9737.615234	13.3577
9748.384766	15.3398
9750.497070	3.86459
9756.232422	10.978
9759.622070	2.22792
9765.510742	23.1653
9772.932617	2.37693
9776.478516	2.58074
9783.067383	98.0928
9793.080078	31.5912
9807.895508	17.5311
9815.261719	18.9792
9819.799805	1.72846
9823.030273	1.98032
9826.821289	3.01992
9835.076172	22.9244
9838.062500	12.922
9840.417969	15.9278
9844.862305	0.990275
9850.996094	26.3891
9855.999023	9.78266
9859.431641	10.328
9863.725586	7.17986
9867.069336	3.05381
9870.190430	31.0148
9891.007813	33.8038
9894.855469	3.74975
9898.637695	3.21404
9903.492188	8.09191
9906.315430	13.3322
9909.424805	3.55896
9912.708008	5.87578
9915.481445	1.30753
9918.643555	1.67608
9921.626953	3.55001
9927.017578	3.9659
9929.686523	4.25537
9933.035156	2.28129
9936.121094	4.93778
9943.982422	22.5072
9946.618164	28.8638
9956.091797	0.547002
9962.329102	63.2938
9969.628906	13.0902
9974.710938	5.14364
9985.510742	28.0499
9989.670898	0.0778543
9993.012695	46.8124
9995.605469	1.46439
9997.023438	1.12339
9999.633789	7.19744
10002.904297	3.39063
10005.616211	21.2965
10011.583984	3.1794
10016.659180	29.4392
10024.508789	19.7541
10031.442383	11.1875
10036.025391	1.77981
10039.728516	4.30821
10043.460938	3.32996
10049.742188	10.0867
10051.256836	10.0696
10057.524414	31.8837
10066.199219	11.3089
10067.576172	5.73832
10073.436523	15.6508
10079.348633	0.33908
10087.475586	36.5214
10090.100586	5.90883
10094.114258	0.0448399
10100.637695	94.5406
10105.604492	4.30074
10109.204102	19.3182
10116.193359	374.794
10131.622070	176.924
10144.596680	29.0207
10147.598633	6.89817
10154.553711	35.8795
10157.784180	18.1594
10164.014648	0.542179
10169.994141	15.9169
10172.985352	14.7366
10175.551758	60.0313
10185.194336	12.6269
10188.080078	1.03939
10194.745117	12.7339
10196.998047	4.68377
10200.636719	26.9712
10207.570313	17.9363
10213.732422	26.2031
10219.166016	4.89237
10223.139648	1.1394
10230.065430	67.1773
10236.887695	21.2579
10246.599609	22.5796
10253.166992	34.2162
10255.553711	7.65212
10256.879883	7.99022
10260.769531	89.1205
10273.544922	328.189
10283.617188	3.8897
10291.516602	160.919
10296.391602	18.9771
10302.245117	12.2283
10304.411133	6.71041
10309.027344	15.356
10313.415039	12.0313
10316.458984	8.18141
10321.059570	61.5899
10327.104492	7.6163
10332.145508	76.3506
10336.818359	8.33109
10339.883789	7.35622
10343.027344	53.9858
10350.828125	89.1888
10357.811523	58.1179
10364.564453	67.9434
10381.916016	30.1337
10392.458008	8.80216
10402.917969	32.2977
10406.807617	11.7414
10410.325195	4.22241
10418.913086	432.885
10435.728516	2531.1
10451.702148	5879.39
10465.865234	17.1595
10468.685547	74.3836
10478.670898	0.334661
10482.753906	22.9318
10485.152344	50.7532
10499.137695	66.938
10509.413086	8.13478
10512.178711	2.25975
10515.943359	2.48901
10525.532227	18.3225
10529.686523	5.66094
10533.184570	6.43436
10536.777344	2.22456
10539.952148	22.6381
10546.772461	92.8738
10553.059570	41.534
10561.206055	62.5904
10569.781250	22.6687
10579.787109	8.85183
10584.847656	35.5145
10593.337891	66.6613
10601.403320	10.3209
10603.791992	4.31788
10608.017578	1.1061
10611.797852	25.2099
10616.389648	0.541471
10618.421875	2.76836
10621.375977	10.2402
10628.433594	107.587
10646.216797	15.1937
10648.704102	19.2841
10659.936523	25.1735
10669.744141	6.76645
10672.433594	0.655592
10677.167969	9.49459
10680.391602	2.11827
10684.023438	16.6179
10689.008789	2.86951
10692.065430	8.41807
10700.291016	0.694375
10702.943359	1.67614
10705.768555	5.81378
10707.789063	2.61511
10709.153320	2.2587
10712.382813	22.333
10719.784180	3.73284
10723.386719	26.4445
10729.469727	6.11218
10731.984375	5.88664
10737.010742	8.39441
10743.052734	15.283
10750.090820	26.0814
10752.729492	11.0866
10756.637695	2.93513
10761.780273	7.83675
10764.850586	9.14783
10768.143555	4.04206
10771.450195	4.73364
10774.338867	14.8405
10780.399414	0.207053
10791.307617	45.242
10798.203125	3.0146
10801.208984	6.115
10804.006836	4.15603
10807.687500	1.37075
10811.888672	5.14688
10815.710938	5.35766
10819.651367	6.57725
10821.420898	5.53099
10826.797852	6.76337
10829.943359	12.174
10832.552734	14.2964
10842.226563	52.8887
10858.844727	30.6936
10865.080078	4.19789
10868.742188	3.2316
10873.270508	2.69393
10876.243164	2.0314
10877.906250	1.64106
10880.816406	31.0378
10892.950195	19.1275
10897.966797	2.24834
10899.345703	0.114847
10900.907227	2.37681
10904.612305	2.50774
10917.488281	44.7156
10934.643555	19.922
10944.172852	4.27869
10951.949219	1.98343
10954.776367	2.15607
10956.463867	1.19119
10958.666016	24.3458
10966.269531	18.4976
10969.200195	6.27005
10971.930664	2.78306
10976.986328	20.7794
10994.875000	8.57389
10998.960938	12.1406
11011.109375	15.0218
11015.337891	3.58632
11018.716797	5.26777
11022.228516	5.62234
11025.721680	1.9056
11031.688477	14.9681
11038.041992	1.64272
11040.562500	16.406
11048.503906	6.71117
11056.022461	9.15524
11063.730469	3.77563
11066.543945	1.11558
11070.296875	0.579486
11074.333008	1.03868
11077.810547	0.861707
11081.133789	6.79171
11088.611328	9.00034
11093.281250	1.19197
11096.362305	1.69429
11099.750000	0.500916
11103.207031	0.22397
11106.333984	0.10563
11108.678711	0.144132
11110.431641	0.0432786
11112.854492	0.0211202
11115.518555	0.810598
11120.521484	0.497915
11123.435547	0.603968
11127.000977	0.289559
11133.721680	3.72947
11144.988281	8.28222
11150.821289	4.04568
11153.421875	1.49721
11155.248047	0.775712
11157.741211	2.98991
11160.994141	17.1856
11180.453125	19.0532
11185.440430	0.783771
11187.772461	2.99297
11191.406250	31.7719
11203.191406	17.6266
11214.843750	8.9149
11224.399414	0.991195
11233.709961	12.2511
11241.121094	0.532318
11248.169922	3.64124
11260.756836	1.53396
11265.680664	0.630266
11268.975586	0.560934
11272.402344	0.311657
11275.660156	0.0479114
11287.818359	1.44672
11292.418945	0.690268
11295.631836	0.445216
11299.295898	0.250503
11301.304688	0.0185492
11308.622070	14.0815
11354.468750	0.164026
11357.367188	0.256463
11359.439453	0.132382
11361.257813	0.111265
11363.820313	0.0596402
11365.736328	0.140541
11373.400391	0.477265
11379.564453	1.06448
11383.302734	0.518682
11386.918945	0.268424
11390.831055	0.537385
11407.826172	17.3866
11422.012695	1.65726
11425.735352	6.18884
11432.525391	5.54991
11434.844727	2.79231
11439.564453	1.32456
11444.499023	1.56583
11453.406250	0.714642
11464.259766	0.744404
11468.025391	0.409984
11469.788086	0.312502
11473.002930	0.550853
11476.344727	0.12016
11481.004883	2.01508
11496.316406	1.33175
11506.470703	1.72261
11509.095703	0.154234
11514.457031	4.00477
11536.437500	4.69585
11553.131836	3.06188
11558.799805	2.82699
11563.985352	0.806077
11567.028320	0.504069
11571.232422	0.34787
11574.316406	0.0481133
11584.655273	91.2015
11599.515625	0.00201102
11601.146484	0.0143242
11603.611328	11.4469
11609.173828	3.96289
11617.240234	23.8329
11621.935547	0.00093379
11623.541992	1.03233e-007
11624.778320	1.03233e-007
11626.191406	1.32728e-007
11627.250977	4.42428e-008
11627.870117	5.89904e-008
11628.867188	0.0143242
11632.793945	1.61671
11637.660156	0.00093379
11639.090820	7.3738e-008
11640.328125	1.32728e-007
11642.095703	1.62224e-007
11644.180664	6.55829
11648.726563	0.842434
11652.728516	6.94394
11654.828125	7.3738e-008
11656.596680	2.21214e-007
11658.808594	8.84855e-008
11658.100586	2.94952e-008
11660.666016	2.21214e-007
11663.125977	7.07509
11667.761719	1.64611
11672.435547	9.54916
11675.169922	0.000433027
11676.949219	1.32728e-007
11678.365234	1.03233e-007
11681.021484	7.3738e-008
11679.782227	1.32728e-007
11682.261719	1.32728e-007
11683.235352	2.94952e-008
11684.475586	1.76971e-007
11685.892578	5.89904e-008
11686.600586	5.89904e-008
11688.017578	1.76971e-007
11689.346680	4.42428e-008
11690.258789	0.0143242
11694.030273	18.328
11701.297852	6.91568
11707.000977	9.79008
11709.450195	0.00314847
11756.359375	5.32164
11759.552734	4.95519
