TITLE "<<180217_CKF_WJZ_RM7788_H10_PM_8324_ThermoSIN_MSMS1kVPos_Sen_MetaON_AlkTrx_X_Cal_TIS_100Da_75Da_10K_7000hv>> 4700 MS/MS Precursor 8324 Spec #1=>AdvBC(32,0.5,0.0)=>NR(2.00)=>SM31=>CT[BP = 5188.7, 5252]" CENTROID
TYPE MASSSPEC
626.000427	2.84429
627.715454	0.253786
628.941589	0.0256502
629.834106	0.000469686
630.174133	8.71486e-006
630.688782	1.10991e-005
631.258484	1.99398e-006
633.839050	0.00994558
635.310608	0.340543
636.775330	0.640916
637.615784	0.360446
638.422424	0.2344
639.202759	0.0773582
639.818176	0.00810098
640.334961	0.00653609
641.626160	0.355369
643.003723	0.245534
643.385986	0.507857
643.910034	0.683284
644.525818	0.0454249
644.889587	0.152579
645.522461	0.14177
646.156799	0.00807534
646.715210	0.000264017
647.033386	1.47985e-006
647.363037	3.22877e-007
648.424744	4.48374
653.615845	2.26984
654.351318	0.972613
654.882080	2.50153
655.736328	0.156268
656.298950	0.773811
656.915833	0.15207
657.303589	1.70236
661.243164	10.5782
662.817139	1.74648
663.739136	0.634851
664.559998	0.448266
665.366333	0.150369
667.756409	25.4359
671.680786	16.2047
674.439453	5.58954
676.648865	1.65093
684.418152	0.258939
684.869202	0.0815726
685.097412	0.00847846
685.989441	0.0629673
686.260315	0.052523
686.492981	0.0583615
687.587891	0.636172
688.457336	0.317936
689.280457	0.182248
689.749146	1.94724
690.832397	0.333549
691.720520	16.6516
693.364319	3.60387
693.881531	0.545165
695.378235	1.28318
697.557678	2.59944
698.410889	0.8113
699.324341	0.3317
700.270752	0.118366
702.879761	1.5753
705.264038	0.286593
706.737061	0.633321
707.621521	0.362482
708.473938	0.238186
709.318237	0.0839034
711.955078	0.204076
712.781067	0.197472
713.365540	0.162854
713.748108	0.0574055
714.394653	0.0823885
714.862305	0.0618952
715.224792	0.00546209
723.859924	2.94616
725.463074	0.678688
726.359375	0.293406
727.165405	0.28398
728.224731	2.47478
732.253174	4.91476
733.913513	0.37233
734.447144	0.602454
735.314148	2.61156
737.068298	0.0989331
737.638794	0.250759
738.654053	0.92934
739.209412	1.13802
740.990234	2.64996
742.774414	0.447041
743.999695	0.0275319
745.352234	0.0148592
745.831543	0.086182
746.232605	0.0735302
746.471436	0.0090281
746.962219	0.00704289
747.381042	0.0469156
747.684570	0.0427574
747.900269	0.000531673
748.200623	0.0034233
748.840881	0.234933
749.633362	0.393125
750.100891	0.252617
750.578918	0.13475
751.212830	0.108617
751.640198	0.0539121
752.391296	0.639337
754.061157	0.178263
754.793640	0.525223
755.251526	0.54205
755.649475	0.725955
756.361816	0.0786517
757.345825	2.19863
759.080505	1.00807
764.049561	6.69723
767.783813	1.44336
768.364746	1.76126
771.055237	1.32084
775.431030	2.1833
776.531250	0.0420978
777.497742	0.0117904
783.015686	2.79847
783.551147	0.0749745
784.603638	8.08837
789.413025	3.24586
798.052185	24.708
800.433105	0.552295
800.943115	0.747377
802.079529	0.122201
802.508850	0.318501
806.569763	1.7416
807.562134	0.782631
807.795715	0.275897
808.528198	0.529663
809.500061	0.455846
810.273560	0.375422
811.791443	0.265433
812.458923	0.117191
812.852600	0.0558255
813.541992	0.0810732
814.075623	0.0716705
814.434570	0.0940064
815.705750	0.729683
816.651489	0.265428
818.347717	2.4907
820.615295	2.45325
822.204163	0.0992216
823.019836	4.7898e-008
823.154480	9.57959e-008
823.333984	9.57959e-008
823.513489	9.57959e-008
823.737915	1.43694e-007
824.321594	4.7898e-007
825.040283	2.87388e-007
825.714294	4.31082e-007
826.523499	4.31082e-007
827.220642	3.11337e-007
827.603027	9.57959e-008
828.075562	4.07133e-007
829.116394	0.0450527
830.116882	0.212989
830.756531	0.157618
831.166016	0.0567519
831.858582	0.0884374
832.368835	0.0588106
832.728333	0.00524001
833.047668	7.50807e-005
833.344116	2.72214e-007
833.625671	6.43679e-008
833.905273	0.0031835
834.700867	0.118982
835.538025	0.334569
836.023254	0.203533
836.526978	0.049163
837.247803	0.0417225
837.932190	0.287878
839.276367	0.222174
839.798157	0.785264
840.389099	0.723467
841.033142	0.0283154
841.547424	0.166786
842.233582	0.162878
842.970337	0.00809336
843.608398	0.000268524
843.970337	1.37456e-006
844.348328	1.95185e-007
844.654236	1.43817e-007
844.859009	7.18389e-008
845.018188	9.57961e-008
845.154602	4.7898e-008
845.268311	7.18469e-008
845.427490	9.57959e-008
845.677612	1.67643e-007
845.996094	1.67643e-007
846.269104	1.19745e-007
846.601013	0.0031835
847.402710	0.118982
848.246216	0.334569
848.735168	0.20354
849.244934	0.0463033
849.970337	0.0385338
850.340576	0.0110758
850.642639	0.000141634
851.049744	0.235737
851.895447	0.396131
852.389954	0.256417
852.905273	0.134065
853.578918	0.10534
854.032410	0.0517299
854.659729	0.272504
856.235718	0.680799
857.214844	0.40551
858.168701	0.233091
859.036804	0.0659837
859.767151	0.00817063
860.411621	0.000268524
860.777161	1.37456e-006
861.158936	1.95185e-007
861.467896	1.43817e-007
861.674744	7.18389e-008
861.835449	9.57961e-008
861.973267	4.7898e-008
862.134033	1.19745e-007
862.432617	1.91592e-007
862.662354	4.7898e-008
862.754272	4.7898e-008
862.869141	7.18469e-008
862.984009	4.7898e-008
863.075928	4.7898e-008
863.535583	4.31082e-007
864.133362	1.91592e-007
864.593262	2.87388e-007
865.053345	1.91592e-007
865.743713	5.26878e-007
866.756714	5.26878e-007
867.424683	1.67643e-007
867.701172	1.19745e-007
868.647583	1.37741e-006
869.637756	7.18237e-008
869.776184	7.18469e-008
869.937683	9.57959e-008
870.122253	9.57959e-008
870.353027	1.43694e-007
870.953125	4.7898e-007
871.692078	2.87388e-007
872.385071	4.31082e-007
873.217041	4.31082e-007
873.933777	3.11337e-007
874.326965	9.57959e-008
874.812744	4.07133e-007
875.900574	7.18469e-007
876.757385	1.67643e-007
877.012207	9.57959e-008
877.267029	1.67643e-007
877.591431	1.67643e-007
878.402771	6.70572e-007
879.237610	1.91592e-007
879.655212	2.3949e-007
880.119263	2.3949e-007
880.537109	1.91592e-007
880.769226	4.7898e-008
880.885315	7.18469e-008
881.001404	4.7898e-008
881.094299	4.7898e-008
881.883972	7.66367e-007
882.790283	1.67643e-007
885.418762	2.53859e-006
887.934631	4.7898e-008
888.144470	1.67643e-007
888.517517	2.15541e-007
888.774048	4.7898e-008
888.960632	1.43694e-007
889.217224	1.19745e-007
889.380554	4.7898e-008
889.567200	1.43694e-007
889.987244	2.87388e-007
890.454102	1.91592e-007
890.734253	9.57959e-008
890.874390	4.7898e-008
891.575012	6.70572e-007
892.392822	1.67643e-007
892.649902	9.57959e-008
892.907043	1.67643e-007
893.234375	1.67643e-007
893.678711	2.87388e-007
894.146484	1.91592e-007
894.567627	2.3949e-007
895.035706	2.3949e-007
895.457031	1.91592e-007
895.691162	4.7898e-008
895.808289	7.18469e-008
895.925354	4.7898e-008
896.019043	4.7898e-008
896.815430	7.66367e-007
897.729431	1.67643e-007
900.286377	2.4428e-006
903.434814	7.66367e-007
904.305115	1.19745e-007
904.540405	1.19745e-007
904.822815	1.67643e-007
905.152344	1.67643e-007
905.411255	9.57959e-008
905.670227	1.67643e-007
905.999939	1.67643e-007
906.447449	2.87388e-007
907.366333	6.46623e-007
908.167847	1.67643e-007
908.427246	9.57959e-008
908.686646	1.67643e-007
909.394348	5.50827e-007
910.125916	1.91592e-007
910.362000	4.7898e-008
910.456421	4.7898e-008
910.574463	7.18469e-008
910.692505	4.7898e-008
910.786987	4.7898e-008
911.259277	4.31082e-007
911.873474	1.91592e-007
912.289063	0.00636665
913.121765	0.235728
913.998047	0.396131
914.510437	0.256417
915.044373	0.133333
915.737366	0.111003
916.397827	0.401491
916.946777	0.980011
917.565918	1.34844
918.285217	0.0813443
918.745422	0.301783
919.505981	0.285261
922.443298	0.338937
924.534668	0.11428
925.386597	0.203855
925.902893	0.125935
926.430481	0.0742461
927.141968	0.0492269
928.215759	1.1004
940.211243	1.00075
943.154480	2.1097
945.440552	2.30151
947.145447	1.60389
947.964661	0.370205
949.023438	4.87254
951.269348	3.08211
953.560547	5.50815
964.197876	5.76787
972.782410	7.80221
973.648438	1.19198
974.187195	0.933091
974.656189	0.935714
975.388245	3.97607
981.574219	11.5943
984.162903	0.886065
986.539673	0.234656
987.082581	0.123106
987.762817	0.0714433
988.387573	0.0943601
990.220398	7.50655
1001.402466	7.15443
1005.954285	2.00501
1006.545044	1.19746
1007.726074	0.107478
1009.818298	2.08332
1012.883667	1.97234
1016.959839	4.399
1023.622009	1.25404
1025.026001	2.20321
1026.075928	0.985956
1027.256836	0.820977
1028.216919	4.842
1029.730835	4.22198
1030.599121	2.18729
1031.729370	0.391312
1033.675171	2.75337
1038.174927	1.64836
1039.569946	0.201712
1040.117188	0.12655
1040.674561	0.0768505
1041.429077	0.0454568
1041.879761	0.0229828
1042.704834	0.353087
1043.611328	0.623781
1044.160400	0.372794
1044.719238	0.222298
1045.478149	0.151498
1045.950439	0.0809898
1046.315796	0.0201075
1047.227051	0.0443263
1047.689697	0.0337917
1047.966309	0.00716224
1048.323242	0.011
1049.034912	0.0265869
1049.410278	0.0231053
1050.655640	0.876684
1058.962280	0.791618
1060.740967	0.617015
1062.039063	1.58919
1063.446045	1.88603
1064.001709	3.81128
1066.218140	7.99139
1068.192749	13.1399
1096.637817	3.66119
1098.524170	1.39927
1100.063965	1.40787
1100.963989	0.722932
1101.365356	0.0976351
1102.200195	0.544971
1102.803711	0.11347
1103.345581	0.0752234
1106.813721	0.843418
1110.144287	0.121674
1111.041382	0.288703
1111.608643	0.192519
1112.169556	0.0963875
1112.950928	0.0388216
1113.278809	0.00656419
1113.917847	0.205801
1114.813599	0.413152
1115.381104	0.249691
1115.957275	0.152221
1116.743042	0.0979791
1117.410400	0.289906
1121.084839	2.83791
1126.658569	1.47941
1128.193115	0.261939
1128.982056	0.124351
1129.455444	0.0383516
1130.259521	0.0952669
1130.860352	0.0521838
1131.885864	0.606075
1146.021484	0.840019
1154.248047	0.89693
1155.792480	0.699303
1156.895386	0.491164
1157.988770	0.341613
1159.594971	5.84413
1164.541870	0.271336
1166.069214	2.57794
1167.137817	1.41008
1168.111572	6.38316
1171.103638	1.52023
1172.671387	3.41895
1173.654907	0.810397
1174.809082	2.00651
1176.435913	1.08027e-008
1176.570313	1.6204e-008
1176.758423	2.16054e-008
1176.973389	2.16054e-008
1177.215332	2.70067e-008
1177.403564	1.08027e-008
1177.941284	9.72243e-008
1178.479126	1.08027e-008
1178.613647	1.6204e-008
1178.802002	2.16054e-008
1179.044067	2.70067e-008
1179.743652	1.13428e-007
1180.389648	1.6204e-008
1180.524292	1.08027e-008
1180.820435	4.86121e-008
1181.143555	1.6204e-008
1181.412842	3.78094e-008
1181.655273	1.08027e-008
1181.816772	2.16054e-008
1182.032349	2.16054e-008
1182.355591	4.32108e-008
1182.732788	3.24081e-008
1183.433594	1.08027e-007
1184.215332	4.86121e-008
1184.511963	1.08027e-008
1184.835571	5.40135e-008
1185.159302	1.08027e-008
1185.941650	1.45836e-007
1186.724243	1.08027e-008
1186.967285	3.78094e-008
1187.264160	2.16054e-008
1187.480225	2.16054e-008
1187.696167	2.16054e-008
1187.912231	2.16054e-008
1188.128296	2.16054e-008
1188.344360	2.16054e-008
1188.560547	2.16054e-008
1188.776611	2.16054e-008
1188.992798	2.16054e-008
1189.208862	2.16054e-008
1189.425049	2.16054e-008
1189.641235	2.16054e-008
1189.857544	2.16054e-008
1190.019653	1.08027e-008
1190.127808	1.08027e-008
1190.317017	2.70067e-008
1191.074097	1.24231e-007
1191.831421	2.70067e-008
1192.426636	9.18229e-008
1193.671631	1.56639e-007
1194.510986	1.08027e-008
1194.754761	3.78094e-008
1195.052612	2.16054e-008
1195.269409	2.16054e-008
1195.486084	2.16054e-008
1195.702881	2.16054e-008
1195.919678	2.16054e-008
1196.136475	2.16054e-008
1196.353271	2.16054e-008
1196.570068	2.16054e-008
1196.786987	2.16054e-008
1197.003784	2.16054e-008
1197.220703	2.16054e-008
1197.437622	2.16054e-008
1197.654541	2.16054e-008
1197.871460	2.16054e-008
1198.088501	2.16054e-008
1198.305420	2.16054e-008
1198.522461	2.16054e-008
1198.739502	2.16054e-008
1198.956543	2.16054e-008
1199.255005	3.78094e-008
1199.987793	1.08027e-007
1200.747925	4.32108e-008
1201.046631	1.6204e-008
1201.209595	1.6204e-008
1201.399780	2.16054e-008
1201.725708	4.32108e-008
1201.997314	1.08027e-008
1202.160400	2.16054e-008
1202.486450	4.32108e-008
1202.758179	1.08027e-008
1203.165894	7.02175e-008
1204.117310	1.1883e-007
1204.933228	4.32108e-008
1205.368530	4.32108e-008
1206.130371	1.08027e-007
1206.892578	4.32108e-008
1207.763794	1.29632e-007
1208.553711	2.70067e-008
1208.771729	1.6204e-008
1209.125854	5.40135e-008
1210.161621	1.51238e-007
1211.497681	1.13428e-007
1212.207031	2.70067e-008
1212.943848	1.1883e-007
1213.806030	0.00318323
1214.767944	0.117864
1215.780273	0.198065
1216.372070	0.128208
1216.988770	0.0666662
1217.795654	0.0534747
1218.310547	0.0285579
1218.695679	0.00095983
1219.148682	4.93536e-005
1219.361328	9.39837e-008
1219.695801	1.50154e-008
1219.858643	1.61924e-008
1220.022949	1.6204e-008
1220.159790	1.08027e-008
1220.488281	5.40135e-008
1220.816895	1.08027e-008
1221.446777	1.13428e-007
1222.104126	1.6204e-008
1222.241089	1.08027e-008
1222.542603	4.86121e-008
1222.871338	1.6204e-008
1223.227661	2.16054e-008
1223.035767	1.6204e-008
1223.447021	2.16054e-008
1223.693726	2.70067e-008
1223.885620	1.08027e-008
1224.159790	4.32108e-008
1224.872803	9.72243e-008
1225.421387	1.08027e-008
1225.558594	1.6204e-008
1225.750610	2.16054e-008
1226.134766	5.40135e-008
1226.765991	7.02175e-008
1227.177856	1.08027e-008
1227.507324	5.40135e-008
1228.413574	1.24231e-007
1229.100342	1.08027e-008
1229.210205	1.08027e-008
1229.320190	1.08027e-008
1229.430054	1.08027e-008
1229.677368	3.78094e-008
1229.924805	1.08027e-008
1250.642334	10.2094
1260.051025	0.230828
1262.029907	2.00937
1263.588745	1.30571
1264.662720	0.673162
1265.858398	0.593557
1267.349731	1.03503
1284.392334	18.3476
1291.484619	26.408
1294.272339	0.963548
1294.747681	0.684687
1295.600098	1.58326
1296.757935	1.43965
1297.468018	0.519339
1298.302490	11.5096
1303.610107	2.34573
1304.682007	0.844382
1305.609985	1.10746
1306.849487	1.22705
1308.214478	0.209777
1312.991699	28.456
1319.974976	0.0041312
1322.771484	6.99203
1323.961548	2.96334
1324.802246	5.66195
1327.527954	1.60121
1328.149780	1.09339
1328.973022	0.500513
1330.223633	0.640504
1330.953125	29.5051
1337.904907	8.85031
1340.532471	91.15
1349.793579	28.5328
1353.707642	0.250284
1354.803467	0.547725
1355.937988	0.638459
1357.099854	0.223956
1358.187866	0.101147
1360.190796	0.785888
1361.609741	0.659856
1362.254272	0.404969
1362.885742	0.183076
1363.771118	0.154721
1364.244019	0.0930161
1364.751709	0.0070087
1370.804199	16.5735
1391.593994	0.329325
1393.722290	0.690002
1394.877319	0.41342
1396.256958	0.556633
1397.245361	0.26339
1397.946045	0.163295
1398.605469	0.213432
1399.343750	0.0570006
1400.129150	0.0536777
1400.733398	0.0295995
1405.520264	0.866368
1409.255371	4.53147
1413.533936	1.59315
1416.654297	0.506668
1419.094727	0.643967
1420.370972	0.390591
1421.527100	0.276856
1422.166992	0.0943487
1422.795166	0.0813872
1423.703125	0.0545796
1424.266235	0.0286528
1425.097778	0.0119361
1428.801514	0.534774
1431.540039	0.175561
1433.052490	0.473519
1434.090332	0.56365
1435.550293	2.33143
1437.083252	0.621072
1437.841431	0.647333
1438.468994	0.291828
1439.190308	0.115688
1440.549683	0.348338
1442.217529	0.736186
1448.692505	1.66874
1451.781494	3.99342
1454.490601	1.85464
1455.059326	2.323
1456.561890	0.107937
1458.720093	2.36708
1463.170654	0.698475
1464.623169	0.548509
1465.638550	0.45782
1466.860718	0.134122
1469.374634	3.11616
1471.221069	0.281938
1471.885986	0.482436
1472.348877	0.5201
1473.361816	0.091024
1475.128784	3.06945
1478.133667	2.3504
1479.474365	0.0371663
1480.800049	0.225806
1482.720459	0.0256638
1484.097168	0.000468766
1484.618286	8.71955e-006
1485.414673	1.10978e-005
1486.456055	0.0183863
1488.657837	0.683664
1490.905396	1.35938
1492.117188	0.846303
1493.410400	0.467705
1494.596313	0.169046
1495.575684	0.0184032
1496.437622	0.000510294
1496.927368	3.86303e-006
1497.428833	3.52165e-007
1511.857300	0.00768834
1513.953613	0.340579
1516.224731	0.641426
1517.527222	0.360799
1518.777222	0.23486
1519.986206	0.0773751
1520.939087	0.00804385
1521.800049	0.00025627
1523.054199	0.0158982
1527.667480	0.13586
1529.931641	7.37664e-007
1533.724243	0.0819767
1538.915405	1.55309
1541.460571	0.0980915
1542.310425	0.443068
1543.096802	0.929199
1543.741333	3.00642
1546.538574	4.2885
1550.274780	6.20496
1555.786865	1.31299
1556.380859	1.82665
1557.918579	0.0909665
1560.636841	2.24978
1564.167725	0.130315
1567.288086	0.00322943
1568.654907	2.19732e-005
1570.019165	2.78753e-005
1571.749390	6.36034e-006
1583.763672	0.0031794
1584.864258	0.117642
1586.022461	0.196932
1586.705078	0.127334
1587.405518	0.0668448
1588.327637	0.0537658
1588.920532	0.0285013
1589.371338	0.00113632
1589.797119	3.88109e-005
1590.153564	2.62035e-007
1591.398560	0.968979
1594.212891	15.2341
1598.045654	1.88379
1602.697144	1.87629
1603.469360	0.243658
1604.068237	0.58896
1607.194214	9.1306
1610.290771	5.86082
1613.125122	0.537348
1615.060425	2.78457
1619.322266	11.1987
1622.552002	8.525
1625.284424	1.43011
1629.995239	1.67543
1631.367432	0.214396
1632.060425	0.160051
1632.769653	0.0691111
1633.695557	0.046997
1634.266602	0.036115
1635.205566	0.0633397
1635.836792	0.579081
1637.832275	1.71807
1639.204346	0.636346
1640.368042	0.725233
1641.657227	0.805727
1647.867065	4.65788
1654.496216	34.7625
1662.775146	2.36886
1664.025635	1.24433
1665.340942	7.67613
1671.800903	0.205737
1672.768799	0.236569
1674.338135	1.08835
1675.019165	0.356869
1675.889038	0.607185
1677.149292	0.693071
1678.271484	2.46805
1682.667114	1.44617
1686.874268	5.75505
1689.860596	5.30969
1690.836060	0.180964
1691.476440	1.67159
1693.296143	2.32495
1694.580933	1.47068
1695.740234	1.80148
1698.446167	2.18261
1701.165894	15.8061
1705.463135	0.484444
1707.007080	13.5142
1707.736450	9.42786
1709.272827	4.85786
1710.162109	3.25503
1712.515137	14.6695
1716.901978	1.66821
1721.883545	4.85602
1724.030884	0.207235
1724.768555	0.499763
1725.303223	0.41982
1726.365723	0.107463
1728.147339	0.513692
1732.713135	0.365715
1734.435547	0.621859
1735.359375	0.477979
1735.957031	0.172687
1736.972656	0.329503
1738.108154	0.443919
1738.819458	0.257897
1739.558716	0.127983
1740.518921	0.110123
1741.195679	0.0584177
1741.666016	0.00254423
1745.067627	0.128645
1747.540527	0.211796
1748.471924	0.15747
1749.071411	0.0565028
1750.077026	0.0881688
1750.821899	0.0575239
1753.620117	1.92821
1764.620972	0.043687
1765.214478	0.0340175
1765.613037	0.00685506
1765.954834	0.0139139
1766.966919	0.0245137
1767.464111	0.0188699
1768.408569	0.561401
1780.564941	0.034274
1781.855713	0.214949
1782.800415	0.157775
1783.408936	0.0575419
1784.448486	0.071465
1785.174561	0.0654874
1785.843384	0.213948
1789.477417	1.06547
1790.658447	1.45172
1792.242920	0.0729566
1794.708862	6.9128
1797.753540	0.183501
1799.305420	1.65986
1800.664551	0.778235
1802.099731	0.482948
1803.360474	0.155239
1804.189209	0.034011
1805.191040	0.247506
1806.268799	0.227368
1806.925781	0.734509
1808.712769	0.763251
1809.925781	0.496991
1811.395996	0.322655
1812.491089	0.0437855
1813.493408	0.00495499
1821.634766	0.0847021
1824.661255	1.43322
1826.102661	0.53182
1827.073364	2.40055
1828.590942	0.850331
1829.959595	1.33637
1831.171631	0.0941826
1832.607300	0.818923
1833.973022	0.496181
1835.513672	0.326182
1836.933105	0.431867
1837.670410	0.245011
1838.391479	0.165899
1839.422974	0.097168
1840.099365	0.0531913
1843.947510	9.03553
1849.079224	1.04133
1850.394165	1.62747
1851.491089	0.646899
1852.691895	0.642519
1855.477295	14.0119
1858.881104	11.65
1859.792480	3.17543
1863.570801	2.40021
1864.826172	0.896221
1867.691040	6.84963
1870.962402	0.528666
1874.887451	0.867576
1876.724731	1.04614
1878.022339	0.774378
1879.467529	0.433979
1880.485962	0.533804
1881.881226	0.294035
1882.663574	0.686589
1884.391113	0.0633623
1887.611206	3.82747
1891.885254	2.85637
1893.786499	33.7401
1898.144897	0.636613
1902.124756	5.68447
1904.265381	0.940991
1904.799927	0.468176
1906.652466	1.7322
1907.971069	2.28246
1909.537354	0.506699
1910.905518	0.964031
1912.010254	0.207543
1912.775024	0.147961
1913.542969	0.298569
1915.061279	2.14972
1916.740845	0.343624
1917.158691	0.221137
1918.394897	0.219636
1921.198853	2.13775
1923.130005	13.8052
1928.682739	10.0389
1933.065186	3.35318
1934.482910	3.59052
1935.734497	6.10028
1941.174194	8.96983
1944.585327	4.65414
1945.249634	0.903656
1947.262695	0.918254
1948.461548	0.566259
1949.513306	1.31928
1950.474121	1.59761
1951.274902	0.815092
1952.169189	3.21598
1953.343628	12.9273
1958.134766	15.438
1969.880493	10.6675
1971.271362	1.27973
1972.100952	0.389592
1972.877075	0.734487
1973.789673	1.75231
1976.455566	0.225415
1977.891846	3.63998
1982.164551	1.60898
1983.352173	0.798869
1985.056152	1.84013
1986.127441	0.347727
1986.894043	0.341983
1987.908813	0.524157
1988.538208	0.228818
1989.534546	0.235455
1991.158447	9.1683
2000.150269	0.0516636
2002.658936	6.11998
2005.500732	3.02269
2007.665527	0.891258
2009.779419	14.4145
2013.607056	3.02397
2015.124268	6.02773
2018.187988	7.83989
2020.494507	4.69778
2021.594727	2.99978
2023.007324	9.99169
2027.336914	3.01338
2028.540649	0.911893
2030.299683	1.2272
2031.233521	0.390605
2032.089722	0.300772
2033.107300	0.178322
2033.737549	0.0754842
2034.847046	0.753111
2037.037231	4.36411
2039.146729	5.43103
2040.483887	2.16012
2041.908325	0.970693
2044.356079	6.6354
2046.702881	0.732363
2047.419800	0.156624
2048.311523	0.218681
2049.329346	0.280885
2052.358887	1.26434
2054.237793	4.05223
2055.507324	1.8663
2056.936523	0.780408
2058.744385	0.180222
2064.119385	4.827
2066.832764	0.247859
2067.898193	0.121549
2068.525879	0.0958714
2069.595703	0.10545
2070.406494	0.164106
2073.427002	4.23634
2074.977051	0.118942
2075.734863	3.33686
2077.103516	2.48292
2078.510254	2.20747
2080.603516	0.254937
2081.427979	0.11157
2081.978760	0.0203298
2083.057861	0.171904
2084.719727	0.791622
2085.706055	1.88971
2090.286133	11.5615
2092.291504	2.1054
2093.153076	14.7958
2098.801514	19.5018
2105.161621	1.94317
2106.524170	3.85645
2107.482178	5.30238
2108.839355	1.79112
2110.190430	7.44245
2111.317871	2.73538
2113.410156	1.89962
2114.349609	0.861712
2115.039307	0.94226
2116.052490	1.35769
2118.646240	0.194451
2119.369629	0.223458
2120.080566	0.972908
2122.475830	6.60883
2131.609863	9.18004
2133.123047	1.78158
2134.131104	1.13653
2134.954102	2.28822
2137.659668	6.02738
2139.535645	0.868678
2140.215820	0.894387
2141.402832	1.68674
2142.833008	7.36331
2147.596191	6.73361
2149.911621	4.2831
2151.755859	5.40174
2152.815430	27.2907
2159.062988	14.3769
2160.236816	2.61991
2162.065918	0.764912
2163.244385	5.29813
2166.717041	0.0818318
2169.030029	3.74008
2170.551514	3.88433
2171.623779	3.34216
2172.272949	0.86616
2173.167236	2.90124
2178.289795	35.185
2184.484375	22.2311
2188.909668	3.44663
2190.490967	2.98808
2191.462158	2.53741
2193.599365	1.5624
2196.014160	15.6987
2196.630615	1.41022
2197.746338	46.4646
2204.277344	64.095
2205.395508	2.91751
2206.446045	2.7672
2207.142822	26.2225
2210.485840	12.7616
2212.995850	9.98485
2216.068604	0.063345
2217.326416	0.518326
2221.088623	214.361
2222.184570	306.495
2226.724854	13.5965
2229.673584	22.697
2233.463867	3.41247
2239.763916	959.828
2245.922852	14.0082
2250.523438	8.64378
2251.439209	0.686528
2252.761475	0.138521
2253.476074	8.67899
2260.091064	21.486
2263.119385	0.532088
2263.849854	0.508655
2264.532715	0.461669
2265.258789	1.4177
2266.668457	0.653148
2267.582031	1.4715
2268.174805	0.972718
2269.552246	7.84651
2275.053223	9.80665
2276.642578	3.09139
2278.525635	2.92349
2279.727783	7.68394
2284.153809	0.913587
2288.132080	5.36732
2289.724365	6.99541
2290.568848	8.32571
2292.336426	0.44022
2293.520996	1.20633
2294.934570	1.55538
2297.997314	56.5784
2304.011719	18.7067
2309.864258	14.9469
2312.212646	3.73417
2313.815430	1.65976
2314.950928	0.782326
2315.737305	0.621513
2318.061768	9.58344
2319.202881	2.87628
2319.870605	0.645985
2320.739258	2.70456
2321.979248	3.06876
2322.918457	7.62122
2324.911133	17.0349
2333.108643	9.49226
2334.206299	0.492566
2335.826416	7.91273
2336.697266	3.02914
2338.283691	1.38027
2339.399902	2.19598
2341.131836	4.36258
2342.474365	5.13331
2343.867432	4.8954
2349.728271	21.2006
2354.487061	15.0159
2357.567383	1.90586
2359.478027	0.561711
2360.576660	0.679138
2361.458252	0.747324
2362.122803	1.4369
2363.363281	0.267087
2364.949463	3.98795
2365.801758	19.2733
2369.830078	1.08796
2371.716553	11.0535
2372.850586	3.15502
2374.818604	0.103111
2376.379395	9.10114
2380.857422	3.62369
2384.119873	0.880391
2385.272461	0.331904
2387.683105	1.06847
2388.758789	0.591253
2390.064209	0.561442
2392.894531	10.8536
2393.779541	0.075529
2395.000000	3.57595
2396.405518	13.4872
2401.264404	5.06141
2405.782959	5.02535
2408.458740	0.504136
2409.449463	0.317359
2410.260254	4.56629
2411.251709	7.97206
2413.084717	1.62048
2414.952393	0.130085
2417.831543	18.1127
2421.677002	11.6541
2426.113037	4.41778
2427.661621	3.60595
2429.034180	5.58183
2430.477539	1.6732
2431.622559	0.172364
2434.543213	10.1925
2436.443115	0.12469
2438.995117	7.93262
2440.305908	10.9064
2446.713135	17.1054
2449.284668	1.55845
2450.590088	1.29759
2451.168457	0.28377
2452.076416	2.04703
2455.735352	2.12216
2458.148682	2.12122
2459.841309	1.73413
2461.220215	1.12355
2463.793213	3.89581
2464.620361	2.03862
2465.604004	8.8857
2468.107422	0.194099
2469.036621	10.0436
2472.788086	2.76097
2474.557617	24.8811
2482.171875	16.4794
2483.747070	35.1429
2488.596924	22.6008
2490.324707	1.34557
2492.344482	0.395466
2493.859375	1.52828
2496.011230	0.308929
2497.680908	1.75316
2498.519043	4.44213
2501.615234	6.28292
2505.603760	22.1016
2509.147461	16.618
2510.889160	2.93856
2512.626465	3.19661
2514.390381	2.7896
2515.730713	5.80639
2518.424561	0.919151
2519.384766	3.21555
2522.533447	0.409492
2533.242920	18.0519
2536.683350	0.923921
2538.444092	10.1093
2541.849609	3.85097
2550.546631	42.5348
2555.591309	2.28433
2557.170898	7.13127
2558.350830	16.5527
2564.146729	37.855
2568.981934	6.11204
2570.067383	1.18307
2571.018311	7.80682
2573.155029	1.03196
2574.093506	1.54831
2574.936035	3.80626
2578.971191	12.8834
2582.506348	12.0409
2587.494141	6.31735
2591.414551	27.6715
2592.599121	4.93738
2593.703125	1.98423
2594.927002	45.9162
2607.774902	35.2137
2608.781982	7.9524
2610.823242	8.57179
2614.446289	3.27909
2616.077637	5.78767
2617.652344	4.91016
2619.152100	4.24085
2622.338867	0.0705483
2626.598389	12.2395
2627.786133	2.03769
2628.568115	5.6265
2630.606934	0.892436
2634.060059	9.19013
2638.207031	0.767996
2639.120361	4.48663
2643.841064	17.3727
2646.743164	6.69607
2647.222412	0.740667
2648.249756	5.16328
2649.623779	1.96083
2652.822266	15.9614
2656.934814	3.843
2660.179443	1.82069
2660.883301	0.453756
2661.918213	0.54357
2663.069824	0.130097
2664.830566	0.607518
2666.265625	1.50395
2667.452637	4.81856
2669.183350	0.181981
2670.684082	15.0364
2678.382813	20.5124
2682.065430	28.5198
2684.727295	2.55923
2686.958740	2.21058
2688.576904	5.49025
2689.927490	22.9671
2692.642578	0.0258461
2693.626953	14.3598
2700.158691	10.6259
2702.894775	13.1566
2706.307373	79.9801
2709.922363	1.17263
2711.556641	1.18563
2712.227539	0.187529
2713.163574	15.7587
2717.375244	7.95317
2729.395020	11.2369
2730.887207	2.39935
2733.752197	5.20333
2735.507568	7.27348
2748.505859	8.87359
2750.437988	11.4422
2756.418701	32.1384
2760.534180	7.7588
2761.509277	0.318226
2762.504639	1.26059
2763.802490	1.4447
2764.433105	0.512309
2765.276611	0.0616455
2766.258057	0.0896384
2767.491455	1.48307
2769.395996	12.9247
2771.933838	0.0220157
2773.574951	3.53469
2774.658447	1.05471
2775.471191	3.78367
2777.097168	4.39433
2778.713867	1.05083
2779.285645	0.156939
2780.009521	0.664429
2780.607666	1.41154
2782.242432	0.404039
2783.479980	6.25113
2785.602051	40.7302
2793.426514	3.76822
2795.462891	7.1454
2796.861328	19.2145
2801.384277	0.22372
2804.351807	10.3512
2805.529297	5.12177
2806.612549	7.08331
2807.440430	31.127
2810.816650	0.13894
2811.652100	4.87833
2813.262451	21.2438
2817.082031	17.2237
2820.525391	12.0861
2823.638916	2.98609
2825.075195	3.474
2825.741699	0.481949
2826.869873	1.88267
2829.960693	29.7828
2831.454346	4.39333
2832.428955	1.00298
2833.182861	0.400114
2833.741699	0.202754
2834.699707	44.6941
2838.995361	30.6741
2843.481201	0.989337
2845.477051	1.98858
2848.083008	7.79684
2850.620117	63.3106
2851.564209	28.8032
2853.904053	3.36768
2855.179688	41.0294
2860.074951	2.40378
2863.240479	28.3921
2867.192383	13.2168
2868.388428	1.03734
2869.591553	3.15663
2871.099365	15.2399
2876.564697	5.09549
2878.019531	0.765746
2879.252197	0.639263
2880.355957	13.39
2883.648438	0.0556014
2886.034424	1.18957
2886.570068	0.0382518
2887.500000	0.238
2888.718018	0.126791
2893.314697	24.5602
2894.973389	3.01733
2896.082764	0.47828
2896.780029	1.49275
2898.388672	17.1411
2903.946777	9.58192
2905.103516	6.85134
2906.439453	2.37466
2907.117188	1.7016
2908.205322	13.0766
2913.244141	11.1947
2914.365967	25.1675
2918.302002	4.19623
2919.494141	1.61017
2920.345215	3.24931
2921.117676	11.0611
2923.545898	2.99101
2924.074219	0.200713
2925.502441	5.51314
2926.590576	8.5901
2931.270752	49.1525
2934.620117	6.27591
2938.192871	39.7062
2950.011475	154.662
2951.523682	200.302
2958.353760	0.238034
2960.262207	21.3026
2966.165527	99.1062
2967.429688	13.3519
2968.690674	82.8921
2973.143799	2.72211
2977.151611	21.2652
2979.632568	2.69866
2981.716797	0.779839
2982.692139	1.26391
2984.475830	2.57278
2986.155518	4.61826
2987.163330	1.54255
2988.184814	1.33811
2989.280518	1.77044
2990.379150	2.58158
2991.051270	0.433038
2992.464355	2.61723
2994.388672	61.8083
3004.385254	37.0617
3005.486084	2.16583
3006.479492	5.46164
3008.763916	12.6772
3009.615967	13.6021
3012.568115	51.1503
3020.091553	1.4227
3022.737793	26.2803
3024.291504	1.16968
3026.967285	19.336
3028.564941	5.46624
3030.473145	61.3931
3038.185059	0.771636
3039.411133	1.31035
3040.880127	10.4274
3042.690918	4.39336
3044.638184	11.8684
3045.395508	12.5108
3048.095947	42.598
3051.206055	2.68368
3052.491943	14.8217
3059.833496	1.83108
3061.072021	2.94421
3062.353271	4.41823
3064.572510	19.0935
3065.410889	17.7596
3067.409424	2.84546
3069.010986	4.97023
3070.642334	2.1139
3072.852295	0.773158
3073.572021	0.651255
3074.557861	3.9714
3077.216553	0.148705
3081.979004	17.6477
3083.290039	2.46593
3084.624023	5.20973
3085.454590	1.71949
3086.621338	12.5352
3088.886475	9.05503
3091.273926	1.18414
3093.494141	5.63813
3094.367188	0.145893
3096.769775	25.523
3100.407227	9.15253
3102.040039	58.6094
3107.426270	15.644
3108.020264	2.48369
3109.476318	1.50043
3110.298828	2.15498
3112.250977	1.93547
3113.446045	1.5356
3114.336426	2.33728
3115.542236	3.26433
3116.313232	0.742047
3117.781738	0.650397
3118.648682	2.94803
3119.475342	5.42946
3120.560059	5.43631
3121.379883	36.2922
3125.401367	3.47737
3126.733643	6.21508
3128.777832	0.637706
3131.449951	33.2862
3132.511475	6.67458
3133.579346	24.5846
3136.740479	0.498021
3138.292725	2.74838
3139.500488	2.39341
3140.284912	0.868577
3141.072021	0.85103
3141.589600	0.731687
3142.343994	3.3658
3143.932861	0.669306
3145.032471	14.498
3149.623047	112.77
3150.382324	34.4829
3152.214355	108.751
3158.515869	15.8478
3163.775391	41.1266
3164.681641	3.3969
3166.050537	17.0141
3172.663574	20.9508
3173.673096	4.79137
3175.078857	3.1201
3175.652344	1.56205
3176.934814	13.9624
3181.654053	34.7115
3185.379395	1.33022
3186.253906	1.26959
3187.639404	13.7781
3191.166992	2.98645
3192.289551	2.70197
3194.193848	5.06018
3195.698975	1.50155
3196.958496	0.529529
3197.907715	0.182438
3198.830078	0.255007
3200.461914	4.53434
3202.231934	8.50879
3203.255859	15.9479
3206.187988	29.2754
3213.167236	9.07319
3214.537842	2.95537
3216.982666	22.1983
3218.833496	3.334
3220.164795	6.00816
3221.838623	40.1961
3224.780029	0.518785
3225.685303	0.0398977
3228.752686	7.68377
3230.850830	1.67242
3231.765869	0.174614
3232.775879	0.483296
3234.618652	1.92977
3235.366699	0.736731
3236.841797	0.14557
3237.656006	0.522447
3239.017090	2.22239
3240.809082	0.540085
3242.768799	1.74121
3248.639404	14.4658
3251.580078	2.89192
3252.690918	6.56744
3254.866699	1.57985
3259.288330	16.4255
3260.828857	5.8053
3262.434570	21.5945
3264.909180	0.588784
3266.239502	39.6312
3272.608887	4.27029
3274.653076	15.8942
3275.948730	2.5737
3277.762451	81.8844
3285.489014	11.0054
3286.790283	1.99341
3287.432617	5.33027
3289.839600	0.266706
3292.952881	12.6173
3294.633789	3.44048
3295.399414	2.15518
3296.727783	4.01385
3298.649170	18.3964
3302.262207	9.35214
3303.965576	4.55043
3305.383301	0.528626
3306.518555	2.3814
3307.333740	0.788414
3308.532471	1.35684
3310.180664	1.57911
3312.485352	2.4977
3314.479004	2.54555
3316.509521	0.385986
3318.473877	1.36792
3323.785156	9.45805
3326.561035	2.92027
3327.368652	0.424995
3328.579590	2.87338
3329.936523	0.534363
3330.773438	15.0695
3334.644287	2.32593
3336.624268	7.03839
3337.873047	10.5887
3340.063477	0.752386
3342.094238	10.9795
3345.067627	3.79946
3346.121094	2.31341
3347.258301	2.03816
3349.327637	7.09013
3352.394287	11.4894
3356.133789	3.14694
3357.121094	1.10413
3359.116943	6.42259
3360.997559	0.734405
3362.427979	3.38786
3364.343750	2.71138
3366.224609	2.46927
3367.402344	0.319605
3369.579102	1.72131
3370.766357	2.53276
3372.870361	0.556198
3374.374756	4.66937
3375.851074	3.23604
3377.768799	2.01082
3380.602539	7.97814
3385.820557	3.88225
3387.271240	1.7503
3388.720215	3.85528
3389.722656	1.28003
3390.550293	7.32786
3393.769287	2.97648
3394.575195	8.9685
3397.202637	3.01801
3398.432129	0.0743228
3399.366699	0.474669
3401.233643	2.11011
3402.221191	0.90763
3403.794434	1.23542
3405.480957	0.733889
3407.959961	1.56934
3410.316406	4.55556
3411.889404	3.16151
3413.898193	1.96949
3416.730713	4.28681
3417.891602	16.5099
3422.259521	45.8357
3427.303467	6.99172
3428.305176	1.56657
3430.052734	3.18331
3430.740234	1.74933
3432.260254	0.92076
3434.366211	4.63271
3436.234863	2.66841
3437.743652	0.285947
3438.657227	0.628862
3439.962402	2.55445
3441.935303	1.75279
3443.294922	3.09489
3444.644287	4.26404
3446.706543	0.166787
3448.269775	1.68194
3449.273926	1.12944
3451.354004	1.04884
3457.098389	6.17048
3459.835205	15.2481
3462.178711	20.7682
3464.234619	3.14161
3465.807861	12.2354
3467.789795	2.9415
3468.610596	2.83181
3470.464844	9.2603
3472.037354	30.2095
3475.448242	0.0205214
3478.134033	9.01556
3479.719971	3.00298
3480.622314	0.64798
3481.791992	1.7289
3482.968018	0.96967
3484.025146	0.800246
3485.684570	0.657611
3486.975342	4.72819
3490.157471	0.348366
3491.849121	2.55826
3493.093018	3.00001
3494.281006	25.0096
3502.619873	33.7256
3505.644775	5.5682
3506.726807	2.65522
3508.350586	34.9605
3514.889160	0.760845
3516.820313	9.29433
3518.748291	6.88944
3519.391357	9.15599
3522.742432	29.0349
3525.399170	3.68472
3527.047363	3.75134
3529.060547	1.18799
3530.915771	0.58329
3533.153076	4.48871
3535.397705	6.83729
3536.943115	3.87828
3538.066650	2.30902
3538.833496	11.0654
3543.158936	2.74613
3544.635498	6.95592
3547.839844	1.93097
3549.719238	4.6653
3550.536621	0.872384
3551.515869	2.98631
3554.207520	2.50479
3555.176270	1.14596
3556.531006	3.89695
3558.499512	14.674
3561.789307	1.03971
3563.289795	0.16417
3564.301758	0.961831
3569.183838	6.13027
3570.919678	11.3833
3572.507080	7.08399
3574.328125	8.78482
3581.344238	9.04424
3582.416748	0.54176
3586.168701	11.7014
3590.086914	7.87427
3596.111572	44.1187
3599.004639	0.315762
3602.952148	34.2387
3605.502686	1.92196
3606.518555	1.19726
3608.229736	27.6933
3612.905518	7.61471
3614.678955	4.42188
3615.276123	0.889598
3616.406250	16.1911
3619.202881	4.06037
3620.044189	20.3118
3623.952881	9.22904
3625.813965	7.65184
3627.432373	1.59233
3628.908936	0.73261
3631.403320	41.3843
3634.837891	8.95816
3641.974121	26.5284
3643.380615	13.4105
3649.326172	21.6177
3650.470947	6.52842
3651.736572	1.00073
3652.667236	5.40274
3654.612061	3.75167
3655.853271	16.6842
3658.152100	8.12832
3660.030518	8.63924
3662.244873	3.67078
3663.148682	0.162011
3664.451660	26.1221
3670.234375	8.47712
3672.081543	0.269989
3674.166992	2.13943
3677.943604	3.87038
3683.358643	13.1528
3687.433350	33.3369
3691.373779	1.94616
3692.314209	0.120559
3694.007813	5.73661
3696.054688	3.52897
3697.875244	30.06
3705.569824	43.6841
3707.560547	63.8929
3713.382324	24.6787
3715.927734	21.2326
3720.635010	5.77419
3723.644531	3.90206
3725.306152	6.17317
3727.079590	8.15987
3728.932861	12.389
3730.457031	4.59964
3731.988037	0.329571
3732.766846	1.51549
3733.838867	0.28736
3734.812744	2.78093
3736.465576	7.20401
3738.447998	2.62231
3740.866943	0.481888
3743.401123	9.34415
3744.980225	26.6376
3748.414795	0.0221184
3750.106445	2.76264
3752.045654	7.20118
3753.302734	8.94981
3756.476318	2.85299
3758.299805	4.69838
3760.326904	3.54393
3762.532715	19.1787
3764.019775	7.68248
3766.368408	20.9444
3768.139893	6.24203
3770.508057	15.1619
3774.807617	6.86392
3775.579102	6.15909
3780.162109	14.6838
3781.339600	1.81602
3782.663330	5.78346
3783.625244	17.1022
3786.455322	0.464856
3789.130615	20.9447
3790.625244	1.70427
3791.994629	1.30608
3792.887207	4.56029
3794.262451	13.8401
3799.569824	7.61099
3802.876709	6.34244
3804.691162	1.93343
3807.153320	13.8886
3809.356445	1.22104
3810.614746	3.24802
3812.037598	11.4256
3816.482666	7.67109
3818.909912	0.0943307
3821.753418	26.8918
3824.431396	10.9792
3825.932373	24.51
3830.848633	42.7575
3833.428711	0.721828
3835.748779	13.6385
3840.159912	73.5283
3849.362549	192.543
3856.888672	21.6623
3862.769775	64.968
3864.531982	6.38482
3866.314453	12.023
3868.135010	20.9049
3871.274902	5.0176
3873.383545	8.86304
3878.085938	14.6342
3879.562988	3.07447
3880.767090	3.13203
3883.540039	14.0869
3886.258545	4.04574
3887.719482	2.54194
3890.010010	1.35235
3891.160889	2.93231
3892.160156	2.46566
3893.562744	1.89374
3897.432861	7.83087
3898.910645	6.00384
3900.576172	7.78731
3903.981934	1.95432
3906.454346	20.8109
3908.209473	0.728702
3909.543213	2.6594
3911.777100	15.5442
3913.347168	3.1677
3914.531006	4.32533
3918.392578	10.2014
3919.214111	8.75747
3923.050049	22.5894
3927.011719	13.5205
3929.093994	5.0249
3931.308594	15.6608
3935.091553	0.260167
3936.606201	0.784662
3939.514893	25.3587
3944.850586	78.3762
3947.187012	4.48695
3948.804932	98.3102
3953.988281	0.616568
3956.059326	25.3376
3957.498535	3.35992
3959.952393	9.44511
3962.747803	67.805
3966.532227	0.293511
3967.461914	5.94562
3970.241455	22.6065
3974.050293	16.3706
3975.846924	14.8324
3978.425049	4.01784
3980.715332	29.1075
3981.829346	6.7904
3983.166504	14.7652
3985.726074	32.9731
3991.593262	34.5421
3993.263428	2.38053
3994.230713	18.7976
3996.922607	4.08395
3998.880859	4.18529
4000.392090	2.15495
4001.674561	6.13128
4003.493164	17.3702
4005.163330	5.95155
4006.765869	0.847625
4010.314941	173.477
4012.097900	431.039
4028.833984	1104
4037.017090	28.2307
4037.972412	0.340697
4038.893066	1.14063
4045.975342	846.665
4051.288086	18.9785
4053.375488	8.88366
4055.624756	24.3501
4060.208252	11.894
4060.990479	1.41843
4062.303467	2.25521
4065.165527	17.6215
4066.128906	0.217037
4067.156494	24.0016
4070.421631	1.86716
4072.431396	25.3067
4074.891357	14.8833
4076.795410	2.19353
4077.947266	19.0404
4083.490967	36.5391
4085.275391	70.2601
4089.681396	13.6943
4090.607422	6.90009
4092.066650	13.894
4094.217041	11.008
4096.384766	2.44699
4101.244141	203.698
4106.880371	50.8395
4108.208984	2.67115
4109.879395	95.4869
4112.769531	2.60859
4114.208984	31.3971
4118.093262	8.31191
4118.961914	0.0337106
4119.864746	5.99899
4122.113281	9.26521
4126.956543	944.063
4136.750488	0.0757741
4137.892578	6.50376
4139.194336	3.06854
4144.378906	750.311
4149.252930	134.97
4161.207031	274.968
4162.392578	12.6597
4164.113281	1.04437
4165.114746	208.569
4169.653320	8.63489
4171.590820	13.1073
4172.902832	22.2763
4175.542969	2.15434
4178.954102	13.1626
4181.706543	109.156
4185.431641	2.20362
4186.519043	32.8485
4192.686035	23.7357
4197.100586	5.54469
4198.305664	5.95937
4200.447754	1.24864
4201.958984	15.5849
4205.099121	0.347423
4206.202148	1.81316
4207.414551	8.52669
4208.979492	3.29007
4209.940918	0.902426
4211.378418	4.40307
4212.860352	1.93091
4213.876953	2.35027
4215.373047	7.81203
4216.421875	1.2312
4217.621094	27.0597
4224.037598	2.56615
4226.565430	29.3133
4230.354980	3.49191
4232.741699	19.9433
4234.309082	33.3549
4240.272461	7.00283
4245.200684	94.4122
4247.085449	80.1492
4252.608887	17.2775
4254.101563	3.33391
4257.166992	12.9192
4261.132813	103.586
4262.643555	19.0036
4264.580078	106.993
4268.870117	36.3605
4274.430176	51.4138
4275.917480	2.32014
4277.462402	13.2798
4279.373047	35.0771
4280.221680	4.11026
4281.262207	34.0015
4283.891113	52.4047
4287.428711	14.982
4291.263672	1.42523
4296.451660	40.1312
4298.171875	22.3669
4300.551270	8.42541
4302.689941	33.5627
4307.596191	0.713712
4310.404785	38.9931
4313.554688	17.7722
4315.495605	8.8842
4317.204590	7.80508
4320.647949	41.9878
4322.670410	2.45068
4324.169434	4.79059
4325.016113	5.36287
4326.415039	1.72387
4328.570801	40.451
4333.839844	7.53285
4335.519531	21.726
4337.409180	24.7654
4341.466797	36.1605
4343.084473	9.75566
4344.905762	1.25767
4346.561523	7.69069
4348.961914	2.43452
4351.547852	7.24794
4353.627930	9.84489
4356.409180	5.64025
4359.381836	2.7946
4362.360352	33.6126
4363.525391	2.53549
4364.193848	37.5328
4368.570801	11.7663
4371.149414	19.3653
4374.231934	1.04353
4376.072754	21.3526
4382.458984	3.00937
4383.733887	3.55918
4384.807129	1.90518
4385.531738	4.38929
4387.835938	4.01168
4389.181641	9.53452
4393.437988	35.8308
4397.578125	3.20073
4398.955566	8.6825
4400.716309	7.87425
4402.661621	6.6244
4404.892090	1.5099
4406.125000	3.26507
4408.321777	6.69941
4410.280273	12.7694
4412.914063	7.90154
4414.857910	24.8042
4419.203125	13.331
4420.420410	4.95701
4421.609375	5.43016
4422.891602	5.09015
4425.731934	60.2182
4429.883301	22.9257
4431.755859	33.6494
4437.313477	24.95
4446.027832	185.093
4449.872559	12.6118
4451.443359	12.9745
4453.502441	12.1895
4455.484863	0.470693
4458.453125	35.1759
4459.988770	2.98086
4462.699707	4.599
4465.796875	19.6815
4466.796387	5.26804
4467.676270	28.8126
4470.417969	3.35776
4472.314941	37.8125
4478.486816	16.2015
4484.937012	138.412
4486.399414	12.4855
4488.575195	110.294
4495.619141	1.23262
4496.826172	0.276697
4497.920898	2.53325
4504.292480	292.817
4513.182617	12.3458
4514.762207	1.87884
4518.906250	105.907
4527.802734	14.9173
4534.780273	36.2957
4536.430176	63.2488
4540.820801	8.33688
4542.858887	8.91237
4544.078125	0.531011
4544.974609	1.6718
4546.410156	1.87451
4548.078125	1.93287
4549.017578	12.2098
4551.876953	13.5167
4556.481445	15.4977
4558.221680	8.63632
4559.895996	24.5717
4565.516113	17.3473
4567.643066	6.64486
4568.751953	1.29677
4569.959473	3.85352
4571.396484	1.42688
4572.528320	4.54076
4575.485840	1.33215
4577.686523	1.29959
4581.161133	9.8622
4583.001465	14.7102
4584.831543	3.47039
4586.058105	0.448257
4587.494629	1.02635
4589.950195	31.3302
4594.741699	13.0233
4596.338867	3.69829
4598.686035	3.25706
4599.628418	1.02954
4600.808594	0.514274
4601.815430	0.058401
4602.543457	0.0551882
4603.704590	0.683321
4604.609375	0.0992139
4605.591797	0.781218
4606.811035	0.236471
4607.716309	0.213234
4609.088867	2.64444
4610.905762	10.7338
4613.644043	2.31724
4615.203613	2.29517
4616.586426	1.16801
4618.251465	23.6485
4622.306641	0.904261
4623.539551	1.81002
4626.358887	29.7812
4628.438477	2.97579
4631.281250	66.4449
4638.856445	49.1973
4640.861328	8.41404
4644.580566	6.14907
4646.324707	21.3363
4651.838867	20.5502
4657.583496	11.7151
4658.899414	0.745549
4660.141113	3.93352
4661.981934	1.04274
4666.403320	29.1626
4668.779297	3.98733
4670.909180	3.12455
4673.172852	21.7976
4677.011230	0.27707
4678.009277	2.23334
4679.737305	5.87734
4682.595215	2.89403
4685.016113	18.2482
4685.921387	5.58068
4688.078613	51.7018
4695.178711	51.8627
4700.800781	3.99775
4702.234375	11.6118
4703.393066	2.76889
4704.633301	3.55952
4706.145508	2.54628
4708.524902	11.6531
4709.617676	1.60955
4711.061035	0.293118
4712.852539	4.87474
4713.683105	3.79549
4716.242188	6.3629
4718.039551	5.72388
4720.967773	1.74466
4722.606934	12.3169
4725.682617	6.78368
4727.072266	1.89297
4728.042969	3.4438
4729.669922	12.7105
4734.482422	0.831972
4736.912598	12.0661
4738.259277	0.95826
4740.391113	34.5339
4747.405762	49.3069
4751.817383	2.59499
4754.354492	8.2666
4755.571777	3.76074
4757.725586	4.76774
4760.939453	4.79995
4763.261230	4.62723
4764.535645	3.15096
4766.272461	2.20972
4769.521973	54.3214
4773.713867	7.50864
4775.756348	3.81818
4778.515625	7.21614
4783.520508	46.9519
4787.201172	5.19627
4788.792969	35.0415
4792.765137	3.37779
4794.125488	2.85814
4795.359863	1.95938
4796.829590	4.60214
4797.782227	4.78781
4799.619141	2.2179
4801.289551	0.666277
4802.968750	17.2259
4804.857910	6.92454
4806.873535	6.93433
4809.174805	13.882
4811.164063	4.18326
4813.355469	8.01656
4816.780273	10.2855
4818.033203	4.09562
4820.884766	9.98297
4822.872070	16.6205
4825.054199	43.47
4832.886230	12.8402
4834.042969	14.989
4838.579102	6.80778
4840.799316	6.76752
4844.818359	102.556
4851.353027	4.60723
4852.675781	0.564209
4853.617676	7.38311
4858.749023	13.1752
4860.220703	6.51132
4861.157227	1.09768
4862.958984	2.82653
4864.237793	7.70026
4864.793457	0.441534
4865.721680	18.0799
4868.452637	6.16972
4869.706055	5.11203
4871.407227	0.559161
4872.208008	2.21885
4873.456055	5.51268
4874.562500	4.04785
4876.063965	11.9258
4878.567383	12.9404
4880.510742	11.7578
4883.377441	10.1113
4885.206055	3.01753
4885.993164	0.149243
4888.010742	23.3158
4890.816406	10.3887
4894.625488	22.8649
4896.688965	16.5883
4898.423340	3.33193
4899.836914	0.993484
4900.834473	0.551389
4901.516602	0.746799
4902.559082	7.07686
4904.365723	40.8936
4910.136719	0.112903
4913.879395	9.08418
4916.083008	16.9646
4917.291504	12.8723
4921.593750	26.6853
4923.104492	2.41478
4924.495117	6.8398
4925.512695	28.8701
4928.841309	40.9426
4934.443359	22.334
4936.040039	12.0745
4939.130371	16.9906
4942.408203	156.476
4947.847168	14.1148
4949.192383	25.4561
4951.761719	0.508557
4952.900879	1.91267
4954.390625	19.3472
4956.935547	3.92014
4957.872559	4.30195
4959.026367	6.93712
4959.783691	0.961784
4962.405762	23.6913
4964.250000	46.6241
4966.676758	11.5797
4969.049316	9.11874
4970.876465	0.242713
4972.085449	6.19857
4974.461914	12.8231
4976.658203	12.787
4978.786133	17.1277
4982.067871	18.3322
4984.115234	6.81069
4986.020996	30.6138
4987.801270	55.6936
4993.697266	14.2357
4995.653320	11.4234
5001.446289	81.7074
5002.486328	0.168289
5003.466309	62.727
5009.562988	110.276
5011.426758	1.40259
5012.694336	3.41257
5013.629883	54.2449
5017.572266	18.8903
5020.110840	1.54594
5022.172363	30.6083
5029.317871	183.143
5032.509277	10.6703
5033.395508	6.89763
5036.163574	13.5529
5038.019043	30.7118
5039.688965	75.6941
5043.740234	11.4981
5045.874512	24.9092
5047.688477	86.3037
5052.757813	85.9156
5054.868652	84.5038
5056.430176	52.6919
5059.200195	85.4957
5064.647949	131.546
5071.950684	401.72
5074.514648	498.662
5079.675293	3.54618
5081.525391	36.7857
5083.788086	2.8629
5085.940430	17.1816
5090.324707	860.938
5097.380859	0.881166
5100.371094	33.5154
5102.097656	0.820175
5103.198730	11.2139
5108.891113	57.6621
5110.625488	74.2673
5115.102051	1.15947
5116.349121	4.65304
5118.536133	57.5766
5125.134766	60.1167
5127.744629	279.759
5134.565918	105.635
5140.543945	79.4814
5142.380859	14.4862
5143.507324	13.241
5144.953125	27.1472
5146.128906	3.12677
5147.345215	14.3294
5152.863281	508.758
5154.935547	600.251
5159.758301	16.0531
5161.990234	30.5127
5164.010742	19.3919
5170.990234	4130.26
5188.693848	5252.39
5199.174316	5.40891
5206.002441	3015.02
5216.539551	51.0322
5224.428711	466.616
5231.391113	71.0757
5233.060547	41.3519
5235.150879	3.884
5236.357910	0.460281
5240.587891	126.719
5243.543945	96.0178
5245.336426	21.3237
5249.401367	424.529
5254.219727	3.79145
5256.068359	76.8716
5260.065430	234.228
5268.251953	1697.29
5274.325684	2.47071
5276.532715	197.412
5286.386230	4082.85
5303.743164	4110.35
5313.599121	1.96889
5320.534668	2149.64
5333.204102	70.5342
5336.202148	0.383153
5340.041016	48.1234
5343.048340	4.3587
5344.428223	6.17159
5345.954590	12.8168
5348.412109	13.8454
5349.945313	0.94154
5351.610352	7.1164
5353.646484	14.326
5356.637695	13.5551
5358.995605	7.30607
5361.726563	35.0423
5363.102051	10.5753
5365.582520	29.6267
5367.106445	7.19402
5368.846191	9.25326
5370.154785	33.0146
5373.061523	3.44384
5374.100098	8.83164
5375.921875	2.87932
5377.051758	2.08656
5378.095703	3.25874
5379.064941	2.78826
5380.604492	32.2466
5382.753906	13.5073
5385.202637	29.3398
5385.991699	63.66
5390.130371	25.2486
5392.745605	15.409
5396.889160	41.9492
5398.814941	7.45887
5400.308105	3.66843
5401.823242	9.44052
5403.308105	1.95671
5404.691406	31.1275
5408.342285	6.07719
5409.061035	3.90242
5410.941895	16.6015
5413.169922	19.1256
5418.732910	167.141
5422.759277	3.74688
5423.960938	1.30003
5425.129395	5.10114
5426.791016	3.17772
5428.291504	13.5786
5430.992188	3.84158
5432.705078	5.61863
5436.187988	3.00437
5438.404785	1.71907
5439.056152	0.171551
5440.708496	3.92035
5442.841309	5.94923
5446.032715	3.24276
5448.329102	5.86758
5450.495605	12.0402
5451.310547	0.695242
5452.544922	6.16154
5454.625488	6.31964
5456.624512	18.4492
5458.652832	46.0723
5465.357910	53.6078
5466.710938	8.03005
5469.750000	5.40719
5472.006836	31.4856
5475.552246	5.22659
5476.642090	23.9662
5482.982422	135.304
5485.330566	14.4465
5489.517090	42.9182
5493.621094	26.2421
5495.480957	12.6927
5498.105469	28.1244
5501.968750	8.0835
5503.811035	1.86965
5507.715820	75.0484
5513.828125	34.2846
5515.562988	41.1352
5521.931641	65.6021
5525.799805	64.6767
5530.547852	7.92669
5532.705566	29.2922
5534.370117	62.1167
5539.538574	8.41915
5540.941406	7.30645
5542.577637	15.4073
5545.034668	3.39921
5546.481934	1.73199
5549.247559	19.52
5551.488770	4.81362
5554.145508	17.3983
5561.072754	7.4167
5562.423828	4.06195
5565.219727	24.9972
5567.437988	15.6204
5569.217285	18.1421
5572.271973	5.0031
5578.226074	114.781
5584.197266	88.7418
5590.245117	39.434
5591.420898	5.3434
5592.958984	19.3405
5596.670410	19.4337
5601.157227	61.3339
5604.958008	1.2741
5605.943848	1.88364
5607.765625	12.9219
5610.246582	25.6581
5612.657227	11.7751
5614.939453	16.6407
5620.293457	31.1597
5622.521484	6.38594
5624.543945	33.0174
5628.702148	9.29842
5629.896973	7.70575
5632.363281	10.9901
5634.472656	8.69271
5636.175293	1.91201
5638.515137	2.31989
5640.629395	1.78778
5641.623047	0.862335
5642.359863	0.216732
5643.268066	1.82581
5644.823242	3.208
5646.302734	1.28146
5649.009766	24.5144
5651.855957	1.79368
5653.723145	0.661644
5654.857422	4.80149
5658.267578	8.04782
5659.539551	20.5974
5662.254883	0.495519
5664.330566	4.4492
5666.476563	0.99653
5669.427246	36.7103
5677.246582	28.1233
5680.168945	2.76257
5684.174316	69.9483
5689.635742	8.04517
5691.398926	4.24785
5693.605957	19.5206
5695.689453	16.2161
5697.610352	81.8645
5702.295410	7.82456
5705.146973	1.57915
5706.966797	9.07881
5708.830566	1.05321
5709.772461	0.546839
5711.800781	3.95148
5713.180176	10.0153
5718.487793	14.0708
5720.557617	7.19861
5722.314453	14.0871
5726.378906	0.64107
5727.704590	4.81139
5729.275879	7.10054
5734.620117	57.0283
5737.728027	1.77634
5739.763184	9.3146
5742.750488	3.83588
5745.405762	10.974
5747.541992	47.0045
5753.224121	52.0457
5756.354004	1.27153
5757.733398	32.8827
5765.580078	11.1158
5767.137695	2.77539
5768.176270	0.372974
5770.183105	3.53045
5773.386230	29.8921
5776.466309	0.0680404
5777.796875	23.2518
5785.277344	20.1883
5786.579590	6.03408
5789.768066	35.822
5794.101563	4.42666
5799.211426	59.0594
5801.580566	12.0739
5804.397461	14.949
5806.975586	3.38444
5809.357910	22.4876
5811.440430	0.432521
5812.939941	12.4973
5817.486816	25.3478
5823.863770	44.1461
5829.715332	43.1782
5835.859375	38.3492
5837.733887	0.740604
5838.958008	4.96041
5840.844727	16.2002
5843.880859	10.2456
5846.083008	6.04925
5848.809082	4.95858
5851.935059	14.9057
5853.578125	8.5887
5858.289551	5.92255
5859.761230	4.26019
5860.740234	6.80481
5863.011230	18.9611
5868.131836	4.69464
5872.184570	28.4881
5873.979492	37.8071
5879.592285	10.431
5881.213867	1.20993
5885.447266	34.7888
5889.237305	14.286
5896.370605	59.4841
5903.069336	23.4739
5905.281738	2.21305
5907.544922	5.11116
5909.987793	4.00735
5913.200684	2.93474
5914.424805	1.32545
5916.246582	22.319
5921.399902	37.9448
5928.583984	65.5944
5935.992676	129.029
5943.055176	226.871
5955.033203	478.082
5960.541992	8.7767
5965.797852	116.78
5971.825684	101.08
5976.874023	44.0149
5980.556641	7.7684
5983.502441	53.7786
5989.958008	96.7689
5994.666992	47.1577
6001.344727	9.76119
6003.480469	15.4013
6006.142090	24.5806
6007.378418	4.85214
6009.248535	108.619
6015.857910	0.991749
6017.232910	1.46237
6019.106445	24.3527
6025.802246	40.9054
6031.062012	40.514
6033.819824	14.0864
6036.626465	15.9001
6038.276367	62.4252
6042.100098	3.00931
6043.743652	4.62747
6044.951172	3.03084
6052.973633	1247.29
6063.137695	0.105726
6070.139648	1408.16
6076.610352	128.719
6087.666992	929.328
6097.666992	59.7915
6101.844727	12.2526
6103.469727	4.46362
6106.259277	110.719
6112.823730	22.7374
6117.146973	12.8842
6119.340332	26.8972
6132.083984	157.673
6136.500488	12.5274
6139.069824	17.4288
6144.760254	10.0639
6149.547852	82.0583
6156.774414	17.8653
6158.317871	7.55537
6159.794434	2.13003
6164.474121	64.769
6169.242188	1.0622
6170.873535	3.98803
6172.461914	35.6557
6178.926270	11.6186
6181.829102	8.79512
6182.992676	10.6558
6188.940430	43.5919
6190.876465	25.3475
6196.467285	21.538
6203.005371	111.637
6212.418457	6.90496
6219.547363	36.7659
6225.135742	11.0688
6227.283203	12.4518
6229.897461	0.265361
6232.694824	14.1456
6236.969727	5.06314
6238.216309	15.3695
6243.023926	4.24164
6244.841797	0.18565
6247.100098	16.6586
6249.640137	36.9938
6254.603027	7.49888
6256.678711	3.40038
6259.597168	7.39378
6263.574707	4.77
6265.564941	2.92861
6267.468750	0.928508
6268.965820	6.972
6271.651855	5.13415
6273.994629	5.79471
6276.020508	2.52481
6278.513184	3.07695
6280.926270	15.6903
6285.095215	5.60221
6287.611328	4.75554
6288.792969	0.27703
6290.102539	2.78582
6292.551758	2.86563
6294.919434	25.6253
6300.850098	12.1284
6304.174805	32.9017
6314.216797	59.1171
6318.793457	9.58547
6320.084961	28.5821
6330.555664	15.3976
6332.555664	17.1623
6338.100098	15.9951
6340.191406	2.88684
6342.538574	6.93638
6345.305176	11.1419
6348.444824	8.04786
6350.432129	1.60289
6354.202637	38.7252
6358.166992	2.67654
6359.787109	5.58495
6360.758789	4.03289
6363.049316	5.12382
6365.233398	3.59756
6367.793945	32.6353
6374.276855	49.9775
6376.460938	2.50649
6380.600586	61.4755
6384.904785	3.88144
6385.994629	17.449
6389.179199	0.727221
6390.784668	1.62401
6396.804199	194.233
6402.330566	0.789298
6403.979492	5.51519
6407.079102	25.8052
6408.791016	45.9288
6414.804688	17.2196
6420.304199	7.40961
6422.431152	11.4545
6427.414551	32.3409
6431.696289	5.42239
6433.622070	7.58175
6438.926758	30.2275
6443.092285	189.861
6452.260742	51.9216
6458.780762	33.345
6462.069336	1.06797
6464.249512	3.24147
6465.825195	9.56814
6470.328613	26.1047
6474.825684	39.3747
6480.458984	32.9101
6485.668457	40.8201
6490.067871	32.0073
6496.354980	35.6572
6499.604004	1.19759
6501.498047	3.28342
6506.048340	1.09081
6509.178711	6.65782
6511.072266	2.55614
6512.849609	4.75874
6515.175293	3.02348
6516.390137	0.452216
6517.759277	6.05911
6519.873047	5.93311
6525.275879	30.6485
6527.308594	49.4493
6532.801758	0.429585
6536.287598	10.9699
6537.895508	4.3687
6540.067871	0.582913
6543.574707	47.3874
6549.036621	30.8718
6552.924316	1.03649
6557.397461	12.6704
6559.326660	1.9516
6562.090820	1.48874
6567.108398	37.1671
6573.316895	7.67057
6576.331543	23.2954
6578.104980	17.9138
6582.967285	2.09143
6586.047852	26.5147
6591.847168	39.2586
6596.163574	4.17697
6599.437012	0.650702
6600.898438	0.764032
6602.415039	2.16392
6605.657227	13.3181
6607.617676	14.484
6612.581055	15.4957
6614.090332	5.12995
6617.167969	5.96062
6619.881348	8.03355
6622.916016	32.1103
6629.294434	47.9804
6633.910645	6.37585
6635.500488	1.60795
6636.653809	5.22554
6638.742676	32.6071
6649.731445	55.0988
6651.823242	7.77089
6655.096680	164.967
6669.158203	62.716
6671.666016	86.7895
6679.799805	10.2747
6682.587402	7.95109
6684.659180	3.5857
6685.893066	23.9209
6692.382813	7.73894
6694.347168	2.08641
6696.061523	9.02262
6701.827148	7.9884
6704.520508	3.75988
6706.592773	1.02041
6707.697266	0.99263
6710.127441	2.41115
6712.404785	0.2356
6713.729004	0.659292
6716.054688	6.89385
6717.470703	0.894104
6718.797363	15.5391
6725.401855	78.976
6730.060547	36.9832
6737.733398	62.8737
6742.272949	5.10782
6745.055176	8.4713
6749.417480	2.17168
6751.807617	8.57625
6758.469238	12.3124
6761.067871	3.70355
6762.911621	2.98501
6763.847168	2.42707
6766.506836	0.600282
6768.319824	1.13258
6770.759766	2.50331
6773.415039	4.95573
6775.098633	23.6899
6781.197266	33.4578
6786.279785	2.5262
6793.155762	27.3878
6796.734863	50.0805
6801.836426	43.878
6806.312012	19.8553
6810.798340	17.8388
6816.539551	36.0595
6818.500000	14.6904
6824.729492	49.9091
6828.855957	9.76896
6831.002441	9.02977
6833.107910	2.16149
6836.014648	17.4029
6839.040039	71.7943
6847.389160	17.4718
6851.374512	16.8666
6854.627930	109.622
6860.862305	14.5362
6863.066406	12.9083
6865.694824	2.89086
6871.333008	272.369
6876.942383	7.8161
6879.586914	55.9283
6888.264160	130.475
6895.855957	50.2474
6898.706543	8.71502
6902.761719	21.1227
6905.454102	14.618
6907.535156	44.3866
6913.857422	94.0941
6916.369141	6.49191
6918.036133	32.5828
6925.443359	102.462
6932.361816	262.656
6936.414551	254
6943.542480	20.3078
6951.029297	1576.36
6968.746094	1523.76
6986.694336	1317.61
6996.997559	12.5753
7002.382324	50.0104
7005.953125	6.933
7008.370605	40.9809
7012.167969	5.87429
7014.881836	11.9352
7017.354492	2.80127
7020.280273	63.1758
7028.781250	35.1632
7033.585449	46.4222
7037.897461	11.4741
7042.876465	19.8491
7044.691406	12.3701
7048.491211	40.2207
7053.532715	0.666709
7055.213379	1.9579
7056.709961	13.3252
7064.580566	67.5945
7070.685059	30.5526
7073.839844	0.483705
7076.648926	5.31113
7079.159668	5.86412
7083.321289	9.28456
7086.191895	33.3748
7091.564941	10.1721
7095.486816	27.3538
7098.121094	9.26539
7101.577148	1.93063
7103.305176	1.36679
7105.006836	3.93212
7106.679688	1.52408
7108.351074	3.08364
7110.849609	6.35796
7113.644043	1.21121
7116.034668	1.91465
7122.378418	19.9649
7127.358887	66.3528
7136.016602	128.089
7141.853027	0.980247
7147.166504	61.5577
7148.916016	31.8193
7154.742188	9.82723
7157.925781	1.96902
7159.541992	16.2155
7164.875000	36.0588
7166.735352	12.1839
7169.051758	17.0531
7172.053223	3.99834
7174.270508	35.7399
7179.022949	7.14475
7180.649414	17.5745
7186.447266	12.0541
7188.562012	6.58214
7192.216309	49.2798
7202.525391	61.4818
7207.570801	4.23023
7210.010742	9.0916
7213.148438	64.753
7221.571777	14.2544
7223.929199	32.126
7228.126953	3.34659
7232.761719	27.3724
7238.543457	37.6593
7243.427246	15.5769
7247.057129	3.86763
7250.882324	69.2841
7257.337402	1.8549
7260.865234	7.38802
7263.988281	30.763
7265.893555	18.4892
7269.129395	2.74859
7270.866699	4.12243
7273.215332	4.13554
7275.757813	8.5681
7283.917969	512.645
7301.649414	174.609
7304.547363	148.023
7313.062988	2.32639
7318.390137	28.4276
7320.506836	0.148107
7323.039551	37.2015
7328.950684	5.92328
7331.874512	5.45212
7335.326660	12.5688
7340.116699	9.68272
7342.563477	12.1464
7347.618652	8.40253
7349.977051	4.7579
7353.187012	2.45886
7355.332031	15.7893
7363.770996	41.0644
7366.714355	1.88673
7368.514160	12.1868
7372.236328	3.94207
7375.909180	61.9869
7383.097168	6.31028
7386.694336	4.35779
7388.571777	1.91289
7390.136230	0.686053
7392.050293	2.79205
7393.447266	9.89607
7399.490723	24.5451
7400.961426	17.7161
7406.273438	8.27669
7408.293457	18.5005
7411.804199	7.66662
7414.347656	22.1862
7421.625488	26.1408
7424.812500	7.8232
7426.544434	20.3608
7430.828613	12.7247
7432.681152	25.9562
7440.159668	16.0339
7442.506348	56.1375
7449.208984	25.0077
7451.955078	34.0511
7457.957031	2.85589
7461.732910	26.3255
7466.912109	21.8972
7468.252930	13.3661
7473.826660	9.50872
7477.290527	2.0699
7481.086914	6.33215
7484.361816	15.2116
7487.096191	21.5268
7490.025879	4.36635
7492.895996	2.28981
7495.050293	12.7761
7498.320801	1.56708
7504.402832	110.739
7507.127930	16.0428
7509.839355	18.1671
7512.634277	7.20597
7516.799805	8.90622
7520.476074	11.8085
7523.193359	20.4974
7526.575195	11.5029
7530.266602	10.4237
7532.570313	42.9019
7541.521484	83.0307
7545.288086	5.69565
7550.054199	41.6829
7554.011719	5.68013
7558.644531	73.5844
7559.958984	0.600309
7561.254883	47.9246
7567.493164	26.7514
7570.299316	4.32857
7572.937988	9.94775
7575.528320	8.63344
7578.161621	15.8278
7581.772949	1.33329
7583.558105	5.87525
7585.423828	0.969956
7586.827637	0.475291
7589.119629	2.70227
7590.509277	0.188823
7594.306152	11.2991
7596.834961	4.76467
7599.803223	10.3401
7603.497070	63.0589
7610.842773	24.9105
7612.719727	7.92182
7617.972656	16.5045
7620.175781	31.2298
7625.916504	55.7207
7627.670410	11.1977
7630.147949	7.07707
7635.241211	74.0143
7638.154297	179.115
7651.797852	106.348
7653.724609	16.1898
7657.235352	68.4624
7664.180176	31.5782
7672.891113	189.589
7682.631348	32.7966
7687.979980	19.5654
7689.128906	9.32018
7691.628906	1.19526
7694.268555	27.5407
7700.097168	6.85055
7701.869629	10.9667
7707.281738	61.1191
7717.292969	2.37931
7720.021484	5.97628
7722.185059	5.04854
7728.495605	63.4026
7736.607422	15.4638
7741.785156	10.9573
7744.766113	29.5521
7757.272949	63.5962
7761.898926	1.98993
7764.453125	30.0461
7769.437500	9.78313
7776.708984	72.0243
7782.766602	32.4812
7784.937988	10.1512
7787.843750	10.2708
7790.001953	0.783527
7794.000488	18.3023
7797.393555	29.9396
7799.843750	30.6153
7803.733398	9.12452
7805.859863	32.2669
7811.623535	18.4736
7818.607910	94.9262
7820.609375	169.767
7831.590820	17.3236
7838.176270	207.171
7843.939941	6.05381
7845.682129	17.574
7849.002441	1.01969
7851.292969	3.77196
7852.940430	1.15419
7855.227051	7.74514
7859.306152	9.10859
7868.888672	38.0433
7871.350098	2.46507
7873.466797	14.5647
7882.975098	55.5042
7885.380371	10.6148
7889.275879	2.00138
7892.615723	11.9095
7894.827637	15.3505
7898.654297	3.65962
7901.221680	9.53934
7903.857910	13.4314
7906.800781	9.82276
7909.684570	4.97773
7911.815430	4.59471
7915.555664	8.60743
7918.336426	6.25491
7920.845703	10.6613
7926.632324	5.17668
7929.722656	1.69142
7931.691895	3.63501
7936.000488	8.29176
7938.833984	3.70947
7941.372070	9.25332
7943.913086	11.774
7946.959473	3.13565
7950.713867	15.1141
7953.814453	1.45259
7957.050781	26.4422
7959.101563	10.5017
7963.807129	15.6953
7966.111328	21.518
7973.816895	34.8291
7980.989258	0.259196
7982.718750	3.39672
7989.323242	47.6182
7994.269043	0.878429
7998.138184	55.1822
8003.756348	8.3505
8009.283691	2.61333
8012.896484	1.47302
8014.711914	3.15464
8020.701172	23.3983
8026.829102	6.08401
8028.655273	14.9304
8035.933594	18.2816
8041.952148	25.5756
8048.275391	36.2025
8054.011230	2.90441
8058.003906	5.25997
8063.597656	1.16389
8066.372559	1.5392
8068.625000	8.77608
8073.455566	15.4366
8075.455566	5.30631
8076.524902	1.84446
8078.722656	30.9539
8088.534180	38.2478
8090.540527	7.54582
8094.021973	2.09547
8099.770996	10.6563
8103.375488	5.43705
8106.313965	24.3441
8112.065430	8.05797
8115.173828	22.4908
8121.489258	6.47958
8124.456055	5.38316
8126.885254	18.5157
8134.492676	1.42897
8141.071777	11.3385
8143.607422	10.6131
8150.249512	3.64573
8156.622070	39.6866
8164.660156	34.798
8166.029785	22.564
8169.353516	7.55379
8172.615234	4.8558
8174.764160	3.63019
8177.922363	1.41813
8181.654785	9.89403
8184.191895	2.22419
8186.788574	0.651643
8191.600098	11.7358
8197.738281	5.21775
8201.096680	2.31088
8203.896484	4.91956
8206.870117	4.79163
8209.958984	17.7885
8217.122070	2.34509
8220.695313	8.63878
8227.697266	3.21773
8230.541016	6.1839
8233.629883	3.40842
8237.981445	84.9647
8247.171875	101.731
8254.979492	9.56178
8257.242188	0.18205
8258.500000	2.64595
8261.484375	2.07073
8264.695313	1.81729
8267.325195	2.91565
8269.434570	0.710699
8271.164063	2.70778
8273.444336	1.78672
8282.756836	141.821
8293.129883	6.78528
8300.220703	331.701
8309.371094	21.2162
8317.924805	324.662
8329.821289	16.1092
8332.022461	0.64528
8333.552734	2.3584
8335.545898	11.5865
8343.684570	11.6934
8346.905273	7.76827
8349.709961	2.57117
8352.340820	0.933305
8355.809570	4.99634
8358.129883	1.63974
8360.560547	15.7273
8364.661133	20.5011
8366.820313	29.6756
8373.579102	10.4104
8376.106445	22.1153
8380.757813	3.47926
8382.879883	3.18367
8389.055664	57.7216
8395.762695	3.94545
8397.936523	5.39278
8399.132813	11.9889
8404.518555	1.84821
8407.582031	12.6103
8413.417969	8.44633
8422.625000	82.8435
8433.204102	9.319
8435.919922	5.6668
8442.818359	17.6664
