TITLE "<<L16_MSMS_12856.0000_1>> 4700 MS/MS Precursor 12856 Spec #1=>AdvBC(32,0.5,0.0)=>NR(2.00)=>SM31=>CT[BP = 10884.6, 4749]" CENTROID
TYPE MASSSPEC
64.830414	0.517659
64.899971	3.95563
65.185646	47.6098
65.989403	7.69668
66.937866	7.22358
67.839149	0.186175
68.057442	1.56204
68.191971	0.863499
68.368736	10.0958
69.144928	6.34675
69.612442	6.26084
70.221809	9.55851
70.642792	1.74067
70.835152	0.515917
71.275742	5.07804
72.077873	26.1009
73.156006	26.5138
73.912140	24.7964
75.014160	3.5353
75.329193	165.479
75.695030	9.48247
75.947517	109.01
76.180695	247.934
76.658669	4.21658
76.944183	18.7931
77.217461	33.0681
77.446907	62.4797
77.958733	3.81873
78.155487	3.9756
78.299988	4.73607
78.541992	0.491759
78.664169	1.661
78.931831	0.717571
79.182289	5.34271
79.529922	2.011
79.802971	1.98824
80.063339	0.617101
80.350800	0.00373373
80.687462	0.285666
80.818077	0.173809
80.996590	4.29234
81.514946	0.243465
81.668304	2.14716
82.981865	10.9748
83.662140	20.1058
83.843224	1.58878
84.120033	30.4169
84.778137	36.4767
86.164375	20.7503
87.724876	46.3747
88.239128	0.311618
88.607788	0.737132
89.103256	2.21456
89.225624	0.0425077
89.773392	9.56361
90.410751	1.67524
90.497734	0.148465
90.680267	0.578169
91.145531	1.66895
91.920738	0.156327
92.450409	4.51262
92.631088	0.129719
93.247139	7.42367
94.072426	0.121076
94.431114	0.288015
94.742203	0.0974847
94.970161	0.657828
95.308098	0.66785
95.631561	0.840526
96.156517	0.958073
96.574669	0.105558
96.747124	0.136105
97.242325	0.5927
97.701874	6.06145
99.125496	8.18846
99.590027	3.97615
99.888969	2.51348
100.200951	10.4754
101.306480	24.3028
102.101540	2.96737
102.412018	0.547062
102.744492	1.11118
103.083450	0.620759
103.408783	0.643131
103.715134	0.154742
104.138573	1.1455
105.043579	0.394931
105.350403	0.15647
105.531204	0.395924
105.823601	4.73278
106.741791	1.58411
107.215439	19.6562
108.176430	12.0671
108.808929	2.43807
109.437714	5.32057
110.055763	1.05391
110.352654	1.69765
110.576401	10.6921
111.439659	6.76368
111.977524	0.857264
112.534134	0.414186
112.943077	1.72062
113.210999	0.770682
113.561180	0.423919
114.194237	4.14868
114.985077	8.0207
116.143661	7.41266
117.310791	2.12521
117.868515	1.61277
118.405312	3.01124
118.939720	2.45753
119.352989	0.758236
119.680138	1.13008
120.044128	0.18093
120.632164	4.60704
121.936768	11.6013
122.792068	7.36035
123.066452	0.826234
123.495117	0.271101
124.019051	2.87105
124.404686	0.978307
124.563751	0.0320605
124.781067	6.21874
126.104340	24.3114
127.152328	1.77489
127.323334	0.730027
127.614136	1.13252
127.974800	0.634758
128.299881	1.6905
129.256271	0.109472
129.467529	0.0227004
129.654099	0.0331637
129.943329	0.0227631
130.414169	0.554983
131.142792	0.725911
131.654053	2.84383
132.573425	2.50164
133.505875	5.96215
134.306229	9.89355
134.873856	14.7674
135.592682	29.0688
136.386185	12.5408
137.412750	9.25724
141.205658	27.0166
143.656250	1.86737
144.730408	2.80149
145.135880	1.84679
145.527390	1.07499
145.800842	0.265591
145.993958	0.955406
146.492615	0.345607
147.064590	0.219629
147.381393	0.181316
147.547195	0.0211237
147.825958	0.0966763
148.051453	0.163764
148.975952	4.51087
149.798080	1.88325
150.057053	0.460612
150.553192	0.336034
150.849579	0.0347982
151.105988	0.0930613
151.435272	0.212454
151.647171	0.235257
152.136215	0.121371
152.649414	2.7749
153.452866	1.42264
153.889816	1.77504
154.313034	1.30581
154.729340	1.00542
155.113785	0.400879
155.659241	0.832926
158.041443	7.20262
160.047195	4.38142
160.862045	2.02242
161.838165	2.40608
162.094650	0.849004
162.498886	0.103222
162.630127	0.0108561
163.019730	0.331883
163.235413	0.152104
164.324112	1.82082
165.876816	2.46132
170.331787	3.29346
172.647202	2.20975
174.037613	12.4706
175.056717	12.2536
175.927780	2.19174
176.357178	0.0259523
176.743668	0.58615
178.237167	3.36418
180.961044	7.06992
182.802368	1.47632
183.892426	4.27664
184.218140	0.482306
184.726105	1.29448
185.763474	6.02267
186.675644	6.28569
187.541534	2.08815
188.218521	0.16609
188.665863	0.142888
189.183212	0.309618
189.793976	0.540889
190.130859	0.073251
190.520264	0.420082
190.825287	0.409252
191.350388	0.108717
191.701492	0.150254
192.393463	1.39199
192.858337	4.95416
194.327744	5.41915
195.806564	0.845205
197.252274	0.351734
199.332977	0.267803
200.021057	0.16058
200.468323	0.184412
200.728561	0.0725902
200.974747	0.0974496
201.274475	0.0798092
201.511780	0.0149836
201.891998	0.462451
202.374008	0.243088
202.831177	0.159154
203.259720	0.0531837
203.892899	0.466777
206.068253	4.541
206.995331	0.0698151
207.451340	3.66231
208.682465	3.13078
209.784241	0.286628
211.064636	2.27849
213.306686	0.0689649
214.597900	0.619321
217.356400	1.65955
218.446152	0.849475
218.849411	0.483566
219.739990	3.20591
220.832031	0.804926
221.330215	2.50417
221.810410	0.230599
222.386215	2.84434
223.924362	1.12877
224.237091	4.45179
226.436676	12.074
228.680893	11.1642
231.384384	5.19525
231.830292	2.36112
233.113495	0.123696
233.368317	0.0887965
233.585495	0.0545989
233.968399	0.0168606
234.689178	1.78361
236.972351	0.866433
237.355545	1.48321
238.923065	3.50537
240.581223	4.30487
243.142792	0.646211
243.710510	0.548259
244.093704	0.98015
244.998978	0.270874
245.364944	0.0587883
246.256516	7.27896
247.483780	0.393811
247.809311	0.102137
248.417511	1.11801
248.733154	1.01166
250.365891	3.6881
251.843811	6.67548
252.703568	4.75811
253.054703	1.10004
253.721085	1.92617
254.028183	0.204687
254.893417	0.527648
256.601868	1.45925
257.304108	0.969462
257.802460	0.410318
258.351044	0.403062
258.774719	0.0439213
259.919281	5.58548
263.836670	7.23365
264.394257	6.41767
266.589355	8.18143
267.467621	0.180134
267.814056	0.0722683
268.023132	0.0936891
268.443726	0.0428165
270.293274	0.641001
275.903046	0.43656
277.416199	0.365644
278.096558	0.955931
278.731812	0.782451
279.205902	0.320215
280.109161	2.69325
281.464569	1.67623
282.452911	0.236793
283.269135	0.348198
283.843079	0.347592
284.425995	0.355655
285.599762	4.42305
288.771149	2.60801
291.970917	1.63453
294.363953	2.22483
295.810242	0.814873
297.277588	0.961368
298.738129	2.90557
301.215118	6.61484
303.096924	0.772819
304.693024	0.836008
305.434540	0.156244
305.748260	0.0816076
306.056854	0.0510741
306.461731	0.0414855
307.329742	3.71493
312.140350	1.24206
312.533783	0.849181
312.755798	0.0557528
313.182159	0.488483
313.637573	1.59748
314.826813	0.115568
315.217682	0.489329
315.828613	0.06037
322.276062	1.55301
324.278229	0.354487
324.832184	0.119899
325.105042	0.0768112
325.327667	0.022205
325.791290	0.211336
326.320801	0.22304
326.892029	0.0705306
327.426514	0.0338621
329.270874	2.20044
338.993073	0.0376884
339.561920	0.241535
339.976624	0.177917
340.241943	0.0639849
340.690857	0.100088
341.021637	0.0664374
341.254547	0.00589799
341.460663	7.27226e-005
343.990387	0.238221
346.583649	0.478012
348.230408	5.78438
349.417114	2.08346
350.035767	1.031
350.608124	0.962471
351.248718	0.181996
351.881317	0.2287
352.468933	0.232321
353.074310	0.0924512
353.722198	0.358015
354.643555	0.126903
354.982941	0.225826
355.763916	0.0212932
357.433502	1.73791
360.116302	9.26207
361.711365	0.318988
362.168945	0.685976
364.245361	1.11695
367.234039	1.98084
376.157532	1.13487
377.503632	1.1381
390.207306	0.036963
391.330902	0.556596
392.114258	0.213359
392.331146	0.0506129
392.837433	0.108352
393.408356	0.152925
394.380005	0.479002
395.049622	0.278595
395.696442	0.186415
396.333069	0.0629438
398.008301	0.752568
400.272644	2.59436
401.914764	1.93035
403.167328	0.277978
404.145660	0.101501
404.684265	0.527441
405.427185	0.623258
406.048889	0.351126
406.651184	0.28945
407.235077	0.170656
407.908295	0.0560683
408.514771	0.0272211
408.802124	9.46934e-005
409.299957	0.0178733
411.250122	0.890412
413.569214	3.50755
415.186218	2.26774
417.219360	4.3873
420.367310	3.7289
421.825867	0.183572
422.211304	0.42102
422.661774	0.229461
423.000702	1.8769
424.546692	2.49141
425.945190	0.377342
426.965515	0.0287346
429.142181	1.18895
433.954834	3.79464
435.674622	0.0822657
435.932129	0.594092
436.507782	1.28786
436.859985	0.0588271
437.214447	0.814927
437.681305	0.290615
439.479095	1.31585
442.094849	0.430833
443.016083	0.131028
444.212524	0.243542
444.927399	0.124362
445.591492	0.143101
446.071411	0.0684459
446.354095	0.0132842
446.897430	0.0223074
447.377136	0.284509
448.518738	0.358292
449.237030	0.380956
449.830719	0.560873
451.023102	0.694447
451.628693	0.609768
452.335480	0.395124
452.961334	0.223037
453.612732	0.133935
454.106720	0.0772265
454.447571	0.032708
454.971161	0.0328611
455.333618	0.02497
455.942780	0.113116
457.064392	0.0951325
457.390656	0.191872
457.837952	0.262557
458.367706	0.0182503
458.678497	0.0549345
459.229828	0.0576575
466.912567	1.46239
470.048340	1.40331
471.446320	0.0340525
471.917603	0.238778
472.397125	4.7211
473.215820	2.62205
473.959869	0.766296
474.592316	0.446008
475.043915	0.0303454
475.545410	0.000133026
475.689392	0.0288627
476.447540	4.07632
478.385345	4.522
478.972198	0.674443
479.814362	0.887548
481.657440	0.770805
483.798370	2.98566
487.317505	0.14162
487.932129	0.630762
488.445984	0.360564
490.173035	2.5139
491.817169	7.5122
493.638641	9.43108
495.035431	0.602242
496.263550	0.906611
502.465179	2.85942
504.180176	0.0788063
504.566650	0.0463986
504.966797	0.0239839
505.497498	0.0199096
505.857941	0.244818
506.464539	0.525746
506.850708	0.333052
507.238373	0.215735
507.774445	0.110107
508.106171	0.201952
510.678040	3.66695
513.208984	1.11399
514.205566	6.84821
514.831055	1.3139
515.800354	2.9245
516.279602	3.12732
519.395447	2.07678
521.368347	4.40962
523.858154	0.255229
524.908142	0.763598
525.510132	2.97454
527.397888	0.922059
528.717163	0.568027
530.578735	2.44419
537.208069	1.10291
539.903687	0.775292
540.415466	0.0966321
540.859619	0.0622668
541.746948	1.90478
543.215759	0.469035
543.621887	0.379911
543.924805	0.18164
544.503052	0.15235
545.047119	1.46377
548.495422	3.31321
550.518555	2.30063
551.211304	2.26695
551.730774	0.0498964
552.086548	0.52686
552.624268	0.530003
553.627502	6.8887
563.067627	8.47243
570.709229	5.2077
576.060364	4.73547
579.836060	0.851731
588.047424	1.40266
588.745850	0.321214
589.916992	0.774569
590.708313	6.54624
593.457092	3.98019
595.845398	2.44298
600.362061	0.430924
602.862000	0.0849005
603.578918	0.14725
604.004944	0.0958715
604.444458	0.048551
605.017822	0.0411547
605.421326	0.0219038
612.564880	1.62917
614.278137	0.149218
615.224121	0.624387
615.967712	0.773557
616.901428	0.189139
617.725464	0.34708
618.507019	0.0210526
619.136169	0.173418
620.531067	0.551419
621.379639	0.596306
622.336243	3.17118
624.904724	0.865619
625.735901	0.840788
626.066345	0.0649048
626.590881	0.29885
627.163757	0.0921842
628.144714	3.71709
631.181213	0.548157
633.389465	0.455712
634.535889	0.187291
635.400146	0.179341
636.275696	0.174583
638.039551	0.557138
641.979126	3.09477
644.412170	20.0814
646.447571	8.29512
646.928101	3.42644
648.935364	4.96485
650.745911	0.990301
652.892456	1.64937
656.114990	0.585561
656.757385	0.450044
657.244812	0.129773
657.723816	0.193102
658.272034	0.146029
659.965515	1.88965
666.217407	2.11814
669.738159	3.61447
672.137817	3.93125
673.630371	0.686111
673.964844	0.132203
674.401001	0.30023
675.069092	0.0987656
675.422180	0.157621
677.036682	0.93654
679.886230	4.31356
681.575623	1.64871
682.318604	0.965158
683.191833	0.980681
683.992615	0.137878
684.523193	0.0732289
685.036011	0.0485051
685.453979	0.25423
686.488586	0.0123505
687.903992	1.91679
690.300781	3.23306
692.205505	1.38078
693.352112	0.692502
695.165039	0.397657
695.682129	0.75159
696.586914	0.14961
697.119690	0.271608
697.466492	0.081322
698.059692	0.0730834
698.604553	0.0503676
699.193176	0.0342182
700.407654	0.012186
702.327454	0.382328
705.515015	1.02263
706.988953	1.49053
707.744629	1.37683
708.735168	0.288857
709.809204	4.28146
711.453979	0.449702
712.186768	1.06824
716.098083	1.70046
717.731140	0.437518
718.104980	0.0233565
718.639343	0.221395
719.542297	0.26269
720.458435	0.17756
721.700623	0.237234
722.410278	0.165241
723.347717	0.515262
727.367615	0.454571
727.963379	0.155464
728.403687	0.0543696
728.934021	0.0492605
729.541138	0.548233
734.049500	0.615161
735.337219	0.151374
735.992126	0.0743586
736.372009	0.0341353
737.039917	0.0625079
737.533691	0.0171643
737.947998	0.00947643
739.029785	0.225651
742.181396	1.86416
744.986572	6.71154
746.390625	2.65205
747.158569	0.522028
748.215820	0.427138
748.937805	0.0249858
749.584900	0.00454873
753.573547	0.0874209
757.575439	1.67938
761.014038	0.36956
764.522156	0.350891
766.980408	0.459891
768.250488	1.50843
769.297546	1.20809
770.120544	0.469702
771.015503	0.143931
771.566040	0.104749
774.069824	0.776682
774.529602	0.168902
774.974304	1.91356
777.898621	1.73379
778.808838	0.588236
779.883484	0.329906
780.762817	0.202324
781.588013	0.0390827
782.376465	0.0485801
786.057007	1.27595
792.344055	5.58378
796.499023	4.50389
800.679199	7.31065
813.154785	5.65848
823.146667	5.14233
829.537415	1.93997
830.229004	0.237529
830.832947	4.06385
832.886230	0.390921
833.901001	4.59712
834.642273	1.68897
835.725159	0.100569
837.156372	2.42001
839.477783	0.134432
840.121521	0.413954
840.682434	0.650582
841.225708	0.197992
841.750183	0.610555
843.293457	1.30519
844.399048	1.14937
845.153259	0.712906
847.909424	1.84445
850.027527	0.525232
850.958191	0.324837
852.049622	0.26541
852.997742	2.76316
854.589111	0.179571
855.473145	5.90041
857.281799	1.64804
857.614685	0.0650911
858.161133	0.653612
859.314026	0.400987
860.180847	0.0637382
861.632019	0.0669141
863.557556	0.160017
864.560303	0.432052
865.616821	0.978772
866.881653	0.643479
867.742554	0.1823
868.775940	0.180352
870.154358	2.01502
871.450745	1.34804
872.352661	0.457496
873.388611	0.359672
874.146545	0.0408294
875.821411	1.05461
888.431335	1.06915
891.663696	7.7866
893.517212	3.13184
894.524902	1.11863
895.602356	1.28091
896.516907	0.138914
897.856445	0.672437
898.853333	0.238074
899.843689	0.310985
900.631226	0.0643606
901.556458	0.0263905
902.391846	0.0394776
903.192810	0.0704729
903.714233	0.0509641
904.085083	0.00456892
904.741272	0.176579
905.394531	0.126975
905.837646	0.0767877
906.571777	0.0631935
907.107910	0.0460108
907.539917	0.00429186
909.895386	0.222768
911.955688	0.239431
912.978699	0.136894
913.961670	0.0890505
914.930481	0.0293527
915.664734	0.00316927
916.837341	0.0190696
919.453674	0.152683
921.077148	0.105583
921.515015	0.166557
922.187256	0.275404
923.298706	0.0660784
923.671692	0.00396791
924.122925	0.0300083
925.304810	0.2951
930.437012	0.132261
931.317078	0.278758
931.846985	0.171962
932.386353	0.0710155
933.126465	0.0542108
933.553894	0.0158246
934.084351	0.0336563
937.830627	0.0426862
938.716309	0.0748453
939.244141	0.0482933
939.796021	0.0245358
940.514526	0.0205476
940.971252	0.0106208
941.437073	0.0214452
944.231812	0.584822
946.134033	0.0302685
947.230835	0.347966
949.032715	0.167055
949.939148	0.110392
951.016479	0.0647713
951.805969	0.0102553
964.845947	2.0971
975.875305	0.131944
977.657593	0.24406
978.721313	0.121685
979.731628	0.0785477
980.679321	0.0267036
981.340271	0.00894408
982.976501	0.15236
984.818481	1.21237
986.246216	0.795732
987.163879	0.507891
988.253723	0.304252
989.096619	0.0425968
989.836365	0.00330515
990.300781	0.000266749
996.447388	0.0378907
997.159668	0.297453
997.854004	0.443452
1000.588928	1.74083
1003.901062	0.721073
1008.600281	2.71622
1014.358826	1.95098
1018.570007	1.21013
1022.180542	0.330813
1025.424316	0.379391
1028.731323	8.81466
1032.053833	7.8385
1033.941772	0.924887
1034.809082	5.14558
1036.160522	4.35976
1036.898315	0.114946
1037.234009	0.969775
1040.922974	10.485
1046.660034	0.489578
1048.147827	1.1715
1049.067749	0.478678
1050.155396	0.268968
1051.283691	0.634091
1051.934448	0.661476
1052.374634	3.18941
1054.596191	6.19154
1056.324951	0.290956
1056.842163	0.250133
1061.821289	1.28754
1063.548096	0.284028
1064.502075	0.195508
1065.662354	0.0388436
1070.739990	1.43113
1073.733154	1.30357
1075.961426	1.11551
1077.241699	0.147362
1077.575684	0.0296009
1078.218872	0.266844
1079.329346	1.04927
1084.306641	5.92314
1089.386108	8.23181
1093.064209	1.20114
1096.040039	0.77344
1102.131470	0.608091
1104.306519	1.1019e-008
1104.544434	3.92417e-008
1104.888550	3.36101e-008
1105.206055	3.36096e-008
1105.444336	1.68048e-008
1105.629639	2.24064e-008
1105.894287	3.36096e-008
1108.914551	6.04972e-007
1111.885742	2.24064e-008
1113.240112	2.63275e-007
1114.542114	1.12032e-008
1114.648438	1.12032e-008
1114.940796	5.04144e-008
1115.286499	2.24064e-008
1115.844849	9.52271e-008
1116.350220	1.12032e-008
1116.642822	5.04144e-008
1116.988770	2.24064e-008
1117.547607	9.52271e-008
1118.053345	1.12032e-008
1118.346191	5.04144e-008
1119.029419	0.00869243
1120.859009	0.392021
1122.842529	0.90057
1123.965698	0.463319
1125.106079	0.240642
1126.140503	0.111942
1126.959473	0.00921707
1127.710571	0.000303212
1128.137329	1.71194e-006
1128.506714	7.03462e-008
1128.940796	3.3749e-008
1129.182373	1.67957e-008
1129.369751	2.24065e-008
1129.557007	1.68048e-008
1129.744385	2.24064e-008
1129.985229	2.8008e-008
1130.375732	0.00119975
1131.318848	0.0444119
1132.311523	0.0746338
1132.891602	0.0483108
1133.496582	0.0251203
1134.287598	0.0201497
1134.792603	0.0107611
1135.170288	0.000361676
1135.614258	1.83257e-005
1135.825439	5.32457e-008
1136.150024	1.63569e-008
1136.310669	1.68004e-008
1137.760498	2.85681e-007
1139.560669	8.96255e-008
1140.795044	0.00615532
1144.354370	0.343043
1148.331055	1.07303
1151.020874	0.833356
1153.429688	0.0956446
1155.124146	0.00967195
1156.356812	0.000177807
1156.805786	6.86005e-007
1157.153320	0.11224
1159.318848	0.0128942
1160.982544	0.00432395
1164.729614	0.330185
1173.716431	1.2529
1175.225708	0.426582
1176.252075	0.202937
1178.292725	0.659854
1180.035889	0.602062
1180.541260	1.45947
1184.169556	2.82651
1187.809082	0.392689
1190.840698	0.0198055
1194.056030	0.451081
1198.732910	3.88305
1201.077026	0.403082
1201.708130	0.712768
1202.236206	2.24313
1204.855103	2.29407
1207.635864	1.39474
1211.077881	1.18734
1213.491089	0.598913
1225.036011	1.65663
1227.685303	0.180402
1229.279419	0.233885
1230.271118	0.205439
1231.471558	0.657969
1232.444702	0.539144
1233.730835	0.15073
1234.762451	0.695039
1240.620361	12.5251
1245.593262	3.28888
1246.330322	1.46172
1247.628418	0.110787
1249.986938	1.58395
1252.991089	0.489648
1268.340576	2.33513
1272.010742	0.488868
1275.111206	7.41154
1277.580444	1.99834
1278.348389	1.49203
1280.480103	1.54812
1283.258789	0.16044
1284.700684	0.0379896
1286.670898	0.390225
1288.052368	0.815151
1289.523193	0.721283
1290.738892	0.400623
1291.668945	0.158716
1293.091187	1.68451
1303.985596	1.18827
1306.556030	0.444395
1307.166870	0.384198
1309.705078	0.607368
1311.579712	0.0177995
1315.131836	4.50392
1329.600342	3.18395
1330.690674	1.82487
1333.821289	0.824617
1336.279541	0.727525
1371.471191	1.49492
1376.384644	1.07182
1379.421143	0.818035
1380.717896	0.235129
1381.635864	0.0268306
1382.168579	0.076882
1383.315674	0.292911
1384.856934	0.19391
1386.084229	0.0978225
1387.490845	0.18018
1388.171631	0.700891
1391.532104	0.330703
1440.631714	0.00239914
1441.697998	0.0888245
1442.820190	0.149266
1443.476196	0.0966208
1444.159790	0.0502412
1445.054077	0.0402998
1445.624878	0.0215219
1446.051758	0.000723183
1446.553589	3.69001e-005
1451.744385	0.0145736
1453.008667	0.0802287
1453.871582	0.0593922
1454.423950	0.0213846
1455.358032	0.0333242
1456.046143	0.0221605
1456.531006	0.00197427
1456.961548	2.8259e-005
1461.490234	0.435905
1466.644043	3.25631
1470.066162	1.22671
1470.488037	1.52628
1473.295532	1.98122
1475.452026	0.107469
1477.170410	0.00862564
1478.157593	8.9356e-005
1478.744141	1.27083e-005
1479.597656	6.94402e-006
1514.975952	0.000108943
1516.562622	2.71059e-007
1538.129272	0.00359444
1539.231567	0.132987
1540.391479	0.222618
1541.075195	0.143943
1541.776733	0.0755639
1542.700195	0.0607789
1543.294189	0.0322192
1543.745605	0.00128446
1544.171997	4.39185e-005
1544.525391	2.89731e-007
1546.569702	0.0459388
1549.326782	0.240833
1551.118652	0.159641
1552.272827	0.101685
1553.643188	0.0610056
1554.714478	0.00866546
1555.614014	0.000624955
1556.343018	1.09427e-005
1556.808472	3.53092e-007
1574.385010	0.00239653
1575.500366	0.0886575
1576.674072	0.148412
1577.365967	0.0959617
1578.075806	0.050377
1579.010254	0.0405182
1579.611206	0.0214794
1580.068359	0.000856513
1580.590942	2.97031e-005
1595.221924	0.00119772
1596.344727	0.0443292
1597.526367	0.074206
1598.222778	0.0479808
1598.937378	0.0251878
1599.878052	0.0202596
1600.483032	0.0107396
1600.943237	0.000428092
1601.377197	1.47186e-005
1604.639648	0.00579394
1606.835815	0.256669
1609.214966	0.483394
1610.579468	0.271907
1611.889038	0.176995
1613.155518	0.0583112
1614.153687	0.00606224
1615.055542	0.000192527
1615.572998	1.40468e-006
1621.764893	0.0447294
1624.373291	0.0269782
1625.044312	0.398866
1626.159668	0.340263
1626.672607	0.0426673
1627.645386	0.157158
1628.501709	0.0590547
1629.056763	0.0154728
1630.104736	0.00855087
1631.030029	0.000624945
1631.776611	1.09427e-005
1632.253418	3.53092e-007
1643.957397	1.00661e-006
1646.730713	2.5434
1654.643433	4.12357
1659.660278	2.67285
1663.612427	0.337865
1666.063354	0.234131
1667.442505	0.135617
1668.775269	0.087849
1670.064209	0.0291622
1671.080078	0.0030402
1671.880127	6.57272e-005
1672.577515	1.93208e-006
1690.401123	0.32693
1695.960815	2.34187
1699.918823	1.89805
1702.018921	0.338068
1703.068848	0.33345
1704.498657	0.126854
1705.662231	0.0490869
1706.872192	0.0649778
1714.233032	0.708113
1717.444336	0.254956
1719.390137	0.153383
1720.598145	0.0828658
1722.036377	0.0536964
1723.173340	0.05285
1726.788940	0.251041
1729.198608	0.488915
1730.615601	0.269918
1731.972900	0.174867
1733.279419	0.0575052
1734.360107	0.00622509
1735.069580	0.0010956
1738.894409	0.00141136
1740.283081	0.0430343
1741.514160	0.0729976
1742.241821	0.0485854
1742.999268	0.0230296
1743.972290	0.0215267
1744.635864	0.0103033
1759.330444	1.25428
1763.367920	0.338045
1764.713379	0.264772
1766.042236	0.320439
1767.349854	0.091427
1768.594238	0.0362542
1769.594482	0.00327527
1774.722046	2.22325
1783.843994	0.913249
1785.480469	0.467911
1785.896240	0.255316
1786.954102	0.202
1789.052368	1.20279
1792.014160	0.117789
1797.791504	0.283048
1801.121460	0.245434
1802.569336	0.135379
1803.934570	0.109895
1805.012207	0.14521
1805.735229	0.322086
1807.501099	0.0298889
1809.468384	3.06983
1812.851196	2.48037
1815.789795	0.268836
1818.422729	0.574528
1829.128418	0.155805
1831.501465	1.72393
1833.306763	0.5964
1833.863892	0.687845
1835.192993	0.538895
1836.677246	0.397468
1838.042358	0.166362
1839.083740	0.0147516
1839.977173	0.000655789
1854.446655	2.28113
1859.922119	0.481608
1862.401245	0.832913
1863.834595	0.536008
1865.572144	1.05484
1866.984863	0.459286
1868.432129	0.263054
1871.857300	2.18618
1876.872681	0.598238
1880.666382	0.0457861
1909.506836	4.19006
1920.389038	1.15404
1923.421387	2.76122
1926.461548	0.346443
1934.909058	1.45605
1957.079834	9.3564
1965.920044	0.0202829
1967.142090	0.0535697
1967.773682	0.120025
1968.622925	0.287615
1969.611450	0.220197
1970.283936	0.134996
1971.061890	0.123159
1972.073486	0.201671
1972.823853	0.368504
1974.546875	0.0268333
1976.175659	0.0915079
1977.731934	0.178759
1986.049683	0.108211
1994.521240	16.0399
2000.438721	6.88664
2004.995728	1.19695
2009.690918	0.729309
2022.176270	1.52751
2031.729736	2.14056
2035.472656	6.27228
2039.339722	8.43396
2041.592896	0.0820522
2043.405396	0.953251
2045.086548	1.91227
2048.723389	2.04761
2051.283447	0.103172
2054.030029	1.16281
2058.075928	0.862781
2060.942627	7.53987
2067.724365	2.50694
2068.607666	0.00151173
2070.258789	0.322106
2075.225586	1.1219
2078.865723	0.792838
2081.932617	0.0770942
2083.968018	0.0807037
2127.404541	3.52995
2136.325439	0.26354
2138.864258	0.166818
2139.545410	0.447417
2140.650635	0.459343
2141.542969	0.0599778
2142.330566	0.780627
2147.015381	2.75599
2148.062744	0.556001
2150.869873	0.185933
2152.628906	0.222579
2154.115234	0.353851
2158.793213	0.630584
2175.496094	1.96989
2178.303711	0.108601
2179.510742	1.26573
2188.771973	2.95594
2190.063965	0.451771
2191.821777	0.350863
2199.510986	1.99947
2206.354736	1.11068
2216.278320	1.95326
2220.278564	0.0160363
2224.624512	0.571953
2235.600586	3.76677
2242.477783	2.72524
2247.712402	0.37801
2249.416992	0.157294
2250.253174	0.0968413
2251.124023	0.0458837
2252.221191	0.0409873
2252.933350	0.0207639
2253.460693	0.000658783
2256.375488	0.00110238
2258.044922	8.27987e-006
2259.717041	1.03311e-005
2261.851318	2.07287e-006
2263.000000	3.56434e-007
2271.895508	0.00289725
2274.515137	0.128335
2277.353027	0.241696
2278.980469	0.135953
2280.542236	0.0884979
2282.052490	0.0291558
2283.242920	0.00303082
2284.318604	9.68196e-005
2284.933105	7.71813e-007
2285.571289	2.43376e-007
2292.073975	0.000966054
2296.202393	4.71293
2304.784912	11.8495
2305.837402	0.595791
2307.411133	5.06564
2316.154297	10.1602
2325.632813	1.05579
2348.842041	7.72595
2371.504883	8.21379
2373.966064	1.52512
2376.999268	0.0010622
2395.635498	0.00416091
2398.961426	0.352152
2402.510010	1.3079
2404.128906	0.743866
2405.873291	0.280266
2407.529541	0.330469
2408.419434	0.175181
2409.298096	0.0754774
2410.455322	0.0607861
2411.200195	0.0322191
2411.766846	0.00128443
2412.301270	4.38888e-005
2413.772949	0.0116505
2418.895264	0.711136
2424.688232	2.8782
2428.317383	1.09091
2429.451416	0.305192
2432.030762	0.430022
2434.623535	0.0193756
2436.423096	0.000353399
2437.104004	6.7972e-006
2438.146729	8.65731e-006
2439.290039	1.24631e-006
2455.132568	5.03683e-005
2459.606934	3.90593
2463.539551	0.546151
2465.523926	3.72477
2467.918945	0.799194
2469.302734	1.00009
2471.132324	0.351163
2473.601318	29.3403
2483.731445	34.1301
2485.272217	52.6613
2497.756592	31.558
2501.343506	0.241601
2503.732422	25.5621
2517.224121	102.411
2526.327393	2.21398
2532.909424	3.16116
2534.673828	0.78167
2536.379639	0.386036
2539.790527	5.50394
2542.967773	8.58475
2549.118652	39.4738
2556.835205	11.9972
2563.715820	2.16961
2573.105469	2.97552
2574.828857	1.2662
2576.586914	0.424107
2578.363770	0.539203
2579.868164	0.257839
2582.132080	0.107497
2583.081787	0.159135
2585.191650	0.0165957
2585.962158	0.00522597
2587.999512	0.377781
2590.606445	1.23963
2592.830078	15.1865
2600.057617	31.0554
2604.049316	19.7281
2613.062012	13.1168
2618.622070	484.903
2627.125977	4.78932
2628.484619	12.1576
2634.238037	1.63852
2642.728271	10.5327
2647.190674	1.38134
2650.096436	2.09778
2651.525146	0.626851
2662.571777	33.7467
2674.796387	0.578764
2679.050537	2.54639
2682.346924	2.86516
2692.511719	1.08367
2693.513428	0.358581
2694.418213	0.27567
2696.563232	1.08873
2697.661133	3.283
2701.783203	0.406971
2703.709229	0.300065
2704.878662	0.310189
2705.479004	0.890738
2710.501465	1.14051
2735.605713	0.0313666
2738.779541	0.17158
2740.269043	0.0249796
2741.169922	0.1312
2742.781982	0.0939142
2744.535156	0.0817063
2745.973877	0.00913457
2751.301270	0.108423
2753.018311	0.0700915
2754.195801	0.0692817
2754.987305	0.249676
2757.676270	1.52547
2759.447266	0.889192
2761.232422	0.557329
2762.871338	0.253312
2764.080566	0.563935
2769.540039	5.49317
2774.469238	4.18242
2777.865967	1.2499
2781.704346	0.652796
2786.556641	0.059839
2793.784668	0.410429
2794.559082	5.67642e-005
2803.484619	0.65929
2811.696777	1.21868
2814.017578	0.791487
2815.719971	0.377145
2817.503174	0.346746
2818.986328	0.0308114
2820.746582	0.480157
2824.942627	0.130313
2826.455078	1.50137
2830.549805	1.71245
2833.828369	0.576376
2839.296631	0.103793
2841.454102	1.03862
2844.420166	1.32737
2845.382080	0.687413
2847.512695	0.751038
2848.992432	0.488445
2850.593018	0.34766
2855.769775	2.18445
2859.514648	0.0665203
2868.232910	0.114806
2874.822266	0.00251059
2880.527588	3.589
2891.223389	0.101036
2892.490234	0.0440963
2893.254639	0.0210888
2894.578125	0.0325348
2895.623779	0.0225529
2899.242432	3.63359
2909.564453	1.52134
2918.392334	33.8481
2927.436768	5.90864
2931.858643	6.4393
2940.778320	0.601483
2946.485596	2.33903
2950.054688	0.0560679
2950.922363	0.03104
2952.354492	0.066529
2958.020264	1.85767
2962.403076	0.376471
2971.786865	4.22604
2975.447754	0.0999967
2978.249756	5.64153
2982.390381	3.73256
2985.179688	1.11703
2986.203125	0.619685
2988.462891	0.221056
2989.218018	0.0513859
2991.754395	0.147678
2999.953125	2.42231
3006.360352	8.51596
3010.908447	6.41995
3014.604004	1.08361
3032.928711	3.81392
3038.032471	0.52752
3039.800049	0.578384
3040.769043	0.000275362
3042.077148	1.65609
3044.625244	1.44558
3046.311035	0.718716
3048.233398	0.526772
3049.581543	0.0136848
3050.400635	0.00679683
3054.605469	16.3498
3061.908691	2.151
3063.368408	0.495032
3065.567139	0.792477
3072.213135	1.75019
3075.889160	1.00873
3077.606445	0.263272
3079.811768	0.416497
3092.538330	11.3059
3118.949707	0.0127485
3120.565918	0.0834262
3121.348389	0.0450696
3121.882080	0.0796217
3122.675049	0.0248153
3123.804443	0.0222929
3124.367432	0.0185807
3125.775146	1.15716
3142.496338	4.1227
3144.890137	0.96449
3146.622803	0.634163
3148.941162	24.0825
3160.443115	285.534
3167.581787	3.94786
3176.355469	29.1727
3180.186768	2.09969
3183.687012	2.86693
3186.463379	1.13423
3188.080078	0.849291
3190.097412	4.52404
3214.043213	28.3883
3216.499512	1.53461
3218.324219	0.739521
3221.084961	10.7557
3236.127441	16.2825
3245.489014	4.48781
3253.861328	7.36379
3257.921631	11.2585
3260.154541	36.2274
3273.865479	46.5877
3281.573486	4.30756
3290.196533	1.99698
3299.290527	0.360122
3302.414307	0.273628
3304.529785	0.196256
3306.023193	0.150954
3306.796875	0.0391916
3308.171387	0.0771192
3309.314941	0.0452602
3311.453125	0.277799
3321.218018	0.659852
3327.230957	3.6603
3332.004395	4.83331
3337.418457	6.3205
3346.733398	8.82788
3348.451416	4.93839
3354.694824	0.79737
3355.989258	0.200135
3361.467773	2.60653
3368.285889	1.399
3370.155762	2.50392
3372.718750	2.53308
3374.635254	1.09844
3376.723877	0.98885
3378.303711	0.0684777
3379.072754	0.00243823
3381.620117	1.60512
3392.550537	0.0129284
3393.877197	0.26526
3395.390137	0.314439
3396.446533	0.299644
3397.683838	0.281798
3398.908936	0.24153
3399.777588	0.412582
3402.131592	0.329852
3403.362305	0.657021
3404.242188	1.62
3406.504150	0.254658
3407.414063	0.128493
3408.531250	0.183675
3409.769775	0.0224854
3412.495361	12.1543
3419.742432	0.704591
3422.779785	35.8353
3430.128418	10.3609
3431.395020	2.00443
3434.761475	0.00662636
3437.667969	1.02683
3443.167480	1.35601
3447.270508	0.83679
3448.635498	0.778972
3449.481445	0.205942
3450.881836	0.282273
3452.114502	0.21649
3453.594482	0.14435
3457.081543	0.0336041
3460.570068	0.0106888
3462.143311	0.042866
3463.885254	0.0671378
3464.937256	0.0434937
3465.995117	0.0248103
3467.369141	0.0215464
3468.279541	0.00733764
3469.702881	0.0726705
3471.444336	0.118444
3472.324951	0.109751
3473.285645	0.102867
3473.946045	0.0204242
3474.805664	0.0347148
3475.718018	0.0442288
3476.607422	0.0154512
3477.864014	0.0376202
3483.062012	0.25589
3486.527832	0.780645
3488.392822	0.601215
3490.323242	0.171961
3491.467285	0.0197284
3492.364502	0.0201212
3496.291992	0.919865
3506.895508	2.82641
3513.852295	5.12043
3518.231445	2.93345
3521.837158	0.678264
3527.238281	0.233182
3528.541260	0.000931282
3532.284912	6.43512
3539.727539	4.5914
3545.061035	0.385608
3550.925537	0.108635
3560.259766	0.0131649
3562.132568	0.0790896
3563.493896	0.0588574
3564.402832	0.0212041
3565.838379	0.0304732
3566.945557	0.0199161
3567.756348	0.00225783
3568.435791	0.000103047
3574.794189	0.0245202
3578.185791	0.224684
3580.879395	0.169753
3582.666260	0.114195
3584.698975	0.0573209
3586.009033	0.0041836
3589.840576	1.54315
3595.882568	2.72021
3599.392578	1.16424
3601.083496	0.380693
3603.136719	0.296639
3604.493652	0.247184
3605.668213	0.222011
3606.723389	0.0591999
3608.058350	0.0848471
3609.384033	0.0565021
3614.228027	4.36591
3626.100830	0.552373
3627.947754	0.736546
3629.024902	0.256707
3629.937012	0.899136
3632.729492	2.25622
3640.066406	0.159373
3641.693604	0.240355
3643.265137	1.30498
3645.194824	0.794146
3647.083252	0.481834
3648.795654	1.0087
3656.971436	2.09104
3673.072266	31.62
3687.479004	11.8914
3695.843750	57.7382
3715.447021	19.7106
3720.128418	3.17223
3726.114502	7.84763
3733.167969	2.01622
3738.057373	1.70138
3742.418213	0.202135
3748.362549	0.166658
3752.598145	0.454746
3755.090332	0.974597
3756.661377	0.867006
3757.590576	0.130739
3758.877686	0.415932
3760.253906	0.235423
3761.047119	0.0408161
3762.251221	0.017551
3768.110352	3.98843
3774.645020	0.0636215
3777.180176	0.52502
3778.718750	0.356703
3780.794434	0.655962
3782.915527	0.388669
3784.552490	3.37117
3790.380127	2.6217
3791.743408	0.842953
3795.439941	1.94843
3797.832031	3.66097
3801.535400	2.92721
3803.811768	1.58612
3804.875488	1.22755
3806.679443	0.245672
3809.125000	0.967029
3810.748535	0.368156
3816.895996	0.198499
3821.677979	0.00871279
3827.650391	0.0708251
3829.166016	0.160784
3833.812012	0.815308
3837.972656	0.154585
3845.840820	5.10961
3853.845947	2.1292
3855.290283	1.01033
3858.965088	0.140953
3861.314453	0.577174
3862.680664	0.427393
3868.801514	10.4026
3875.713867	10.0412
3880.775146	2.68879
3884.430176	1.59455
3889.184570	2.73232
3892.818604	0.106934
3894.623291	3.96125
3900.156250	5.98336
3910.562988	3.37439
3913.472168	0.688753
3923.452393	0.348648
3927.879150	0.213151
3930.089844	0.175336
3932.529785	2.25893
3935.564941	1.32988
3937.464111	0.758977
3939.603516	0.548635
3941.376709	0.0825057
3942.706055	0.0646666
3951.276123	0.0110281
3955.678711	1.09802
3960.350098	0.0919993
3961.344238	0.199261
3962.652344	0.46948
3963.657227	1.09606
3967.761963	1.84864
3970.433838	0.500057
3972.154785	0.300253
3974.331543	0.111867
3975.815430	0.135405
3988.581543	7.56463
4008.413086	12.7736
4015.748779	0.0222647
4018.556641	1.02356
4020.316895	0.508214
4022.119629	0.0950457
4024.570313	1.1937
4033.352051	1.00575
4035.280762	0.0841954
4036.325195	0.308419
4038.594971	4.03923
4049.778076	1.46113
4058.697754	2.42145
4062.503906	0.321957
4064.380615	0.198807
4066.586182	0.0981284
4068.295166	0.0124663
4077.114502	1.06823
4080.781006	0.328242
4083.798340	0.175893
4085.553955	0.177873
4088.740967	4.31211
4110.923828	12.1016
4112.851074	0.853366
4115.363770	14.4082
4127.400391	2.45236
4128.741211	0.305509
4130.137207	3.33173
4139.368652	15.4613
4141.824707	7.1495
4148.411133	3.18164
4151.760742	0.088489
4155.839844	2.29864
4159.640625	0.453314
4161.098633	0.213416
4162.283691	0.0122537
4163.619141	0.0914554
4164.910645	0.0552118
4166.650391	0.362138
4168.576660	0.186007
4169.779785	0.0547139
4171.018066	0.11929
4172.358887	0.0838871
4173.487793	0.0127717
4184.397461	8.24964
4198.282715	22.7721
4208.286133	18.009
4218.736816	3.32842
4224.248535	0.993519
4226.084961	0.274014
4228.094727	1.74847
4237.692383	13.3284
4244.872559	0.234414
4247.316895	10.1969
4257.429688	24.3369
4274.066895	29.9898
4287.139648	0.969376
4294.415527	2.95335
4300.239746	26.2832
4305.229492	7.75295
4311.877441	4.3247
4314.394043	1.55239
4316.647461	0.898773
4318.443359	0.279714
4325.086914	126.049
4344.786133	286.695
4361.286133	51.5942
4371.883301	4.46106
4374.658691	0.4925
4377.238281	0.8722
4378.279785	0.00113768
4379.289551	0.0140861
4380.803223	0.736193
4382.990723	0.465827
4384.882324	1.47315
4396.860840	11.2442
4404.856445	0.151362
4409.090820	2.12398
4412.945313	1.52169
4415.489258	0.328404
4417.652344	0.421389
4420.163574	0.32687
4421.388184	0.169373
4422.496094	0.13859
4424.124512	0.0685983
4425.474609	0.453408
4432.973633	0.0867805
4434.569824	0.0526001
4435.583496	0.018873
4437.216797	0.0261115
4438.513672	0.0217953
4449.429199	3.11925
4457.926270	0.854812
4460.764648	0.280469
4462.249023	2.51471
4466.355469	0.776871
4468.136719	0.394552
4470.346191	0.106986
4472.679688	0.414607
4483.494141	0.560597
4486.710938	0.274575
4488.647949	0.179532
4491.402832	0.113962
4492.889648	0.0728837
4495.586914	0.281851
4497.553711	2.62567
4507.314453	2.86542
4512.607422	0.264291
4513.888184	0.165618
4514.857910	0.044503
4516.406250	0.0680613
4517.786621	0.0424649
4518.772949	0.00732145
4520.171875	0.077544
4521.667480	0.0635619
4522.703613	0.0223627
4524.355957	0.0233723
4525.609375	0.0239117
4530.670410	0.11919
4534.114746	0.136206
4537.097168	0.584939
4539.097168	0.660774
4541.062988	0.389872
4541.760742	0.165646
4543.386230	0.403544
4545.003906	0.049231
4545.928711	0.0155806
4550.604980	0.174148
4554.493164	0.0953241
4555.523438	0.177367
4556.995117	0.228985
4558.668945	0.0162683
4559.652344	0.0587089
4561.407227	0.0545513
4563.098145	0.00293376
4565.044434	0.00792018
4569.909180	0.0646257
4573.841309	0.444368
4581.069336	1.83005
4592.890625	0.162232
4596.646973	0.220635
4599.109375	0.145622
4600.666016	0.079578
4601.359375	0.0392194
4603.351563	0.0385785
4617.999512	5.97142
4642.583008	7.1977
4656.171387	14.3156
4663.629883	6.9224
4667.822754	2.02017
4673.350098	4.31821
4676.843750	0.84113
4677.856445	0.192178
4678.734863	0.796877
4681.764160	0.565022
4682.711914	0.151922
4686.842773	0.0992118
4690.770508	0.714841
4692.363281	0.25422
4694.020508	0.162649
4695.057129	0.0531759
4696.699707	0.0973578
4697.987305	0.0595111
4699.269043	0.0836123
4703.615723	0.146788
4705.785156	0.0508622
4707.420898	0.582623
4708.743652	0.395461
4709.844727	0.123892
4711.557129	0.128501
4712.657715	0.0446145
4713.433105	0.0100544
4726.168457	1.30075
4750.554199	0.487516
4754.384766	3.07797
4758.372559	1.48919
4760.581055	0.55597
4763.062988	0.510745
4764.493164	0.139233
4767.900391	0.97872
4769.940430	0.901662
4772.136719	1.50113
4774.125488	0.428455
4775.292480	0.0518275
4776.293945	0.293799
4778.109863	0.491597
4783.937012	0.36712
4787.286621	1.0784
4789.674316	0.541991
4792.078125	0.280209
4794.237305	0.156761
4798.670410	6.83199
4815.432617	1.54739
4817.827637	0.567796
4819.764160	1.25435
4820.606934	0.188213
4822.002441	0.308515
4826.070313	3.12473
4831.065430	0.79947
4833.340820	0.224263
4836.381836	0.277611
4841.371094	6.49817
4849.535156	3.53433
4856.639160	0.754798
4869.973145	6.82239
4871.170898	1.02957
4872.269043	0.772097
4874.078125	6.04893
4879.181641	0.176381
4888.443848	69.9732
4903.044922	11.5836
4911.366211	2.51992
4915.320313	0.263678
4919.646973	3.92576
4930.308105	3.29905
4943.918457	3.07522
4945.688477	0.349702
4946.669434	0.0921929
4948.370605	0.198792
4949.633789	0.212687
4956.993164	1.11782
4959.093750	0.46788
4960.895996	1.02948
4966.833984	2.10476
4967.884766	2.57223
4972.010254	1.57304
4973.217773	0.411972
4976.340332	0.36176
4977.869141	1.29692
4984.710938	2.4174
4992.066895	16.8636
4999.216309	6.77842
5002.446777	3.05782
5017.480957	18.4306
5028.905762	0.24932
5032.888184	11.9308
5045.317383	4.38264
5047.110352	1.451
5047.925293	0.14451
5049.304199	1.03702
5051.285645	2.51415
5061.734863	3.53466
5063.953613	0.687752
5067.411133	0.704782
5070.552246	0.453971
5079.156250	0.85183
5081.029297	0.149514
5082.348633	0.100843
5086.732422	8.77116
5092.486328	3.7143
5097.125488	2.69287
5102.062012	0.418246
5105.034668	1.84649
5115.841797	3.21645
5119.258301	1.6763
5122.440918	3.59058
5124.084473	1.0663
5132.585938	6.00764
5140.040039	0.0583233
5142.341309	2.1795
5145.249023	4.67548
5147.645508	3.24554
5149.942871	8.98003
5158.711426	12.7196
5163.396484	3.23954
5165.524414	1.61728
5168.122070	1.50655
5182.175781	9.39779
5187.330078	0.0277724
5189.798340	0.22307
5193.112305	0.622893
5194.660645	1.07216
5197.267578	0.0539946
5198.906738	1.00928
5202.907227	0.916289
5205.479980	0.273
5207.745605	0.311216
5210.021973	0.69976
5218.626953	0.736089
5223.674316	2.04486
5226.052734	0.370303
5228.126465	1.16622
5239.228516	11.441
5255.341309	6.46107
5259.363281	7.31541
5261.176758	3.75793
5263.564941	4.76353
5272.508789	2.8683
5274.805176	1.32459
5276.656250	7.51142
5286.718262	2.84253
5293.802734	3.19739
5310.933594	1.64736
5312.382813	0.684034
5317.857910	2.47233
5323.797852	2.92067
5326.778320	0.35789
5328.138672	0.154594
5329.579590	0.0898931
5331.229980	0.124402
5333.485352	1.41569
5340.214355	1.40273
5345.130859	2.34893
5350.452148	1.07551
5352.972168	0.606062
5355.125977	0.31864
5357.530273	0.0531607
5362.289551	0.618968
5372.737305	2.70132
5375.436035	9.95034
5391.674316	4.27428
5395.888184	2.23672
5405.217285	0.651559
5407.142578	0.548499
5409.078125	0.830583
5411.156250	2.82151
5413.480469	0.358831
5415.294922	0.560557
5416.602539	0.26775
5418.398926	3.39132
5422.861816	8.49776
5428.074707	0.490885
5430.588379	0.210956
5441.097656	0.149309
5444.343262	0.232904
5446.829590	0.165184
5448.979980	0.0869427
5451.836914	0.228393
5454.371582	0.116767
5456.775879	0.0643755
5459.213867	0.0296289
5463.497070	0.300254
5466.521973	0.155786
5468.353027	0.149963
5469.480957	0.278763
5472.587891	0.501006
5475.472168	0.754104
5477.699707	0.471812
5479.708984	0.618136
5487.865723	28.9332
5501.588867	55.6672
5510.795410	38.0032
5515.308594	0.619224
5518.906738	0.122526
5520.132324	0.0230348
5522.331543	0.644882
5524.083984	0.341841
5525.513184	4.33644
5533.876465	13.6162
5541.538086	1.06962
5543.955566	1.73371
5545.659180	2.05799
5552.812988	2.48172
5555.376953	0.246925
5556.817871	0.2734
5558.608398	0.578633
5561.454590	2.37442
5583.499023	14.9197
5587.201172	79.1023
5601.984375	242.713
5612.433594	22.1252
5623.599121	9.08963
5634.643066	9.21579
5636.940430	2.11478
5640.566895	1.76729
5643.138184	0.674662
5645.794434	0.452958
5648.640625	0.394185
5650.503418	0.0515546
5654.245117	0.0172176
5656.134766	0.0657239
5657.544922	0.0655483
5669.527344	4.26812
5671.568848	0.213028
5674.479492	0.576849
5680.926758	2.23618
5684.806152	2.06976
5688.407227	0.799517
5690.610352	0.713726
5693.681152	5.93351
5710.863281	0.355169
5714.842285	1.86718
5717.191406	1.36834
5720.142578	1.77849
5721.888672	0.410483
5724.286133	1.23759
5726.741211	0.730538
5729.414063	8.66772
5745.645996	16.8681
5753.815918	0.190784
5757.955566	0.70951
5760.419434	1.40923
5762.159180	0.469786
5764.960449	0.0598169
5769.227051	0.77272
5773.431641	0.553186
5774.717285	0.155497
5775.822266	0.252114
5777.966309	1.42701
5784.580566	0.869677
5789.981934	2.45575
5792.317383	0.827284
5794.301270	1.1176
5797.121094	1.39128
5807.722656	6.04757
5815.542480	3.84426
5817.123535	6.42852
5824.664063	0.209265
5829.528809	0.840736
5830.867676	0.720163
5832.232910	0.825156
5833.542969	0.562683
5835.167969	0.549535
5840.014160	3.60603
5846.708496	6.22678
5852.001953	2.03219
5854.501465	0.852547
5856.520020	1.86794
5859.392578	2.35008
5862.857910	3.37077
5864.832031	1.04429
5867.319824	0.248093
5871.166016	1.23029
5873.148926	2.88055
5876.824707	2.51456
5878.273438	0.417006
5879.453613	0.354471
5880.885742	0.268449
5884.888184	1.06725
5890.841309	0.893498
5894.541016	0.169272
5896.753418	0.171286
5903.751953	6.92039
5917.973633	2.448
5924.961914	0.261016
5926.436523	0.441517
5927.588379	1.52476
5932.280273	3.23045
5936.212891	1.89477
5937.999512	0.545547
5941.008301	0.60576
5942.978516	0.19976
5948.118652	48.9187
5974.893066	147.79
5984.645020	1.60248
5993.691895	18.1902
5996.477051	4.13129
5999.634277	15.7226
6004.018555	1.38551
6007.070313	0.796396
6010.150879	2.24177
6012.716309	0.30376
6015.391602	1.35548
6016.937012	3.495
6021.841309	0.275852
6027.544922	0.292057
6031.499023	1.36268
6034.157715	1.2237
6036.633301	0.63939
6044.248047	8.1187
6056.344727	8.39871
6060.752441	10.4945
6062.456543	2.61254
6065.447754	0.61088
6070.594727	1.12505
6074.334961	2.65568
6076.317871	2.79015
6082.961914	4.34572
6085.313965	2.79228
6087.469238	6.28779
6092.254883	0.182153
6096.222168	0.809795
6102.316895	37.8176
6112.625977	3.26356
6118.333984	0.154177
6119.761230	0.412573
6121.459961	0.66002
6124.292969	0.0226193
6129.345703	32.0543
6146.773438	14.097
6152.221191	22.3904
6154.024902	23.3021
6162.050293	3.1486
6170.473145	131.257
6185.169922	88.7323
6190.195801	8.00897
6195.152344	5.2446
6200.339355	0.822015
6202.461914	0.619496
6209.802734	18.5338
6219.857910	8.08869
6226.081543	8.79941
6232.869141	10.3392
6239.636719	5.66426
6243.825684	0.658257
6255.157715	86.5559
6261.420410	1.1515
6272.416504	323.792
6281.484375	169.551
6298.791504	822.752
6315.952148	2620.76
6337.628906	64.7805
6353.175293	59.3392
6355.856445	1.68491
6357.863770	0.235929
6360.120605	16.3556
6369.747559	78.9329
6372.967773	2.76197
6380.112793	40.2318
6386.857910	54.5094
6394.431152	3.55424
6396.907715	16.5155
6403.014648	1.38408
6406.624023	13.1514
6413.325684	123.518
6432.694336	11.3721
6447.692383	4.55085
6449.732910	1.6159
6452.343262	0.587845
6454.185547	0.0651927
6464.618164	6.84532
6467.131836	0.38964
6468.337891	0.0722872
6470.457031	0.108455
6471.460449	0.328325
6474.364746	0.846593
6476.807129	0.411363
6479.550781	0.153129
6486.647461	9.80777
6489.683594	4.03388
6493.452148	2.40312
6497.880859	28.3282
6503.150879	3.66451
6513.885254	9.45296
6517.644043	5.78801
6519.991211	0.656555
6522.765137	18.3699
6532.751953	26.2436
6537.188965	147.698
6556.710449	35.3483
6560.095703	1.07149
6562.533691	20.8833
6577.164551	1.96881
6578.815430	1.80961
6580.296875	0.553513
6582.066406	12.8815
6592.002930	16.0701
6597.458984	1.45312
6600.153320	2.96659
6602.660645	0.200251
6606.868164	13.4931
6612.108398	7.9013
6614.180176	2.7829
6617.600586	13.0877
6622.437500	2.01991
6624.283203	0.953391
6625.974121	0.462902
6627.227051	2.71537
6635.141602	4.73059
6641.220703	0.181726
6642.470703	0.348015
6644.474609	4.38369
6648.900391	0.782992
6651.827148	4.81508
6654.545410	6.16433
6658.702637	4.08926
6660.965332	2.11402
6663.704102	0.444719
6666.032227	1.35767
6669.127441	0.898036
6671.516602	0.639842
6673.756348	0.102914
6677.580078	3.15827
6679.558594	0.980715
6685.074219	3.71965
6692.498535	16.7972
6701.446777	8.0299
6703.175781	1.63795
6706.255859	0.510625
6707.283691	1.22102
6711.101563	8.43819
6716.272949	0.921563
6721.977539	20.5118
6728.000488	13.1142
6734.954590	21.8562
6743.974609	18.0506
6751.725586	7.99143
6758.935547	3.81337
6765.338379	11.4125
6774.225098	3.86015
6779.700195	4.59641
6786.098145	1.94206
6791.196289	5.83531
6795.148926	1.05405
6797.086914	1.26297
6802.251953	1.17436
6812.479004	40.0446
6814.424805	25.2477
6820.048828	1.55065
6822.175293	33.6293
6832.870605	5.9457
6840.790039	352.188
6858.139648	994.805
6876.047363	70.2694
6888.946289	0.321894
6890.448242	0.216276
6898.640137	16.7214
6906.051758	1.99703
6909.565430	1.27744
6911.697754	4.9091
6917.965332	12.6458
6924.026855	10.206
6928.384766	2.97433
6930.494629	5.61125
6933.293945	2.15913
6943.152832	47.9671
6946.263184	11.0362
6956.564941	53.2715
6962.461426	3.40282
6964.203125	15.166
6970.638184	6.43046
6974.058105	49.7982
7001.256836	10.4439
7007.561523	13.27
7012.585449	1.31696
7017.350098	4.73209
7023.801270	14.8501
7029.812012	6.50233
7040.953125	1.2075
7042.994141	0.190993
7044.667480	0.0649086
7046.104980	0.0741468
7048.183594	1.18754
7059.183105	0.155251
7063.361328	0.263308
7069.934082	3.73898
7072.414063	0.502252
7074.329102	1.72217
7078.377930	12.1348
7084.982422	22.7317
7096.753418	14.6645
7100.201660	11.6484
7107.938477	3.41256
7110.717773	1.7932
7118.132324	25.5911
7120.102051	59.5876
7143.330566	24.4177
7152.577637	41.8694
7156.194824	3.00151
7161.892578	14.8808
7170.394043	6.11788
7176.894531	4.5825
7188.696777	12.9469
7191.193359	3.16639
7194.527344	6.96021
7199.010742	0.293786
7200.763184	1.25892
7203.728516	1.36147
7207.218750	6.03655
7209.552246	18.1131
7221.497559	31.7812
7231.064453	13.1158
7236.062500	3.62791
7245.272949	1.71297
7250.295410	19.8406
7252.862793	9.71214
7260.515137	20.5129
7262.666992	7.37629
7267.135742	2.75379
7269.379883	3.02759
7272.367676	5.13016
7285.488281	3.73782
7291.284180	4.79882
7293.838867	1.71241
7297.542480	0.146282
7299.656738	5.02965
7308.293457	3.08199
7313.915527	9.47969
7315.929199	2.22159
7320.579590	5.837
7326.603027	1.64363
7332.709961	38.6356
7340.412109	1.82949
7347.802246	12.0344
7349.751465	30.6831
7360.032227	1.34753
7363.161133	0.587638
7367.128418	1.75587
7372.935059	13.0567
7389.698730	3.3779
7404.757813	19.2213
7413.272949	2.044
7416.403809	3.85991
7418.438477	1.78332
7421.752930	0.274237
7424.307129	0.579354
7426.007813	0.725351
7427.438965	0.698247
7428.740234	0.238627
7430.345215	2.71708
7433.395020	2.11328
7435.897461	2.76114
7441.515625	4.38124
7448.002441	8.09368
7463.106445	44.1288
7465.642090	53.4143
7480.625000	119.374
7486.799805	19.9704
7504.129883	22.6518
7511.244629	17.8804
7529.376465	3.78947
7531.906738	0.459109
7534.760254	2.33204
7540.291992	1.25323
7545.800781	13.9857
7552.587891	22.6581
7558.839355	0.41019
7560.228516	0.187677
7561.885742	0.097828
7567.542480	2.63025
7570.070313	2.71937
7572.328125	0.514983
7577.192383	25.9253
7589.816406	68.8738
7599.969238	3.11763
7607.106445	109.232
7616.839844	19.233
7631.641602	24.2307
7642.529297	13.2397
7644.673340	2.12629
7647.705078	0.765274
7650.080078	0.11386
7654.682129	5.70181
7662.701660	5.6402
7676.496582	2.43432
7678.200195	0.394458
7680.156250	0.892874
7683.519531	0.968253
7687.260742	1.51862
7689.906738	3.661
7693.830566	2.10096
7696.397461	0.994267
7699.175293	0.875511
7703.112793	0.828774
7705.787109	0.378406
7708.382813	2.12202
7717.742188	5.01082
7723.073242	5.6258
7730.810059	3.18052
7732.699219	4.3431
7735.798340	2.11376
7738.489746	2.37553
7741.079102	1.22567
7743.849121	1.74455
7753.835449	4.01975
7758.438477	1.48962
7761.873047	2.59609
7764.520020	0.959169
7767.820801	0.0497396
7772.330566	0.928346
7778.395508	4.65972
7781.957031	5.84187
7784.893555	2.99827
7787.370117	2.00529
7788.746094	1.29387
7790.529297	1.15234
7792.235840	0.399614
7793.994141	0.413137
7795.529297	0.103637
7796.926270	0.0891153
7805.844727	9.63575
7812.764648	0.758366
7816.277832	0.937847
7819.047363	1.17115
7821.804199	0.639993
7824.919434	6.33655
7833.225586	6.88857
7842.679688	2.47074
7845.746094	1.81501
7848.360352	7.61671
7861.125000	16.9524
7869.158691	8.68946
7875.407715	1.25074
7878.675293	2.70047
7880.912598	3.93559
7891.336426	7.33846
7893.637695	21.681
7904.325195	1.74279
7905.661133	0.86134
7914.372559	3.51784
7916.864258	1.92667
7919.654785	19.6174
7934.900391	28.6637
7939.490234	0.274188
7941.313965	0.838139
7944.422852	17.6914
7953.857422	28.974
7959.958496	79.2089
7980.177734	46.4314
7982.573730	23.5346
8002.624023	34.4152
8010.031738	3.67969
8012.417969	0.674064
8015.452637	6.38562
8022.501465	7.3128
8025.885742	0.644588
8028.792480	4.70855
8032.122559	0.07394
8035.631836	20.5637
8043.944824	0.493153
8047.647461	2.14418
8052.052246	8.17181
8054.464355	1.82022
8056.590820	0.27472
8057.818848	1.31178
8061.969238	15.3142
8068.406250	9.31261
8070.544922	0.95861
8074.453613	1.39679
8077.967773	1.61889
8080.520020	1.42833
8081.420898	0.222849
8083.391602	2.19695
8085.914063	29.8005
8096.541992	23.1835
8102.901367	3.66981
8104.252441	2.88444
8107.988770	0.0870332
8120.332520	47.9438
8135.241699	8.22679
8137.359375	12.8522
8144.531250	13.4568
8148.048340	0.369931
8149.391602	1.9987
8152.964844	3.43561
8155.013184	1.33832
8159.108887	0.355325
8161.233398	1.38075
8164.244629	0.997608
8166.863770	0.96046
8170.950195	0.171088
8174.630371	7.75112
8181.367188	3.28554
8187.563477	1.43556
8201.502930	10.7576
8203.838867	7.93895
8213.721680	10.3201
8219.663086	2.07623
8227.377930	25.2469
8234.235352	7.98685
8238.089844	3.68311
8247.456055	8.36257
8251.510742	1.25036
8258.582031	2.12988
8260.898438	1.7887
8267.855469	53.7103
8282.822266	21.8551
8288.475586	3.24885
8303.546875	111.253
8319.833008	26.3246
8323.190430	26.8188
8334.269531	20.8957
8341.670898	10.6528
8345.760742	9.62694
8354.083008	7.89206
8356.668945	0.994693
8359.353516	1.05076
8364.993164	1.76901
8368.664063	1.56277
8371.675781	0.69021
8373.768555	4.83422
8376.821289	0.31049
8380.694336	11.1672
8385.846680	1.23543
8390.163086	1.0018
8392.585938	1.17465
8398.567383	12.0602
8406.780273	16.4533
8415.517578	39.9591
8429.748047	6.13469
8431.748047	8.33472
8437.128906	0.782387
8443.021484	4.69511
8448.849609	4.56693
8451.518555	6.60077
8455.652344	2.86043
8459.052734	0.275556
8466.970703	63.4306
8472.823242	103.242
8498.752930	5.14722
8505.549805	13.3509
8509.607422	2.12547
8511.859375	2.60578
8515.293945	3.80695
8518.708984	20.0658
8524.156250	0.342628
8525.927734	4.84554
8530.302734	11.7089
8537.121094	5.66522
8542.746094	0.228282
8546.894531	10.3262
8556.929688	3.68521
8560.358398	8.38493
8571.573242	32.3127
8580.318359	3.88933
8586.099609	14.1207
8593.571289	13.4214
8601.209961	10.8409
8605.655273	6.48542
8612.152344	11.0605
8616.944336	3.31949
8619.277344	1.55442
8622.478516	1.27038
8633.831055	18.8693
8641.671875	0.81391
8644.055664	0.155032
8646.325195	0.150936
8648.272461	0.296996
8652.066406	1.34514
8655.217773	0.511935
8658.756836	0.5876
8660.762695	0.0281873
8664.454102	2.14751
8667.323242	1.18662
8669.994141	0.630269
8673.658203	5.43652
8679.117188	2.22902
8684.274414	10.4123
8685.920898	3.75398
8689.908203	0.778002
8691.767578	0.988561
8694.234375	0.0923718
8696.295898	0.143316
8697.857422	3.48581
8702.184570	3.05885
8705.748047	0.559372
8714.602539	68.4271
8720.823242	15.6168
8729.380859	5.65145
8732.410156	14.6755
8739.155273	3.38839
8743.192383	5.72661
8748.881836	0.988527
8750.443359	0.837951
8754.073242	1.02597
8758.680664	5.05033
8761.705078	2.06258
8764.288086	4.33668
8768.597656	3.60911
8771.893555	7.27121
8774.277344	4.26792
8777.635742	0.119184
8784.301758	8.32111
8789.415039	2.38788
8799.025391	7.25923
8804.755859	1.75623
8810.963867	14.2237
8815.060547	7.61335
8818.162109	5.44023
8827.416016	123.239
8843.634766	515.477
8869.502930	27.2487
8876.878906	9.64461
8878.955078	0.139936
8882.463867	12.9773
8887.646484	16.0835
8894.505859	3.13407
8896.945313	2.15654
8900.600586	4.48626
8914.490234	55.4377
8919.238281	2.41993
8921.637695	2.92711
8925.523438	0.29076
8927.821289	1.79102
8930.399414	19.0229
8940.439453	22.6812
8947.041992	1.55394
8948.394531	1.52441
8952.763672	0.64197
8956.915039	9.33417
8959.750000	3.26093
8962.563477	10.5299
8969.984375	17.2633
8972.159180	2.5886
8974.574219	0.855412
8980.404297	7.76691
8982.852539	0.0304937
8984.302734	0.215916
8988.636719	1.40885
8990.972656	1.44485
8992.794922	0.471753
8994.393555	0.746859
8996.592773	0.371821
8998.908203	0.620935
9001.535156	0.881295
9003.216797	0.309344
9004.889648	2.04549
9011.832031	20.1356
9023.573242	90.33
9028.550781	7.92787
9032.186523	0.715571
9036.065430	3.8588
9043.601563	328.002
9057.953125	80.3296
9060.654297	120.858
9072.891602	2.7798
9075.074219	7.96397
9077.272461	10.986
9082.408203	26.4366
9093.729492	23.4635
9098.941406	0.322475
9104.070313	15.497
9112.332031	75.731
9114.545898	8.80787
9123.253906	71.402
9128.459961	66.9827
9141.939453	1721.75
9158.017578	4592.16
9183.352539	23.9351
9188.021484	0.274187
9195.915039	24.9538
9198.817383	9.24424
9201.197266	9.24581
9215.599609	120.571
9220.823242	4.91666
9225.570313	43.3936
9233.041016	25.6221
9235.864258	41.1813
9242.916016	24.1995
9245.661133	6.13074
9250.200195	5.24848
9253.912109	9.80325
9261.922852	35.0459
9270.132813	69.4535
9278.466797	28.6865
9282.816406	5.83818
9289.011719	37.1442
9295.120117	1.04551
9297.193359	8.11219
9302.088867	3.00266
9305.891602	3.47927
9307.965820	9.77656
9311.655273	0.535695
9315.951172	20.7293
9324.255859	4.11621
9327.049805	2.03788
9330.333984	1.58454
9333.089844	2.10216
9337.967773	15.815
9344.930664	19.6886
9350.859375	4.26147
9356.763672	8.18692
9365.849609	22.9395
9373.066406	11.6112
9375.222656	19.2828
9387.926758	55.6421
9396.693359	2.88386
9401.324219	4.03501
9404.821289	9.67979
9412.001953	4.4723
9415.499023	11.6891
9418.253906	2.01733
9421.505859	2.03451
9423.968750	18.8733
9429.955078	1.45517
9437.142578	48.0658
9439.033203	8.95358
9444.385742	55.0686
9457.183594	419.676
9468.644531	50.5245
9472.737305	0.599622
9474.714844	1.11127
9477.068359	7.3583
9484.292969	8.26687
9486.264648	1.84435
9489.919922	4.12316
9498.852539	24.1101
9503.573242	26.5664
9509.227539	9.18151
9510.792969	7.92679
9514.843750	3.81065
9517.157227	38.9011
9528.826172	6.90925
9531.120117	8.8821
9536.949219	37.1712
9543.958008	5.7588
9546.449219	1.34721
9548.885742	9.87931
9551.721680	2.32142
9554.787109	31.0913
9567.007813	29.8074
9568.517578	4.77133
9571.030273	5.14269
9575.036133	1.27831
9577.160156	2.01739
9579.248047	6.36112
9587.916992	55.6554
9590.377930	35.2635
9596.674805	5.98488
9602.373047	15.4962
9604.612305	5.32922
9607.964844	5.43355
9613.270508	1.90946
9615.457031	2.91709
9619.678711	21.2337
9628.968750	28.6672
9631.934570	10.0765
9635.308594	0.56148
9646.351563	260.169
9659.563477	10.9605
9662.949219	7.45959
9666.769531	28.1266
9675.866211	49.6474
9688.037109	23.6269
9690.506836	25.4164
9699.989258	10.2015
9707.635742	7.88576
9711.367188	6.11826
9714.557617	2.94345
9717.166992	1.32206
9718.766602	1.83956
9721.300781	18.3153
9735.783203	16.805
9738.747070	4.2443
9742.348633	2.99694
9745.746094	1.32444
9756.358398	27.2657
9759.656250	4.86328
9764.030273	23.5408
9774.815430	36.3804
9777.483398	31.3083
9784.001953	9.86766
9786.657227	8.77407
9789.872070	3.54075
9799.077148	23.4205
9801.254883	19.5962
9809.628906	8.33681
9812.507813	38.5014
9819.989258	17.2837
9825.796875	0.466641
9829.554688	2.77762
9832.065430	10.7984
9837.491211	2.40722
9841.209961	3.59368
9844.123047	2.10953
9848.315430	7.55566
9852.483398	8.10837
9854.130859	10.1931
9861.128906	19.6568
9863.524414	21.3784
9868.604492	0.155358
9875.987305	15.468
9879.320313	8.59177
9883.390625	23.8367
9886.097656	13.0402
9889.486328	1.41681
9891.685547	4.04007
9895.226563	8.50232
9898.587891	17.0838
9905.711914	31.8388
9912.125000	34.0341
9921.968750	8.8724
9925.251953	9.49737
9928.264648	44.6322
9936.119141	7.64148
9938.302734	8.28745
9941.615234	1.31228
9945.551758	15.7916
9955.647461	9.61443
9961.327148	8.59511
9964.347656	5.50279
9968.039063	1.74172
9971.825195	7.87127
9980.000000	4.88584
9982.988281	0.965138
9985.191406	0.456477
9987.212891	1.08329
9993.404297	2.35532
9995.345703	3.89735
10000.350586	2.82892
10002.380859	4.34922
10012.634766	14.6446
10015.364258	0.483771
10017.255859	1.47954
10019.797852	4.12284
10022.950195	8.4596
10029.946289	25.6019
10036.724609	30.3533
10043.799805	9.24323
10051.691406	254.38
10061.556641	10.1839
10068.940430	7.03928
10071.040039	8.11293
10079.125000	2.29653
10081.267578	1.85815
10083.832031	15.1176
10092.079102	1.00575
10095.814453	9.35475
10099.318359	1.60326
10101.280273	4.77833
10103.710938	2.3757
10106.135742	15.3289
10111.937500	19.1411
10117.302734	2.73694
10124.936523	81.2166
10140.172852	31.6064
10152.731445	6.09384
10157.936523	17.0432
10164.071289	24.2572
10170.078125	4.60022
10177.023438	14.2739
10179.313477	35.4687
10188.631836	39.2838
10194.375977	2.74114
10196.549805	6.47889
10201.840820	15.9266
10207.860352	5.52255
10210.950195	3.7312
10216.271484	91.2287
10227.075195	34.612
10229.750000	1.7463
10231.059570	0.111686
10232.424805	15.4628
10240.627930	12.5215
10243.792969	53.4438
10252.636719	81.7064
10263.287109	15.0431
10267.966797	21.9389
10270.462891	38.4436
10278.253906	1.41608
10280.199219	0.61621
10282.226563	0.793181
10284.151367	0.870986
10286.499023	1.14328
10287.848633	1.953
10295.261719	68.7798
10311.805664	74.1956
10314.144531	34.405
10326.741211	189.342
10334.017578	10.6095
10342.646484	523.764
10353.919922	19.7472
10364.291016	26.0581
10375.129883	26.5946
10378.237305	1.57567
10382.869141	7.40135
10385.269531	2.00739
10388.947266	1.46103
10391.054688	2.64088
10393.396484	23.8921
10400.290039	7.78757
10402.654297	3.21509
10406.583984	1.49613
10407.961914	0.387184
10410.771484	48.2553
10426.658203	13.5614
10429.058594	24.4258
10438.193359	23.2404
10444.920898	30.1068
10457.615234	69.0928
10467.204102	30.0629
10470.028320	0.238273
10472.458008	10.312
10476.317383	1.34646
10479.260742	4.58758
10483.883789	9.13501
10487.298828	1.89841
10491.426758	4.86951
10493.588867	3.51897
10500.009766	15.3939
10504.439453	20.9467
10506.713867	33.4612
10513.635742	7.80816
10522.023438	228.135
10532.798828	6.16055
10536.738281	12.373
10544.419922	54.7614
10553.818359	22.4036
10563.391602	33.1
10566.113281	7.8983
10569.141602	40.405
10576.783203	28.0417
10589.575195	11.9447
10592.128906	2.86399
10593.693359	0.767594
10595.580078	3.52774
10598.205078	12.2999
10605.376953	2.20068
10608.793945	5.53297
10620.623047	14.1091
10623.384766	0.13993
10626.537109	4.48898
10631.583008	3.25921
10635.736328	21.3668
10643.209961	23.437
10649.166016	6.86508
10651.678711	1.81033
10654.457031	0.2906
10658.884766	5.77466
10660.406250	13.1996
10667.963867	13.8272
10670.900391	12.6777
10673.912109	17.1027
10677.617188	1.48253
10679.876953	7.82675
10682.187500	8.38893
10690.052734	41.8983
10694.774414	0.635702
10699.087891	5.24119
10702.673828	17.4724
10708.399414	41.0385
10722.234375	32.1729
10724.673828	37.6426
10731.294922	9.97658
10733.618164	12.92
10739.713867	10.1575
10745.333984	6.54694
10747.598633	11.1386
10751.869141	1.41555
10754.417969	8.3612
10757.451172	27.4163
10768.453125	50.4848
10773.330078	4.77622
10775.493164	47.6174
10786.549805	86.1416
10793.204102	1.35773
10795.257813	20.727
10803.821289	16.1276
10807.173828	3.79669
10810.533203	17.1182
10819.078125	21.3306
10821.825195	5.3432
10831.259766	56.6577
10838.648438	234.785
10851.924805	412.303
10868.141602	2008.81
10884.555664	4748.92
10907.632813	3.84264
10910.985352	9.45728
10912.828125	4.41673
10916.708984	2.32347
10920.953125	8.17473
10924.883789	12.1674
10931.541016	59.0116
10939.873047	62.0354
10947.487305	46.7385
10954.784180	23.59
10958.382813	12.8195
10960.932617	25.4455
10969.522461	93.2702
10976.483398	69.1997
10983.176758	1.07425
10989.735352	11.0271
10992.001953	11.9348
10995.634766	4.71646
10998.901367	36.8102
11008.156250	49.211
11020.419922	96.7912
11030.916992	23.2508
11037.100586	0.183557
11039.989258	2.2484
11042.984375	2.14691
11050.455078	4.21282
11052.948242	5.60435
11054.799805	11.2277
11065.006836	36.825
11069.238281	17.331
11072.311523	32.7414
11085.509766	346.681
11102.894531	61.4589
11110.919922	19.8788
11114.257813	5.44214
11115.895508	7.81593
11121.257813	4.37471
11123.149414	19.7387
11132.349609	15.3276
11135.636719	22.6345
11139.278320	3.65485
11143.029297	6.01361
11146.251953	13.0245
11149.774414	12.325
11154.950195	100.564
11164.937500	97.5047
11171.078125	11.4413
11174.080078	13.75
11177.116211	8.3501
11179.958984	27.2409
11184.446289	18.9863
11197.751953	296.05
11213.969727	519.451
11228.296875	22.8514
11230.950195	4.22425
11234.773438	5.82946
11237.355469	2.14094
11241.125977	1.90743
11244.121094	4.68901
11253.286133	19.5057
11259.837891	7.98266
11263.514648	1.4455
11265.930664	2.31024
11268.894531	11.5492
11272.071289	9.5432
11276.253906	2.75428
11279.674805	7.00141
11282.778320	7.99069
11286.431641	52.7793
11294.017578	43.5491
11296.938477	1.46532
11300.415039	52.7466
11308.076172	5.45841
11315.222656	64.1798
11323.924805	3.36869
11328.040039	4.11522
11331.243164	2.30665
11334.427734	0.346377
11336.825195	1.18086
11339.033203	0.142311
11340.977539	10.6661
11349.595703	22.4559
11352.240234	19.5284
11358.682617	0.538794
11363.140625	17.326
11369.553711	6.6156
11371.754883	6.96914
11377.323242	7.15202
11378.841797	10.0459
11383.005859	2.8442
11386.928711	4.84989
11391.769531	20.2794
11398.647461	57.7467
11409.016602	14.4312
11414.694336	57.3457
11421.447266	2.19266
11424.443359	13.1554
11428.649414	8.57058
11431.291992	18.7333
11439.047852	51.751
11449.346680	23.0864
11453.381836	1.67907
11457.190430	2.23851
11460.000000	0.589157
11461.380859	0.263383
11465.421875	6.63273
11469.384766	10.5638
11473.542969	28.4345
11477.169922	6.61624
11482.932617	9.02406
11485.901367	11.8518
11491.710938	35.4473
11498.902344	21.0729
11504.819336	6.36387
11506.901367	9.34661
11511.715820	8.67324
11526.340820	87.8562
11534.927734	43.8938
11537.623047	12.4043
11542.460938	10.9575
11546.222656	53.3316
11552.414063	4.4325
11556.034180	3.59148
11560.476563	10.5395
11564.392578	12.2408
11568.803711	0.784456
11572.433594	2.87845
11575.488281	19.1339
11582.504883	12.2418
11588.967773	3.72912
11590.781250	1.98424
11593.782227	7.29749
11595.523438	15.177
11599.848633	0.161105
11605.567383	9.50684
11609.351563	21.9705
11614.850586	4.59015
11618.165039	4.4016
11623.292969	13.2115
11627.260742	13.1719
11630.014648	25.2069
11640.360352	121.856
11653.344727	49.9809
11662.592773	30.015
11680.781250	39.2441
11684.289063	13.4864
11693.692383	12.4941
11700.778320	4.06038
11702.882813	1.24924
11707.430664	4.38175
11710.691406	12.3645
11717.042969	12.4644
11719.954102	4.15477
11723.392578	14.73
11736.296875	54.7423
11746.343750	9.81411
11749.400391	10.1772
11757.634766	8.87244
11763.061523	3.11867
11767.137695	58.853
11774.497070	4.97231
11777.541992	6.96625
11781.210938	1.96367
11784.747070	0.710839
11790.546875	20.33
11798.048828	6.73187
11803.376953	4.03864
11806.996094	5.42544
11810.875000	6.27601
11814.009766	20.5228
11825.427734	7.76483
11829.229492	2.21167
11832.921875	2.30693
11840.910156	30.3107
11850.490234	65.3797
11853.928711	24.0384
11858.123047	127.947
11869.722656	312.655
11882.662109	50.4346
11894.016602	23.0839
11902.816406	28.1762
11910.883789	157.019
11922.214844	26.4205
11928.895508	8.10886
11932.874023	3.54828
11936.450195	16.0012
11947.747070	26.0484
11955.161133	72.7658
11962.790039	29.2767
11970.613281	7.48247
11978.878906	30.8188
11991.952148	57.3486
11997.103516	1.58826
12004.379883	18.9457
12007.702148	5.46823
12012.265625	43.6074
12022.628906	96.6864
12025.362305	49.7561
12031.800781	9.58214
12039.043945	75.6656
12042.291016	298.954
12062.514648	18.1281
12065.447266	5.36265
12073.427734	17.1449
12083.590820	8.18002
12090.712891	11.084
12094.018555	2.10568
12097.287109	18.25
12109.346680	16.0713
12112.805664	24.2712
12126.917969	35.2581
12134.208984	13.2625
12136.071289	3.50459
12141.034180	20.8293
12155.101563	59.3113
12159.439453	1.911
12161.973633	1.00719
12165.037109	15.7768
12178.236328	68.7208
12182.746094	37.8773
12194.346680	167.549
12197.852539	77.1797
12212.393555	534.231
12225.715820	4.09432
12228.899414	18.329
12242.788086	11.2263
12245.402344	4.86297
12250.279297	9.80401
12260.681641	2.99241
12264.754883	3.15731
12270.034180	5.15075
12273.500000	2.19876
12275.916992	0.49292
12285.315430	25.0992
12290.075195	5.50641
12292.775391	12.7683
12299.442383	0.786639
12305.734375	57.7947
12323.266602	110.533
12330.645508	18.0828
12338.713867	4.85541
12356.946289	49.6821
12362.054688	17.8216
12383.059570	49.5737
12391.620117	6.02586
12394.668945	2.32959
12397.166992	14.9723
12411.509766	26.0502
12414.066406	5.18915
12418.443359	11.7008
12424.625000	1.7134
12427.416016	0.717766
12432.708984	9.28986
12439.913086	13.2386
12450.886719	7.1229
12455.214844	20.6304
12467.469727	9.98367
12471.357422	3.24448
12475.913086	5.1575
12483.457031	5.3626
12489.271484	6.83447
12497.101563	12.5147
12499.088867	6.03365
12502.818359	4.88208
12515.538086	54.576
12530.527344	98.5898
12542.066406	56.2863
12551.054688	10.5552
12557.939453	1.24323
12561.520508	0.634015
12565.328125	2.30119
12570.830078	0.869968
12573.081055	0.104772
12579.223633	7.11473
12589.112305	15.1332
12598.295898	9.95054
12616.006836	71.3438
12623.465820	2.58775
12635.513672	47.9479
12649.428711	4.96859
12652.458008	0.580764
12655.135742	4.46981
12660.778320	3.11145
12664.068359	16.472
12680.771484	2.19048
12687.916992	13.2126
12694.796875	4.79835
12698.115234	0.741668
12702.911133	1.25521
12705.534180	2.29867
12716.363281	12.1533
12724.187500	12.1635
12730.112305	12.2716
12733.671875	3.88658
12736.342773	8.4542
12743.876953	7.50747
12746.916992	22.0171
12761.594727	1.20483
12770.322266	56.5686
12782.433594	1.86658
12786.041992	0.837716
12791.153320	3.98019
12794.833008	1.36323
12797.925781	2.10233
12811.726563	1.60171
12814.380859	0.222095
12817.615234	0.356487
12822.928711	3.16162
12831.291992	7.05702
12838.561523	0.503745
12841.376953	0.393474
12844.176758	0.244644
12845.867188	0.0600587
12850.677734	7.25814
12860.299805	0.772925
12864.911133	12.08
12872.921875	5.86911
12888.687500	16.2387
12896.336914	1.02806
12900.206055	5.58883
12905.775391	4.7562
12909.878906	0.584487
12914.133789	1.49509
12917.523438	0.152626
12919.483398	0.109776
12924.507813	0.704157
12928.395508	0.273822
12932.964844	0.453278
12937.654297	0.285604
12941.082031	0.276834
12943.986328	0.413586
12946.358398	0.776018
12950.485352	1.24615
12953.544922	0.882393
12957.528320	0.286536
12965.738281	13.4144
12980.355469	7.74403
12987.097656	1.00558
12991.246094	0.967695
12994.214844	0.273432
12997.211914	0.0787887
13001.237305	0.0909325
13007.897461	2.24259
13012.676758	0.45559
13017.214844	10.1535
13026.813477	8.31429
13031.605469	0.228339
13036.743164	0.341114
13040.482422	6.04117
13049.541016	1.13133
13053.927734	0.694165
13058.029297	0.519308
13073.981445	4.11437
13084.916016	4.97304
13094.069336	3.53702
13097.767578	0.676025
13100.066406	0.135078
13102.127930	0.308763
13104.614258	0.875475
13115.143555	1.26192
13118.685547	0.451724
13124.659180	0.718658
13128.780273	0.4761
13131.610352	0.728661
13136.041016	0.649379
13139.695313	0.678145
13145.734375	1.16748
13148.565430	6.57099
13166.187500	10.2011
13181.380859	12.3415
13196.609375	7.94135
13208.099609	0.8374
13211.437500	0.140183
13215.847656	0.181881
13220.943359	0.551128
13226.440430	0.767811
13232.865234	0.613295
13236.335938	9.9533
13261.607422	18.6258
13275.365234	6.11461
13279.835938	0.678314
13283.212891	4.49634
13297.926758	5.04019
13308.928711	0.986076
13312.280273	0.27171
13316.216797	0.107126
13320.844727	0.196
13339.577148	0.178153
13345.031250	0.215789
13348.985352	0.154693
13353.326172	0.125454
13365.047852	4.07594
13384.934570	1.13946
13388.004883	3.9441
13399.810547	1.30351
13402.183594	0.801637
13411.501953	0.918452
13414.707031	0.934609
13418.916992	0.500831
13421.891602	0.560858
13429.117188	8.92662
13435.415039	10.0032
13446.111328	26.5888
13452.850586	0.539463
13456.715820	0.700111
13461.550781	3.53669
13469.419922	5.33873
13479.054688	7.60487
13489.176758	6.19378
13493.463867	0.161
13495.102539	0.00114399
13497.190430	0.0415017
13499.757813	0.000388299
13504.353516	0.0182904
13507.504883	0.34651
13510.842773	0.45726
13514.536133	0.145804
13517.759766	0.0213523
13526.738281	0.0104655
13533.939453	17.3996
13540.641602	0.273054
13544.941406	0.0285804
13553.583984	10.2613
13557.039063	16.4181
