TITLE "<<210421_CED_CKF_N9_PM_7818_RM13514_ThermoSIN_MSMS1kVPos_Sen_MetON_AlkTrx_XCal_TIS_100Da_10K_7000hv>> 4700 MS/MS Precursor 7818 Spec #1=>AdvBC(32,0.5,0.0)=>NR(2.00)=>SM31=>CT[BP = 5111.6, 3430]" CENTROID
TYPE MASSSPEC
9.955465	2.95794e-007
9.989080	6.93174
16.069431	9.12844
16.902626	7.17134
17.764242	32.503
18.303949	32.4681
18.544912	0.3611
18.599773	1.92518
18.882494	2.21952
19.272949	8.38306
19.956694	0.220591
20.631088	1.60586
21.490763	0.616217
22.432821	2.68997
22.814053	6.79297
23.258236	32.874
23.618351	3.05088
23.881531	8.15429
24.378117	9.16171
24.855083	0.207957
25.037178	0.144756
25.144682	0.156668
25.216288	0.128923
25.336552	0.109581
25.428690	0.0970386
26.205261	4.30632
27.027216	0.399127
27.312166	0.795616
27.485903	0.49976
27.655766	0.371934
27.816765	0.122018
27.935274	0.0186908
28.174595	3.01947
29.888357	3.99328
30.093111	1.80566
30.289642	1.54843
30.429148	0.537886
30.614510	0.92319
31.134167	5.60538
32.257114	3.16145
36.302078	7.52264
37.142479	1.95246
37.537388	2.97094
38.420315	42.6518
39.291294	36.2953
39.680481	1.35446
40.162506	13.5244
40.572983	3.14091
41.240616	3.54114
42.283955	8.05781
43.623089	18.1704
44.082451	6.07635
44.373211	13.7639
44.492580	21.4539
44.841255	0.201386
45.219067	7.68987
45.843872	11.1981
46.786976	0.711971
47.009403	0.715679
47.206326	0.446264
47.420391	0.202457
47.633911	2.87077
50.270878	81.8092
50.940105	7.36752
51.521236	88.9641
51.664383	44.6507
51.836723	47.1121
52.077312	37.2812
52.240387	3.73917
52.366444	29.9883
52.625694	25.368
52.781960	4.91298
52.954243	10.6845
53.153503	34.6969
53.498737	6.4848
53.680122	44.022
54.105492	1.58916
54.212189	3.97811
54.457222	24.0049
54.743710	2.99124
54.952526	2.50928
55.035976	1.34217
55.174263	5.58186
55.474075	1.83734
55.622932	4.60866
55.885235	0.375136
56.206066	61.929
58.367207	3.94361
58.870979	4.85886
59.384964	1.41033
59.545765	0.178932
59.664753	0.0855179
59.717506	0.00143879
59.845558	0.0238621
60.035851	0.372499
60.266785	0.68133
60.954334	6.85572
61.197903	0.639515
61.404732	6.91175
61.635868	0.61629
61.926620	6.43512
62.364075	0.418857
62.885242	19.0096
66.041756	7.5848
66.475609	3.41577
66.998520	3.30287
67.324745	2.45917
67.521095	0.545803
67.666855	0.0728547
67.932869	23.539
69.342400	25.1319
69.900864	14.7713
70.567650	64.56
71.056259	13.8678
72.057045	14.396
72.622986	58.821
73.464325	16.6219
73.588120	31.1082
74.110901	5.93693
74.364716	4.97512
74.561028	4.79885
75.017227	1.16136
75.562309	13.9225
77.588631	0.516722
78.216644	1.81394
78.400902	0.571464
78.561333	0.795945
78.790543	0.288307
78.894066	0.288044
79.072281	0.416408
79.219604	0.219094
79.363266	0.186698
79.576477	0.0883842
79.728439	0.370908
80.175018	0.0833624
80.361511	0.0941821
80.492424	0.12779
80.859512	0.605978
81.046661	0.313723
81.355164	1.74268
81.582199	0.700262
81.870888	0.751309
82.091095	0.611898
82.314674	0.353351
82.452972	0.219794
82.702393	0.411963
82.836044	0.101535
82.955009	0.362632
83.566879	26.5309
84.281380	3.7214
84.548409	32.1602
85.085854	2.00815
85.535316	10.4733
85.970871	3.32145
86.224304	1.10885
86.603645	13.7835
87.366470	8.92492
88.987427	2.48709
89.212090	1.12142
89.557495	1.20457
91.268387	17.1477
92.171219	0.489533
92.859337	5.72867
93.166267	12.2464
93.819733	0.406291
94.799713	64.5686
96.004997	157.741
97.208977	16.5141
97.808388	2.80175
98.035294	3.25733
98.324532	2.22541
98.551056	0.590453
98.704208	1.47383
98.984901	9.9115
99.842667	26.8859
100.377426	8.19553
100.651848	5.10317
100.933365	14.3053
101.638977	18.1045
102.231483	5.20565
104.365768	7.09827
104.626053	0.197999
105.004852	0.69205
105.239929	0.964283
106.205406	2.92547
109.916229	18.6217
111.336655	0.186357
111.531860	0.0532303
111.730080	1.13352
112.173569	0.853612
112.502480	0.336078
112.834061	0.61503
113.145073	0.374432
113.458015	1.21298
114.037689	0.19898
114.413162	0.402714
115.021751	3.06018
115.313728	9.07777
116.104897	0.23639
116.331642	2.09977
116.622719	11.7773
117.227882	0.269978
117.472389	1.5839
117.720222	5.2202
117.852341	0.478981
118.071877	1.95655
118.525078	8.96194
119.240952	0.0879091
119.613777	2.75703
120.094536	9.72589
120.632339	0.622113
120.825790	1.03733
121.052086	7.53227
121.888916	8.63802
122.179344	2.7118
122.529510	1.60088
122.842606	0.51958
123.133591	3.50021
123.648178	0.339467
123.894737	1.19033
124.166229	3.71775
124.915337	3.00868
125.603180	0.365653
127.175781	0.803446
127.514824	1.33085
127.748688	0.602022
127.921997	0.248986
128.188309	0.217553
128.404541	0.695334
128.620499	5.41401
129.318451	8.65207
129.815155	0.511805
130.170685	2.6455
130.507675	0.895631
130.857483	0.860938
131.825455	1.68621
132.606552	0.171438
132.896805	0.0662287
133.413040	2.772
134.005569	3.24103
134.269638	1.72198
134.751114	1.46742
135.072433	0.761383
135.503845	0.170514
135.924057	1.42356
136.598312	2.11957
138.496521	4.14123
138.782959	4.80499
139.450714	13.4356
140.388260	25.2435
141.157394	1.90969
141.457214	2.57351
142.441299	4.68479
143.591995	17.8713
144.336273	15.2459
146.185654	0.105158
146.752182	2.15534
147.087112	1.02924
147.245361	0.104391
147.451904	0.896775
147.828156	1.8538
148.116989	13.1158
149.295395	3.07793
149.692612	0.396645
150.032410	8.74032
151.108871	4.50311
151.488647	0.539188
151.688370	0.419161
152.101929	9.40173
153.232025	2.47732
153.623749	9.70636
154.074326	16.9182
154.376465	7.61342
154.730911	1.68056
156.258148	24.2004
156.599884	18.3831
158.228653	3.79092
158.946365	0.354082
159.269012	0.533967
159.737335	0.707966
160.531052	3.10079
161.042099	7.39829
163.139709	4.36665
163.547470	2.63164
164.111267	0.861413
164.356400	0.57543
164.621201	0.714353
164.838715	2.04463
165.480850	5.22039
165.763657	3.07967
166.218552	4.39892
166.615112	1.35415
167.036270	1.02165
167.349945	0.0161833
167.617828	0.44589
168.325851	3.01733
168.623245	4.37713
169.235611	2.30512
169.618378	1.57589
170.113907	1.53287
170.472748	0.178147
171.050522	10.0959
173.040985	6.06607
173.851913	1.58833
174.254471	4.56941
174.647400	1.28009
174.944168	1.12841
175.126343	0.466408
175.420395	0.390775
175.666153	1.18553
177.774200	11.0169
178.803268	0.539336
179.214737	2.06242
179.439850	0.414535
179.598740	1.26439
179.956253	1.72385
180.131409	0.190251
180.392395	9.20077
181.244827	9.62613
181.516754	4.14879
182.152313	26.5468
183.173996	14.1191
185.116425	21.1106
186.297974	14.6423
186.771271	0.54071
187.196747	3.79389
187.790421	1.53219
188.197830	3.7145
188.658783	1.65603
189.078934	1.08944
189.483551	1.19475
190.228073	1.08851
190.571350	4.83934
191.491699	2.37031
193.077133	5.7195
195.033051	2.209
195.357681	0.127571
195.940506	0.0562638
196.160034	0.020744
196.369919	0.0562029
196.883728	0.0592914
197.167496	0.0863765
197.369171	0.105059
197.567001	0.0260324
197.725662	0.0110368
197.937180	0.0631987
198.271423	0.143494
198.515884	0.0733168
198.741089	0.0731756
199.305054	5.26577
201.822830	1.13058
202.109344	0.172825
202.299179	0.0735759
203.118317	5.82992
204.760147	3.46284
205.563004	1.34286
206.549149	0.198221
208.098740	6.77165
209.429428	8.65851
210.605560	5.78315
211.624557	0.983311
212.226059	0.191895
212.414856	0.0292652
212.757309	0.1839
213.950974	1.66278
214.739304	0.893186
215.089447	0.694125
215.601547	1.19167
215.883636	1.72138
220.046844	2.68026
220.962280	2.12592
221.455902	1.08754
221.928391	0.627092
222.362625	0.228326
222.660248	0.0287871
224.729614	1.7028
225.053391	0.660264
225.269958	0.00853994
225.583725	0.287221
226.018570	4.93062
227.501465	1.97398
228.931137	0.861348
229.352341	7.32633
231.160583	22.219
233.336411	18.0155
234.616714	0.401404
235.167969	0.705406
235.580673	0.36587
236.168320	0.231162
238.110138	32.515
242.599777	6.33987
243.808167	11.5124
244.372391	14.2822
246.443069	11.8266
247.506012	12.7044
248.132050	0.0703379
248.531616	0.8428
249.182159	1.17557
249.617722	2.06739
249.839874	0.387964
250.109741	1.19229
250.467300	1.32409
251.045868	0.666864
251.387543	1.36464
251.739731	4.23649
251.988739	0.267668
252.274429	1.36437
252.587646	0.102402
253.487396	1.77624
254.643311	1.9497
255.064331	1.7652
255.581314	0.664564
256.091736	0.620256
256.675323	2.97976
257.309967	1.13803
257.810272	0.752319
258.297577	0.280607
258.667114	0.0153668
259.983643	0.44847
261.061676	0.144734
261.353729	0.470495
261.687653	0.455072
261.985779	0.0765129
262.306671	0.128686
262.781586	2.18386
263.472351	1.6068
263.960938	0.732079
264.521759	0.69013
265.032196	0.418928
265.323608	0.23498
265.588898	0.0691368
265.945374	0.151068
266.222778	0.196446
266.634644	0.162687
266.912476	0.0382287
267.207397	0.107373
267.572937	0.0495196
267.829346	0.00719323
268.633820	1.3586
270.289490	2.12687
271.104218	0.442008
271.489563	0.206479
271.718781	0.113414
272.049042	0.112316
272.330597	0.0686186
276.469910	0.0125253
276.865417	0.159631
277.357880	0.424829
277.680878	0.329209
277.922211	0.0207275
278.380188	2.75839
278.928497	2.46043
279.371429	1.46882
280.815552	6.75195
281.895081	0.146707
282.358276	0.265506
282.655182	0.197046
283.016693	0.128626
283.339172	0.116742
284.244843	8.71414
286.657410	20.6076
288.284546	12.8607
289.238617	1.73681
289.528015	1.33631
290.309937	0.457538
290.579254	0.17661
292.421722	6.80134
294.464935	0.228882
295.282104	2.08496
296.126160	7.31399
297.924286	0.944564
298.601746	4.47434
299.032684	3.32281
299.754242	2.20519
300.168427	1.21
300.808167	0.725082
301.480194	0.81945
301.983795	1.02105
303.365173	2.04026
304.884125	6.56591
306.207428	4.28796
306.589813	0.881844
307.269226	1.57965
307.653656	0.122199
308.495789	0.288942
313.021301	1.44228
315.249878	6.34033
316.016937	3.55612
316.259338	0.354826
316.645782	0.901349
317.031891	0.0773004
317.338837	0.282526
317.863708	0.482497
319.042358	0.145657
320.510468	2.88995
331.483154	2.10851
333.667664	3.54495
337.887665	0.636924
339.161102	2.62739
339.959381	1.71776
340.550354	0.473414
341.162659	0.519551
341.663361	0.0464655
344.826569	0.355197
348.429932	0.0740594
348.950958	0.132526
349.266846	0.0801972
349.585144	0.0496974
350.025360	0.0309873
350.924774	1.61183
362.108978	5.50992
364.314514	0.825885
364.831451	0.560748
365.522705	0.0817907
370.088104	10.7996
370.974518	0.129034
371.290710	0.107082
372.269714	0.763847
372.834534	2.04867
373.480835	3.72024
374.119354	1.72323
374.699738	0.773911
375.030365	0.279829
375.525635	0.849939
375.933685	1.94787
376.637695	0.144938
377.181763	1.22002
378.178955	0.319979
378.625153	0.18203
378.909851	0.648671
379.772461	1.83937
384.771820	6.4612
385.274475	0.229246
385.725342	3.17909
386.217834	2.53468
386.552063	0.211006
386.911011	1.6295
387.300934	0.258097
387.763977	0.748558
388.061096	1.41003
388.849457	0.0910314
389.360626	4.39272
394.376038	5.98016
394.843201	1.53506
395.338715	1.17333
395.593750	0.158624
396.064880	0.545057
396.475128	0.21269
396.742462	0.0524934
397.248840	0.0290688
397.696930	0.0022117
398.033356	3.12497e-005
398.660675	8.1689e-006
410.722565	1.27065
415.938354	1.87059
417.427887	6.33251
419.610138	15.6365
421.017578	0.677556
422.792084	8.10363
425.448761	0.648566
426.826385	0.912555
439.369751	10.0247
459.074646	1.54501
482.220093	0.00204766
482.830933	0.0758127
483.467834	0.0741415
483.801544	0.180306
484.218079	0.227439
484.539917	0.0429126
484.719116	0.0267121
485.062256	0.0990098
485.446625	0.0750763
485.720520	0.0067393
485.963928	9.6392e-005
486.211914	6.29907e-007
495.567627	0.254953
531.798889	0.254954
533.078003	5.21962e-008
533.294373	2.60981e-007
533.925659	6.52453e-007
536.653442	1.04392e-007
535.478394	1.59199e-006
536.761963	5.21962e-008
537.051453	3.65374e-007
537.341003	5.21962e-008
537.503967	1.82687e-007
537.775513	2.08785e-007
540.367981	3.52325e-006
542.857605	5.21962e-008
542.930359	5.21962e-008
543.003174	5.21962e-008
543.075928	5.21962e-008
543.148743	5.21962e-008
543.221497	5.21962e-008
543.294312	5.21962e-008
543.367126	5.21962e-008
543.439941	5.21962e-008
543.622009	2.08785e-007
543.840454	1.04392e-007
543.949768	5.21962e-008
544.059021	1.04392e-007
544.241150	1.56589e-007
544.405151	7.82944e-008
544.514465	7.82944e-008
544.751343	2.60981e-007
545.006531	1.04392e-007
545.115906	5.21962e-008
545.225342	1.04392e-007
545.407654	1.56589e-007
545.571777	7.82944e-008
545.681274	7.82944e-008
545.918396	2.60981e-007
546.173889	1.04392e-007
546.283386	5.21962e-008
546.392883	1.04392e-007
546.575439	1.56589e-007
546.739746	7.82944e-008
546.849304	7.82944e-008
547.561707	9.39533e-007
548.292847	1.04392e-007
548.402527	5.21962e-008
548.695190	3.65374e-007
548.987915	5.21962e-008
549.152588	1.82687e-007
549.939697	9.39533e-007
550.635803	5.21962e-008
550.819092	2.08785e-007
551.864258	1.27881e-006
553.069336	0.0197798
554.331299	0.876133
555.701355	1.57248
556.488159	0.892631
557.246338	0.601
557.959717	0.184525
558.541260	0.0210173
559.059998	0.000690212
559.353638	3.64409e-006
559.611023	2.53531e-007
559.909973	1.56906e-007
560.076599	7.82737e-008
560.205994	1.04393e-007
560.316895	5.21962e-008
562.185547	2.58371e-006
564.205688	1.04392e-007
564.075867	7.82944e-008
564.446899	2.34883e-007
565.393555	1.04392e-007
564.966553	4.95864e-007
565.505005	5.21962e-008
565.950806	5.74159e-007
566.526917	2.34883e-007
566.861572	2.34883e-007
567.177734	2.08785e-007
567.438110	1.56589e-007
567.605591	7.82944e-008
567.698608	5.21962e-008
567.773071	5.21962e-008
567.959167	2.08785e-007
568.275635	2.34883e-007
568.722534	3.91472e-007
569.076477	1.04392e-007
569.312805	0.222554
581.327698	4.11834
585.519409	1.09797
586.484985	0.744464
587.320923	0.226876
588.106750	0.252716
589.841675	2.63153
608.713135	0.1538
623.170227	0.0783929
624.884827	0.410849
625.999390	0.272356
626.717651	0.173541
627.570435	0.104054
628.236816	0.0147133
628.797668	0.00108561
629.252563	1.78398e-005
629.550903	4.63315e-007
648.582092	1.38976
650.945557	0.183187
651.611084	0.775997
652.556274	3.76234
653.584290	2.87178
654.346741	1.07339
655.185242	0.55564
655.663208	0.0329693
658.292603	0.239964
659.472839	0.26887
660.041016	0.203125
660.407532	0.0734241
661.023315	0.111165
661.478455	0.0751922
661.802795	0.00627491
663.570068	0.0558102
665.993347	0.667664
667.477905	2.06177
668.377380	0.802465
668.875549	0.342225
669.617859	0.24243
670.449829	0.24892
671.212402	0.105199
672.558411	1.48458
690.059082	2.26694
692.890015	1.37504
694.874756	0.493643
702.824341	2.19969
713.344055	4.08406
717.556519	6.76733
721.863708	11.1542
724.777344	1.3914
727.940796	2.57544
730.537354	2.55024
733.007385	3.64775
734.856262	0.246457
735.667786	0.172637
736.519714	0.12987
737.752869	0.611389
738.633423	0.302613
739.579773	0.130017
740.365173	0.0704543
741.024414	0.00520053
741.622986	0.000169759
741.961731	8.81509e-007
762.628784	0.0132729
764.266602	0.437971
765.874878	0.824277
766.797668	0.463566
767.683228	0.301461
768.539856	0.0994891
769.215515	0.0104187
769.825562	0.000339872
770.172241	1.9397e-006
776.302795	0.0228729
777.648438	0.142792
778.439392	0.252189
778.916138	0.16297
779.405273	0.0855096
780.049011	0.0688073
780.462341	0.0362343
780.775085	0.00131249
781.133240	6.27825e-005
821.543762	0.195395
838.756958	13.2717
848.994507	0.469159
849.843567	0.749654
850.362549	0.599508
850.718567	0.289282
851.516418	0.28135
852.418518	0.203127
853.558228	0.735063
869.464355	5.71428
870.713623	0.637691
871.071228	0.0215196
871.814392	0.401912
872.414307	0.175559
872.796448	0.0254417
873.554626	0.014546
874.220459	0.0011009
874.755554	1.70214e-005
875.093201	7.06032e-007
887.290100	0.00409441
888.111450	0.151584
888.975830	0.25473
889.481262	0.164888
890.007935	0.0857387
890.697021	0.0687733
891.136841	0.0367284
891.465942	0.00123478
891.852600	6.35873e-005
915.734009	0.00182373
916.272766	0.15693
916.981079	0.127482
918.166931	0.0498315
918.906799	0.00525386
919.573486	0.000172943
919.949768	8.97287e-007
960.922546	0.00494406
962.590088	0.219033
964.397034	0.412605
966.531555	0.639671
969.584961	0.0170041
975.739624	1.02231
982.649963	0.718918
983.221863	0.06133
983.809875	1.40032
987.222290	1.40142
987.741089	0.911266
991.120728	1.02281
994.151733	0.670308
997.897583	1.83121
1000.363525	1.42217
1002.572021	0.163224
1003.961243	0.0426018
1005.821106	1.34634
1007.677307	3.39885
1008.703979	1.70918
1009.814941	0.779438
1010.734802	0.416205
1011.505554	0.0314252
1012.205444	0.00103394
1012.603149	6.02957e-006
1012.953796	5.26503e-007
1015.732117	0.105011
1025.668213	16.1702
1037.592163	0.236552
1039.886963	2.63377
1040.547119	0.876844
1041.211426	1.39398
1041.936768	5.03035
1044.181641	0.114211
1045.199219	0.0197481
1045.588257	0.0150394
1048.385498	1.30061
1054.513794	3.08377
1063.926636	0.366993
1068.908813	0.0179725
1077.691650	0.00494311
1079.458618	0.219032
1081.373291	0.412604
1082.471436	0.232095
1083.525513	0.150614
1084.544312	0.0498329
1085.349121	0.00525335
1086.074341	0.000172468
1086.485962	6.59738e-007
1124.197144	2.40663
1166.584961	7.53758
1175.699585	1.47518
1176.378662	0.0190134
1176.760132	0.15964
1177.972900	5.44536
1187.710327	13.2741
1194.534912	0.965798
1200.983398	73.6283
1211.625488	52.2426
1212.663452	103.069
1217.127563	2.04894
1220.963623	14.7537
1224.004761	8.7099
1229.104370	4.91869
1231.049561	7.54161
1234.679688	5.38993
1238.420044	3.1153
1240.875366	0.842915
1243.968262	1.05279
1245.251465	0.553938
1245.912598	1.29224
1246.699341	3.11731
1247.456421	0.100333
1247.993896	0.668204
1248.938599	0.605313
1249.583618	0.0371375
1251.253906	0.0331776
1252.580566	0.000688901
1256.790527	4.46768
1278.274170	1.99993
1285.938599	2.25812
1289.330078	1.13035
1297.823608	37.7364
1308.506348	11.5023
1309.790894	22.2183
1316.917603	12.6911
1323.191650	2.3329
1324.571777	6.46232
1326.193481	5.17483
1327.339600	1.55431
1328.522461	1.41214
1329.397583	0.492293
1334.527466	2.29393
1343.605469	2.82212
1347.671387	1.07574
1350.963745	1.98044
1352.600586	0.108882
1353.286499	1.05094
1354.396729	0.556352
1355.603638	0.498817
1356.620361	0.088022
1357.916870	0.2769
1383.426392	1.44626
1388.212524	3.71777
1391.488647	3.67539
1393.824585	5.44212
1396.662231	5.04276
1399.328491	0.472968
1401.589478	0.11619
1406.989502	0.335378
1413.664551	0.00204741
1414.703979	0.0757065
1415.798584	0.125708
1416.441772	0.0826616
1417.047974	0.0577346
1418.018066	0.0473713
1418.600586	0.253589
1419.591064	0.170917
1420.232788	0.340499
1421.166626	0.0865626
1421.711426	0.0852963
1422.614014	0.174382
1423.613770	0.0147335
1424.461914	0.00106691
1425.608398	0.002248
1428.558960	0.0573008
1430.956299	0.0854111
1431.897339	0.0742863
1432.796021	0.619299
1433.521118	0.781927
1434.398682	0.0439653
1435.011475	0.180976
1435.946289	0.26174
1436.746704	0.069015
1441.995972	2.45289
1447.217407	3.81564
1451.187500	2.12284
1452.031982	0.529364
1453.375610	0.0263434
1455.690674	0.989004
1459.186890	0.0853953
1462.205566	0.00210066
1463.529907	1.46087e-005
1464.844116	1.73772e-005
1465.842896	3.18079e-007
1466.129028	1.17726
1471.834839	24.9318
1481.585205	6.42702
1487.858032	0.0772202
1505.074097	13.0718
1506.848145	0.916361
1507.612915	0.510201
1508.152588	0.383325
1509.180542	0.335449
1509.765015	0.178168
1511.547119	20.3306
1523.890503	65.6797
1530.192627	2.93347
1530.952148	1.26446
1531.832275	1.66774
1532.474365	0.506384
1532.909912	0.049153
1533.292969	0.682896
1533.988892	0.549882
1540.007690	108.355
1549.625488	25.1297
1551.055176	98.4682
1556.840454	2.82643
1561.296021	23.421
1568.530273	37.0923
1580.601074	2.24991
1590.839722	4.72783
1597.994751	3.31665
1607.889893	1.56317
1611.412598	3.04845
1613.792236	0.323643
1618.470825	28.7231
1623.012695	13.7159
1625.988403	1.29733
1627.276001	0.0952747
1633.584351	0.503975
1635.461182	0.246776
1636.154053	0.166388
1636.876221	0.0790205
1637.803467	0.072747
1638.462280	0.0389239
1648.622070	0.75195
1657.140991	0.773987
1660.632324	8.93813
1663.999756	12.0207
1669.256226	13.0638
1673.948364	1.14343
1675.172974	0.547832
1676.626953	0.419159
1677.882202	0.181891
1679.193848	0.0386154
1680.193237	0.00447886
1681.090454	0.00117322
1710.124756	5.78738
1722.261475	0.516065
1725.545044	5.60838
1729.068970	1.01009
1731.242676	3.48361
1732.251221	12.7785
1735.423584	9.61997
1739.964844	12.8062
1744.626953	1.30768
1747.553711	1.622
1755.421997	51.1102
1761.087158	38.8935
1765.264893	4.23441
1766.264893	1.40771
1767.265259	0.0263988
1767.776611	0.292103
1769.002197	3.20492
1779.127686	8.14798
1782.295776	2.81043
1783.134399	0.830809
1784.567749	0.145693
1786.108276	3.28653
1792.116455	3.51977
1793.383423	2.98808
1794.823242	1.2457
1796.227051	1.42785
1797.644653	0.0503113
1798.388306	0.100915
1799.521484	0.533983
1800.474487	0.43834
1801.228394	0.121324
1802.066040	0.18689
1802.960571	0.163369
1803.687256	0.0127066
1804.171387	0.000721114
1804.621826	2.60274e-005
1813.684326	0.0040892
1814.861328	0.151278
1816.100220	0.305928
1816.934204	0.198309
1817.329712	0.0834995
1817.875610	0.0814511
1818.577637	0.101984
1819.183105	0.0103443
1819.704468	0.0197305
1820.263550	0.00849874
1820.819336	0.0304489
1821.997925	0.272817
1822.949829	0.202373
1823.562378	0.0726857
1824.591064	0.112522
1825.350586	0.0738946
1826.343262	0.122972
1827.971924	0.379747
1828.653564	0.270505
1829.221924	0.0301565
1829.648560	0.0658605
1830.403564	0.100575
1831.031372	0.0568675
1831.515503	0.00219485
1831.973389	7.43374e-005
1832.352661	5.78542e-007
1849.328491	0.00215541
1850.508179	0.027678
1851.136353	0.0245446
1851.544067	0.00583232
1851.860962	4.62714e-005
1852.303711	0.00361467
1852.929443	0.0167245
1853.437378	0.0119377
1853.851929	0.00216983
1856.437134	1.31085
1861.823242	12.3638
1867.859619	2.34713
1868.580688	10.3949
1874.555054	20.1681
1875.637329	5.31745
1876.524658	21.8011
1881.449463	5.20501
1886.430664	9.42548
1889.517212	0.468742
1891.630493	1.0806
1894.021851	10.1908
1898.424927	1.29477
1899.977661	1.84969
1900.720825	6.45463
1903.634521	10.6819
1905.478760	0.271766
1906.809082	7.50072
1914.994873	26.3471
1916.555298	31.8583
1925.371582	12.8126
1930.762939	5.45264
1931.772217	1.82639
1934.524780	4.19822
1938.263062	3.83016
1939.163696	4.89776
1943.086304	28.3014
1952.620972	0.918485
1954.527466	0.033542
1957.546631	28.4119
1958.815552	7.57439
1960.049805	10.5179
1963.783936	21.0375
1970.103882	4.64373
1973.970825	20.6639
1974.689453	1.71338
1975.604858	42.6804
1983.972656	39.0805
1987.840454	31.4786
2000.398804	41.0943
2003.133789	361.228
2010.249268	11.4148
2010.921021	5.69666
2014.703735	12.0941
2015.635376	0.108795
2016.241333	0.0449557
2017.807251	0.653333
2018.651855	0.413068
2019.385620	0.898105
2021.109009	0.151529
2022.152222	0.470613
2023.152832	0.265902
2023.831909	1.05072
2025.659302	0.850442
2035.550171	4.55497
2037.954834	2.34527
2039.412598	1.22072
2040.918457	0.737177
2042.415894	0.309672
2045.571289	3.08386
2048.768799	0.574167
2057.478271	29.0833
2059.587646	5.16229
2060.817871	5.51918
2062.463379	3.13979
2063.724854	5.01143
2065.211914	3.2402
2071.369873	45.0126
2072.192383	99.1624
2083.475342	27.7401
2088.112793	28.9253
2089.708496	107.406
2101.542236	64.1498
2103.656006	6.43731
2104.953125	3.27753
2106.460938	4.04368
2108.402100	24.3973
2112.663818	0.409285
2113.853027	1.45671
2114.665771	4.2031
2115.612061	3.68301
2117.349854	71.3222
2121.110596	5.58629
2123.881592	0.472526
2124.309326	0.462681
2125.848633	1.68802
2128.911865	10.3326
2129.978516	1.04135
2130.948730	7.64761
2135.453369	0.803445
2136.356201	0.69116
2137.167480	1.30783
2139.349121	11.0519
2146.338867	1.3763
2149.320068	2.04002
2150.350586	0.334176
2151.614014	10.8701
2159.540039	46.8729
2160.561523	13.2964
2164.407471	11.6741
2165.742920	16.8704
2167.793213	16.7526
2169.131592	6.09167
2171.220703	8.84402
2173.350830	0.559273
2174.277100	0.0717718
2175.173096	2.85442
2177.156250	1.70363
2178.590576	2.31639
2179.311279	1.05738
2180.587402	18.8143
2184.031250	2.70681
2185.252930	4.15177
2186.076904	0.864376
2186.913330	12.9875
2192.644287	6.65056
2197.418457	1.20172
2198.409912	0.690358
2199.124023	0.253102
2200.348145	0.628576
2202.301758	2.75326
2203.027344	0.711194
2204.106689	18.4636
2212.269531	16.8149
2213.268311	2.52955
2213.885986	0.647661
2214.984375	11.6304
2218.385986	1.25359
2219.800293	0.799105
2221.307373	0.533382
2223.432373	0.519134
2225.166748	4.33355
2226.606689	2.15717
2227.180176	0.122851
2228.202881	1.56373
2229.395020	4.4983
2235.249512	0.617894
2237.000488	0.292061
2237.837402	0.151029
2238.498291	0.334692
2239.770508	0.0674345
2240.507080	0.0492403
2244.816895	7.29965
2245.755127	0.551197
2246.397461	0.477075
2247.576904	5.34786
2254.437500	46.2805
2260.447754	47.7257
2263.583984	12.0967
2267.327637	0.957245
2268.118652	0.0999005
2269.206299	0.308029
2270.277832	2.07096
2275.355225	1.34229
2280.000977	8.44661
2282.450195	13.3569
2287.860596	29.8961
2291.210693	2.55852
2291.848145	4.44328
2295.061279	12.7678
2299.763672	5.24124
2302.128662	5.46341
2303.402344	0.247839
2304.992432	9.96449
2309.027832	0.731884
2310.761475	1.03138
2311.868896	7.7611
2314.146484	1.30636
2315.300293	12.2694
2318.563965	5.21012
2319.517822	0.22756
2322.483887	31.2792
2327.867188	24.2444
2330.676514	2.70314
2332.129639	0.203995
2333.603027	10.2239
2337.366455	0.158917
2338.451416	0.098742
2339.511719	2.22469
2341.352783	6.38678
2342.821045	6.29701
2344.209961	21.7177
2352.040527	14.7986
2354.007568	1.85436
2355.237549	5.98647
2356.907715	2.89256
2358.053955	0.0913063
2358.723633	0.740162
2359.659180	1.20167
2364.434082	12.6379
2369.233643	0.710519
2373.301514	45.5994
2375.901611	1.45364
2379.576416	10.7951
2381.760254	1.39216
2382.999512	6.64435
2388.285645	0.843735
2389.077148	0.256792
2390.156494	0.400926
2392.056152	0.954953
2398.831055	5.86743
2400.343994	0.285209
2401.210938	0.222906
2402.113281	0.14379
2403.145020	0.0618374
2408.574951	10.5526
2410.070068	5.81444
2412.295410	3.57738
2413.000732	0.395212
2413.931396	1.7708
2415.077637	0.870555
2415.880615	0.638302
2417.094482	7.24432
2418.623779	4.28197
2420.404053	11.143
2422.439941	3.42044
2423.731934	4.89299
2425.336914	5.98739
2427.454346	9.60663
2428.555664	2.84212
2430.112549	3.5885
2434.128906	11.3754
2436.751709	7.46641
2438.673584	20.9421
2442.125977	1.50999
2444.387207	3.16621
2446.815186	1.53826
2449.071533	28.9124
2454.022705	23.6812
2455.368652	0.95108
2456.110107	0.361198
2457.780029	11.2604
2459.198242	1.4784
2460.207764	6.27914
2461.119873	0.822709
2462.082764	1.0306
2462.901611	2.72977
2464.364746	27.9255
2470.174316	10.5873
2473.514648	33.3954
2474.426514	30.9235
2477.673584	3.36319
2479.064697	4.04897
2480.976318	1.13487
2485.574951	38.8921
2489.023193	0.691712
2492.139404	10.0789
2494.689697	15.4361
2502.540771	114.729
2507.369873	24.2535
2519.836914	9.12443
2521.063477	2.24669
2522.473145	17.2106
2523.820313	2.58602
2525.253662	1.05481
2527.384277	3.98403
2528.867676	1.43035
2529.858887	0.525085
2530.891113	2.17343
2532.802734	1.3459
2534.037842	2.14745
2535.902344	1.318
2537.873779	2.87327
2539.135742	0.998576
2540.672852	0.275877
2545.686035	17.9437
2551.246338	2.01468
2553.006104	2.52722
2554.499268	6.87641
2557.380615	1.10897
2559.251709	5.64722
2562.981934	1.72632
2567.688232	3.66973
2569.158936	1.71368
2571.141602	0.186815
2573.629883	18.3736
2575.182373	5.53091
2577.373535	15.5894
2578.404297	11.5687
2580.101563	0.336707
2581.670654	0.24424
2584.101807	6.68474
2589.118652	11.7867
2597.501465	3.89433
2599.053467	0.198261
2600.503662	2.06159
2606.357910	4.29131
2608.976074	1.84948
2610.055908	1.50085
2611.968018	0.476381
2612.955811	0.810547
2613.573975	0.651616
2614.857910	0.0693935
2615.951660	0.886857
2617.888184	2.12499
2621.732422	20.0374
2622.941895	21.1726
2627.091797	3.47468
2628.262695	1.26335
2629.895264	0.507522
2632.502441	0.907269
2635.281738	5.48977
2636.192871	1.28075
2638.309814	0.0818857
2639.115234	1.11997
2640.950195	1.48654
2642.778564	1.11009
2643.766846	1.22416
2644.560303	1.65828
2645.431885	8.03627
2648.853516	11.96
2651.961670	2.00452
2652.995605	0.662383
2654.007568	0.206023
2654.592529	0.0217367
2656.144043	6.73316
2660.169434	6.5961
2662.780029	1.6374
2663.977295	1.20884
2665.576904	0.0132166
2667.579590	1.65404
2668.121094	0.167587
2668.806641	3.8064
2672.802734	13.6754
2674.144287	2.72788
2675.783936	0.792597
2676.849854	12.5034
2682.998047	9.55218
2684.300293	1.54922
2685.194336	11.2132
2691.078369	22.5998
2696.002197	17.4484
2697.311035	29.8218
2702.459473	30.081
2708.485352	98.0064
2714.181885	6.52885
2715.165527	5.90426
2716.689453	5.08959
2717.978271	4.69445
2719.102783	40.2582
2729.543213	8.99573
2732.105225	1.27823
2734.091309	8.15523
2737.890137	9.8852
2741.131592	12.2323
2745.493408	3.46968
2746.739746	3.43528
2747.728516	12.3036
2751.524414	13.7741
2753.757813	6.09581
2755.145264	18.2982
2761.166016	46.0119
2764.843018	0.446634
2765.800293	0.669491
2766.639160	3.89794
2770.562988	18.3524
2774.099121	3.12239
2774.948730	0.741698
2776.042480	0.821741
2777.018066	4.3014
2779.029297	7.09646
2780.767578	2.06079
2782.507324	8.56075
2788.451904	3.69854
2790.806152	1.93862
2792.205811	10.3802
2793.940186	1.16385
2795.739746	1.93637
2798.048584	3.85137
2800.413818	2.33972
2801.801270	4.22623
2803.425537	2.36583
2806.702148	33.2151
2809.571777	24.1353
2811.043213	3.58361
2812.838135	1.40777
2813.673584	0.607108
2816.983154	40.9132
2823.101807	29.1012
2828.770752	6.61751
2832.230469	0.357736
2834.883545	1.01708
2836.617676	1.04302
2838.942383	3.495
2840.166992	0.399124
2841.075928	1.93446
2843.006104	4.07736
2844.413574	2.03247
2845.207520	0.302373
2846.420654	1.42442
2847.643311	7.17962
2849.884033	3.94402
2851.350342	3.99514
2853.237061	23.6637
2862.272949	72.0567
2863.599854	59.6835
2870.547119	20.8727
2874.278076	37.3996
2878.025879	2.09742
2879.266113	4.86747
2880.887939	0.294387
2883.680420	8.00202
2887.476807	14.4885
2888.540283	3.55388
2890.473877	0.715188
2891.658691	0.63669
2892.904785	0.374191
2894.165527	0.717073
2895.799072	13.4104
2905.437500	23.0395
2906.922363	8.65428
2908.200439	39.5242
2911.262695	18.3951
2914.505615	5.68418
2919.447998	3.22207
2920.149170	0.199894
2924.392334	35.7982
2926.208496	4.63846
2927.851318	6.20443
2929.103271	0.818633
2929.877686	1.64957
2931.301514	35.8538
2938.179443	1.28753
2939.517822	14.5905
2940.338135	1.33215
2941.384521	2.53674
2942.648926	10.9476
2944.989258	0.127236
2947.357666	10.7715
2948.973145	2.18602
2950.259766	0.537995
2950.994141	0.276096
2952.576904	2.23377
2954.261719	1.11729
2955.767090	0.654954
2956.308105	0.335753
2957.468750	4.85619
2959.923096	0.061545
2960.869873	0.32776
2961.567383	0.231269
2962.697754	2.27068
2963.777100	4.64066
2964.908447	2.39289
2966.375244	3.61466
2968.093018	3.4947
2969.407227	1.18228
2971.159668	18.1139
2975.123047	45.2377
2977.627930	1.13309
2979.458740	1.12763
2981.100098	1.60694
2982.906982	0.808971
2984.848633	0.626367
2986.720703	0.175109
2988.304199	1.01877
2990.246338	31.6222
2993.623535	2.89723
2994.498047	4.91418
2995.349854	4.69899
2996.577148	15.0857
3001.706543	9.64805
3006.703613	15.0862
3008.007080	1.51766
3009.034668	4.11599
3010.412354	35.5558
3013.480713	3.3551
3016.061035	0.70913
3018.159180	1.30337
3019.268555	0.125353
3019.715332	0.130573
3022.671875	33.4975
3026.261719	11.2057
3027.065918	0.416985
3029.372314	20.1126
3031.383545	106.355
3039.298584	55.1194
3041.002441	5.79991
3042.607178	6.59786
3047.147461	13.7649
3048.548828	2.66495
3049.912598	6.7161
3054.625244	2.4246
3056.040039	3.53563
3058.102783	4.34541
3059.493164	1.21534
3062.020996	8.10554
3063.993408	7.22407
3066.644775	37.503
3075.294189	9.33987
3077.058838	12.3138
3077.888428	0.710847
3078.921875	22.3941
3082.117432	0.263894
3083.142822	0.918084
3084.060791	2.62768
3085.394287	1.40085
3086.236572	0.28381
3087.830322	0.973673
3089.199463	3.19539
3092.503906	1.06859
3094.356689	0.618088
3096.068604	0.741601
3097.695801	3.59538
3100.762451	10.5503
3106.153076	21.1248
3107.053223	10.8766
3109.467529	14.1469
3115.283936	2.69125
3117.525879	2.65308
3119.985107	42.3242
3123.429932	42.036
3126.689697	18.1733
3133.456055	24.1859
3140.050781	22.217
3144.946777	0.94891
3146.254150	0.351943
3147.165527	7.86853
3147.936035	1.71892
3149.093750	8.24519
3150.113770	0.588983
3151.014160	11.5938
3153.388428	13.8397
3155.051758	6.74252
3156.773682	4.45892
3160.742676	1.2552
3165.350342	28.6233
3166.281982	2.36185
3167.420898	2.01128
3168.511963	23.9271
3172.122314	5.84237
3173.737061	11.6842
3174.673584	0.692857
3175.426025	17.4507
3178.849609	5.41551
3182.047607	1.75253
3183.586914	5.9353
3184.503174	11.7798
3187.302734	3.32004
3188.580566	1.0068
3192.901367	32.0721
3199.403809	21.4586
3203.401611	1.66196
3204.642334	4.03349
3206.423340	18.3763
3210.117920	12.7307
3211.399658	6.46523
3214.800293	7.50826
3216.639648	1.12524
3218.530518	1.99112
3220.476074	0.429397
3221.834229	0.210331
3223.405029	0.0691735
3232.166748	63.4675
3233.254395	9.89892
3235.511963	38.006
3243.083496	13.6916
3246.509521	2.37665
3249.275391	24.9587
3250.815918	33.1109
3255.839844	31.8477
3260.888184	16.3066
3263.332520	0.137835
3264.468018	3.15643
3270.282715	5.80727
3271.931152	4.08063
3273.806885	0.654381
3278.948486	35.2982
3280.555420	2.21556
3281.837402	94.8655
3293.466797	120.953
3300.812012	6.58967
3307.442871	25.0556
3309.279053	2.29571
3310.896240	39.828
3320.047363	69.0182
3321.925537	1.46246
3323.048584	5.60909
3325.467285	1.01974
3326.461914	3.68466
3329.077881	11.58
3331.724121	0.182845
3334.751465	44.0113
3337.480469	10.2215
3339.784668	69.9591
3344.029541	9.49806
3345.778809	5.28814
3347.653809	34.1624
3353.104736	17.0246
3358.408203	12.1849
3362.598389	13.2771
3364.966064	4.14546
3366.150635	5.01751
3367.068604	20.1589
3370.706299	7.76199
3372.421387	0.379277
3373.796875	0.956646
3375.425781	13.0711
3378.987305	0.0997242
3381.343994	4.74753
3382.000488	4.14579
3385.051514	18.1116
3388.637695	17.0936
3389.758301	10.6771
3392.005371	7.03246
3395.063477	12.6272
3398.266602	1.32069
3403.938721	7.54107
3406.025635	1.47649
3407.810303	2.46921
3409.261719	0.191181
3411.116455	30.458
3423.514648	122.489
3425.187012	134.741
3431.580566	0.406531
3432.741211	6.784
3436.465088	0.0366094
3440.076416	25.8051
3447.376221	14.2452
3451.394043	10.5721
3452.992676	4.90007
3454.733398	0.693234
3456.466309	1.88117
3458.533203	6.96938
3461.396484	5.6284
3463.062012	3.75669
3466.458740	17.7584
3470.160400	3.48039
3472.090332	2.23231
3474.326416	3.78851
3475.842285	2.34764
3476.662354	0.250369
3478.977295	3.53111
3480.604248	3.66401
3484.137207	25.2299
3488.127197	6.54058
3489.218018	1.01839
3490.154053	1.11503
3491.684570	0.11842
3492.635742	0.95144
3494.271729	0.872485
3495.447510	1.84044
3497.695557	2.02425
3499.220459	25.5123
3507.177246	51.1375
3512.209961	3.8628
3514.796143	7.93226
3521.101563	7.93307
3524.453857	28.0966
3525.795166	7.40348
3528.155273	15.3523
3531.677002	1.11958
3533.536133	2.68037
3535.031982	0.75631
3536.381348	0.376137
3538.754883	2.86761
3539.928467	14.3402
3545.814941	10.2628
3550.824219	0.289773
3553.490479	3.77411
3555.585938	4.82927
3557.818359	2.55507
3558.466064	0.733448
3560.087646	2.42459
3562.584229	3.46155
3564.450928	7.29946
3566.344482	13.1451
3567.732422	53.021
3573.812256	1.47508
3577.383545	57.3545
3586.364990	3.83691
3589.194336	11.1114
3591.134033	4.41113
3593.203125	2.65887
3595.566162	4.26343
3597.522217	7.19404
3599.322754	5.2882
3601.003418	9.4083
3605.073730	1.72181
3606.812988	2.11737
3610.412109	9.06307
3611.447266	7.04251
3613.826660	2.39573
3616.274658	3.51824
3618.527344	1.56235
3621.165771	11.1973
3623.800049	4.24792
3625.929443	23.6624
3627.416992	9.22406
3629.568848	6.4382
3630.821777	0.37514
3631.572510	2.31368
3633.430664	1.94319
3634.480957	1.6073
3635.939697	15.1179
3637.583740	8.64269
3639.666504	1.6084
3641.976318	6.29323
3644.490723	7.49756
3646.779297	19.9662
3648.582520	3.7092
3651.185791	54.2048
3658.001465	7.18666
3659.156982	3.06234
3659.986084	0.138439
3661.389648	1.1479
3664.005127	26.0984
3670.575928	0.474745
3674.391846	9.18347
3679.974365	95.0758
3681.407959	9.76554
3683.346680	39.3843
3689.987793	3.43364
3691.101318	1.96549
3693.024658	4.77871
3696.898193	47.3877
3700.652100	100.5
3704.952393	141.614
3714.069580	8.06011
3715.099365	0.818021
3716.047852	2.47981
3717.072754	2.3259
3718.471436	0.0710339
3720.073975	4.06485
3722.010986	3.30957
3724.210938	3.04967
3726.035889	18.8472
3730.239746	68.0044
3738.021729	22.0485
3739.287842	7.94717
3741.592773	0.121909
3743.224609	1.14077
3745.126221	3.67843
3746.628662	2.74825
3747.605469	2.77942
3748.839111	1.05038
3751.283447	16.7115
3754.166260	1.31686
3755.379639	4.63345
3757.429932	6.39646
3759.523926	7.14537
3760.402344	9.58591
3763.607178	19.0982
3766.155762	12.3589
3767.450195	7.42374
3770.580078	7.14138
3772.508301	29.3395
3777.311768	12.0212
3779.886963	28.9956
3782.260986	6.50612
3787.305664	14.4929
3788.402832	0.188318
3789.169922	2.51279
3790.775146	4.60992
3792.941650	0.960945
3795.984863	20.0995
3800.041992	4.37356
3801.269043	1.3724
3802.552734	0.364836
3803.454834	0.593441
3804.674805	0.495115
3806.077393	1.7167
3807.216064	3.40273
3809.447021	0.272623
3812.379395	9.17011
3813.340576	0.026097
3814.117676	1.86577
3815.755859	3.76351
3817.852539	4.49998
3818.933594	0.937054
3819.845947	1.42201
3821.611328	4.30447
3823.737793	1.84501
3824.886963	5.72701
3826.099121	12.8069
3829.553711	2.24033
3832.189209	21.1138
3836.713379	12.0049
3840.167480	4.02602
3841.796631	2.08659
3843.686035	5.59524
3851.497559	17.8612
3852.389160	16.3272
3858.751953	46.5959
3861.956299	0.771815
3863.174316	0.395793
3864.174316	1.17448
3865.667969	1.86266
3866.599121	1.06761
3867.658691	3.29392
3870.423828	4.21418
3872.314941	2.88904
3873.857178	0.169076
3874.688477	0.627938
3878.370117	19.0547
3880.337891	2.33409
3882.427246	3.68442
3884.289795	7.52451
3885.599365	0.0250823
3886.239258	1.50037
3888.097168	0.808917
3889.209229	2.61659
3890.882080	1.39175
3891.698242	0.273293
3894.440430	5.03869
3897.366699	29.1519
3900.568115	2.39149
3901.606201	4.14091
3903.609375	15.7757
3905.162598	8.41542
3907.741943	2.41912
3909.934814	13.637
3913.214844	0.271202
3915.125977	30.0613
3916.707764	10.8249
3919.754150	11.6941
3921.889893	41.1603
3927.453613	27.8703
3932.007568	16.3772
3936.295898	2.58219
3945.465332	30.3537
3948.176270	1.35843
3950.930908	33.7646
3952.804932	26.7942
3957.310059	12.4648
3964.281494	24.441
3965.480225	19.9896
3972.423096	14.2265
3974.387207	0.143868
3976.169189	2.42222
3977.042725	0.471098
3977.859375	0.480768
3978.710693	0.532838
3979.984131	12.9652
3983.384766	0.210985
3985.029785	26.9774
3989.555420	11.2328
3995.486084	49.8663
3999.620361	32.4475
4003.817627	4.08571
4005.070068	0.0905038
4006.133301	0.531333
4007.287354	2.67732
4010.058350	65.5394
4013.940918	23.163
4019.185059	11.06
4020.568604	4.52571
4023.265869	2.45814
4024.293701	0.820115
4025.751953	2.25688
4027.738037	17.6392
4033.751221	18.6855
4035.826416	23.1924
4039.350586	1.33401
4042.909912	27.9856
4044.551758	2.67061
4045.700684	0.136837
4046.686768	0.628047
4048.833984	79.0497
4054.033447	0.921195
4055.793457	11.624
4061.857910	30.8595
4062.988770	1.00899
4064.304932	9.6322
4066.193604	31.659
4071.128906	1.29943
4072.948730	0.496726
4073.593262	0.232181
4075.816406	0.658905
4078.581543	13.3775
4080.558594	7.00079
4081.615479	1.14798
4082.757813	3.46077
4084.118408	0.765556
4085.022217	0.615636
4086.262451	4.31522
4088.688477	4.9808
4092.366699	28.1983
4094.990234	3.84378
4095.990234	2.07071
4097.100586	26.4662
4102.580566	27.9149
4105.286133	0.0339564
4111.806152	31.6809
4113.226563	34.9075
4119.990723	17.3017
4121.962402	5.31608
4124.009766	7.41837
4125.740723	30.2455
4132.203613	61.6344
4134.466309	75.5934
4142.122070	178.218
4146.293945	3.549
4147.423828	65.1533
4158.033203	39.5283
4162.177734	24.5869
4163.610840	3.29945
4165.910156	37.8073
4172.182617	17.3983
4176.314453	44.8742
4182.305176	70.1902
4186.372070	15.0427
4191.732422	30.3875
4194.172852	1.36482
4196.370117	3.80976
4198.430176	3.8211
4199.592773	1.44819
4201.442871	2.33182
4203.409180	1.92677
4204.707520	0.692621
4206.092285	2.94354
4207.252441	0.387733
4208.118652	0.510935
4209.046875	1.15721
4211.121094	23.1177
4213.453613	1.54733
4214.943359	2.00666
4216.216309	36.7772
4220.583008	0.146198
4224.819336	44.0233
4226.504395	2.05236
4228.414063	51.0029
4234.489746	0.0823274
4239.055664	21.5814
4240.805176	11.4948
4242.652344	4.5169
4243.397949	1.47728
4244.748535	91.7268
4254.159668	102.938
4256.004883	35.0249
4260.613281	3.25088
4261.833984	11.0523
4266.657715	16.7182
4268.153320	0.9096
4270.315430	2.75328
4272.075195	8.38559
4273.523438	19.0803
4275.978516	2.44898
4277.470215	11.6939
4280.994629	17.2992
4282.211426	20.7251
4284.735352	1.5406
4286.131348	2.42736
4288.468262	25.4357
4292.090332	5.03413
4295.216797	3.93136
4298.187012	77.9567
4303.270996	7.6915
4304.204102	11.6024
4308.959961	2.32042
4310.959473	13.2587
4315.159668	52.1895
4317.793457	2.21185
4319.638184	2.88621
4320.974121	5.77544
4323.756348	0.598161
4325.512695	0.660128
4331.194824	119.855
4335.678223	0.668639
4340.056152	10.2299
4341.309082	0.353214
4342.964844	14.0735
4345.559570	7.12041
4346.474609	6.74402
4348.119141	4.97896
4349.754395	15.7431
4351.798828	6.9747
4354.356445	6.38089
4356.718750	1.96594
4358.078613	1.44847
4359.159668	0.747989
4360.211426	2.5693
4364.125000	34.4525
4369.663574	25.7632
4371.333496	22.2141
4376.554688	50.087
4378.030273	50.5278
4383.583496	1.56519
4386.988281	35.7933
4392.805176	13.0657
4394.061035	0.935952
4395.526367	0.574109
4397.405762	25.9051
4401.708984	32.3308
4405.580078	3.03912
4408.447754	16.792
4410.528809	4.62139
4413.144531	81.7949
4418.168457	2.39255
4420.814941	8.30921
4425.966797	39.6219
4429.917480	9.41381
4435.562988	8.86892
4437.017578	9.9393
4439.607422	2.3337
4440.852539	2.07041
4442.220215	4.43235
4443.969238	3.83427
4444.792480	0.463252
4445.994629	2.55351
4448.551270	10.1761
4449.760254	7.32973
4451.983887	28.0987
4456.652344	16.1128
4458.659180	6.42906
4460.946289	5.15234
4463.615234	11.9944
4465.879395	2.39324
4467.694824	5.059
4469.576660	3.26677
4472.064453	13.154
4475.177734	1.8525
4476.626953	7.09084
4478.838867	3.23521
4482.035645	19.7716
4484.660645	5.64
4485.646973	1.6006
4486.570801	13.4297
4489.476074	1.09393
4490.703613	0.669066
4491.747559	1.07387
4495.320313	9.40033
4498.967773	5.95782
4500.750977	6.10373
4502.000000	1.43718
4503.385742	14.0511
4505.829590	4.67711
4507.970215	2.7719
4510.673340	4.15342
4511.804688	16.2659
4516.332031	48.9279
4521.867188	12.1468
4523.237793	9.39597
4526.003906	1.91582
4527.520020	4.49054
4530.050781	3.96943
4531.966309	0.957343
4533.554199	11.4473
4537.485840	0.0973651
4540.900879	10.5005
4543.019043	1.77088
4545.996094	54.4647
4547.742188	9.87909
4550.559570	19.8613
4552.003418	16.8335
4554.585938	28.5233
4562.687500	65.3335
4564.812500	0.339947
4567.457520	26.9114
4571.129883	18.7125
4575.208008	1.11681
4576.708496	0.643729
4577.949707	1.01564
4578.699219	0.39772
4580.354980	3.39514
4581.337402	0.382102
4582.782715	6.78047
4584.644531	19.6085
4589.262207	2.39836
4591.472168	20.1459
4593.028809	4.2665
4595.362793	3.63773
4597.176758	4.72714
4598.745117	3.01542
4600.969727	1.34911
4602.644531	27.3841
4610.166504	23.3732
4614.054688	23.0596
4617.340332	15.3508
4620.881348	36.7912
4626.400391	5.64771
4628.443848	32.7407
4632.086914	12.6416
4633.441406	10.2096
4635.932129	61.3153
4646.328613	82.5649
4650.067871	188.949
4655.603027	41.0702
4660.366211	56.2142
4666.142090	58.8632
4674.634766	87.5833
4675.939453	9.91781
4677.029297	4.72915
4679.637207	160.459
4689.429688	23.2617
4690.971680	60.9494
4700.770020	29.028
4702.946777	6.17025
4705.975586	37.3033
4709.446777	3.32815
4714.063965	40.5786
4719.246582	11.1283
4721.114746	9.32124
4723.418457	2.24904
4725.262695	2.7491
4727.546387	0.808335
4730.151855	4.45745
4734.418945	38.7312
4738.645508	24.792
4740.226563	2.26942
4741.594727	1.2251
4743.071777	1.41048
4745.636719	0.146834
4746.741211	4.40422
4748.602051	2.36488
4751.547852	18.6237
4754.084473	6.1138
4756.349609	9.27614
4761.852051	66.7215
4763.273438	17.3565
4765.379883	71.0762
4771.410645	0.850318
4774.573730	24.038
4779.306152	62.0351
4783.696289	16.7709
4787.818359	29.4557
4791.085938	2.38183
4793.541992	52.0475
4795.353027	16.0974
4797.398438	8.19091
4799.465332	21.2136
4805.585449	13.1215
4807.387695	21.4253
4810.941406	33.4105
4812.747070	17.3352
4815.113281	10.7899
4817.932617	2.91563
4818.899414	17.4552
4822.505371	0.0911428
4827.605469	51.8334
4829.854492	15.8301
4831.842285	86.9411
4841.109863	36.4266
4842.662598	0.683132
4843.815918	0.346334
4844.760742	3.87451
4847.475098	14.1539
4851.165527	0.358643
4852.131836	0.170553
4853.254883	0.45034
4857.459961	3.13294
4860.233887	9.03543
4862.310547	15.9279
4865.260742	77.2562
4873.188477	12.8107
4875.098145	9.68125
4877.714355	10.2043
4879.337402	12.1179
4882.337891	4.44777
4883.187012	1.19307
4884.764648	3.52694
4889.028809	84.8066
4893.937012	18.4627
4898.270508	23.0926
4904.219238	23.2816
4907.874023	8.67299
4909.691406	3.82808
4914.025879	12.6728
4915.717285	11.8952
4917.401367	14.8291
4919.592285	10.2864
4921.475098	4.82075
4923.682129	14.651
4927.218262	43.0846
4928.489746	19.3105
4931.193848	2.76282
4933.458984	0.374207
4934.848633	6.5957
4935.692383	8.19915
4937.678223	8.3753
4939.759766	0.669208
4940.757813	1.20826
4941.847656	3.24474
4943.604980	0.606515
4945.500000	3.52031
4948.760742	2.27036
4950.744629	21.0916
4955.485352	6.03202
4957.086914	11.9384
4959.583984	8.30656
4960.856445	3.13315
4962.191895	10.9944
4963.534668	2.1697
4964.807129	7.37716
4966.476074	46.3785
4972.128418	19.0524
4974.551270	6.02838
4976.168457	8.49489
4981.258789	28.4175
4984.023926	7.30338
4986.746582	4.18373
4988.863281	12.901
4991.159668	7.53819
4995.863770	46.855
5000.197754	6.7595
5001.485352	9.43472
5004.773926	20.641
5008.389648	24.1305
5009.443848	0.468808
5010.296387	22.6624
5014.564453	55.0356
5016.714844	4.14774
5018.429688	16.8614
5019.896973	0.414858
5021.433105	4.84784
5023.021484	4.98576
5026.422852	32.6215
5028.744629	5.08578
5031.013184	30.2517
5031.901855	12.809
5033.912598	1.72601
5034.943848	1.82345
5036.197266	10.1553
5038.393555	3.72726
5041.109863	23.1295
5042.565918	34.9826
5047.133789	56.8987
5053.684570	20.7261
5059.295410	262.933
5061.086426	22.6839
5062.449219	190.735
5067.328125	208.011
5077.996094	3404.32
5092.460449	238.244
5094.986328	266.641
5100.066895	103.768
5111.643555	3429.78
5126.674805	888.089
5136.786621	3.12405
5138.065430	10.6168
5144.127930	3389.73
5150.979980	165.998
5156.776367	9.38505
5158.536133	22.0912
5161.969238	16.4537
5163.253906	54.7122
5167.270996	4.58693
5173.850098	182.947
5177.910645	155.302
5182.389648	172.106
5191.262207	198.783
5196.787598	0.949269
5198.016113	11.6535
5199.791016	3.31132
5200.868164	1.0874
5202.232910	6.50268
5206.837891	59.3441
5209.833008	77.7073
5215.994141	45.5274
5220.603516	10.5933
5222.379883	1.9148
5224.002930	25.8258
5225.729492	18.1477
5228.175781	60.5668
5233.565430	3.34293
5238.899902	32.3168
5243.457520	78.4592
5248.190430	23.7837
5252.642578	5.7782
5254.625977	4.90771
5256.921875	10.4124
5259.139160	12.8748
5260.750977	7.93595
5261.883301	5.986
5263.348145	38.9936
5267.566406	58.15
5280.233398	242.157
5282.084961	50.7507
5287.019043	111.161
5297.120117	104.617
5302.261719	24.4857
5304.500000	0.465737
5305.575684	4.08447
5307.308594	5.58841
5309.803711	2.48704
5311.715820	4.85996
5313.173340	2.297
5314.378906	2.85716
5316.527344	3.09821
5318.711426	3.76167
5321.305176	1.77562
5322.871582	1.75729
5323.951660	3.19583
5326.809570	0.377364
5329.534668	30.189
5333.476074	3.52461
5334.902832	5.21793
5335.836914	2.24635
5336.823242	2.84922
5339.705566	12.0852
5341.464355	6.85274
5343.569824	0.513063
5344.957520	19.1619
5349.219727	6.52848
5353.465332	24.5624
5356.459473	3.67478
5358.650879	9.58528
5361.978027	16.0999
5363.837891	43.3773
5371.428711	40.0709
5375.806641	30.0686
5379.254883	55.6795
5382.929199	1.84481
5384.187988	0.804286
5385.891113	1.9174
5387.080078	3.07695
5388.434082	7.61408
5391.833496	4.16591
5394.173828	6.50306
5395.890137	2.30011
5397.301758	5.07241
5400.050781	5.08961
5405.066406	111.92
5419.937988	158.2
5422.632813	20.9016
5426.743164	58.8235
5430.260254	9.56028
5432.832031	8.47007
5435.025879	9.47605
5440.820313	82.7367
5445.626953	16.2814
5448.274414	1.63953
5450.541992	3.64076
5452.970215	0.504539
5457.372559	15.5674
5459.628418	7.22363
5462.176270	5.63335
5464.724609	4.87503
5466.209961	0.574594
5467.292969	0.892645
5469.614258	59.0768
5476.250000	32.3183
5480.609375	4.80057
5482.175781	7.77723
5487.996094	24.3365
5490.344727	4.42866
5491.960449	69.882
5499.929199	24.0869
5501.531738	7.57663
5503.645508	11.1783
5506.528320	13.2387
5507.694824	1.02892
5508.929688	3.12912
5510.589844	1.53467
5512.348633	16.2615
5515.106445	1.77324
5516.692871	6.51363
5517.778320	27.1013
5520.638184	0.627663
5523.347168	62.2998
5531.359863	93.231
5538.599121	27.8738
5541.414551	2.99264
5542.810547	3.93601
5545.669922	14.853
5547.061523	28.6859
5552.377441	21.8832
5554.708496	6.58007
5556.520020	18.8398
5559.526367	3.93121
5562.152832	20.0807
5564.006348	3.87224
5564.855469	2.66571
5566.715332	24.3737
5574.278809	28.8088
5575.478516	2.87022
5577.018066	4.87459
5579.188477	5.11761
5582.155273	0.457527
5583.418457	1.03502
5585.823242	5.2494
5587.278809	0.233733
5588.155762	10.5657
5591.697266	6.33234
5593.805664	4.67543
5595.299805	7.2427
5599.072266	196.878
5608.010254	56.2371
5610.620605	0.201086
5612.144531	5.67719
5615.020020	37.8606
5616.513672	15.5767
5619.462891	45.8378
5624.241699	2.91299
5626.912598	6.8722
5630.932617	23.3972
5632.322266	2.48245
5636.218262	46.3169
5640.433105	16.9732
5641.979004	10.3453
5644.876465	10.2552
5647.882813	1.16145
5652.375488	26.0649
5653.743652	4.16591
5654.765625	1.80435
5656.685059	92.9085
5667.124512	53.1108
5668.987793	4.73259
5671.335449	18.4539
5674.977539	2.41046
5678.094238	7.03784
5679.596680	8.88068
5681.115234	7.72981
5682.455078	12.9963
5685.286621	1.00434
5686.987305	4.69734
5688.912109	6.87369
5690.282715	0.821546
5691.478516	2.99416
5693.858398	5.0667
5695.879395	0.237233
5696.870605	1.27545
5699.087402	50.3096
5704.537109	8.66151
5705.649414	1.48332
5706.851563	6.14992
5708.792969	3.9385
5710.063477	8.9961
5713.101563	2.05745
5717.049805	18.2287
5719.022461	2.96133
5720.015625	1.20024
5721.471191	35.8462
5726.182129	21.1833
5727.829102	7.66485
5730.796875	3.05039
5732.290527	19.2771
5738.820313	25.7741
5741.502930	6.20406
5743.729492	6.05566
5746.579102	6.9942
5748.061523	8.17283
5750.912598	0.979755
5754.729004	6.11932
5755.943848	8.17642
5760.872070	26.1016
5763.793945	3.20941
5765.875977	3.0313
5767.678711	10.3138
5769.979492	11.5836
5773.264648	10.6472
5774.373535	2.48024
5775.968750	4.44863
5777.879883	12.6594
5781.154785	2.20723
5785.041016	70.6206
5787.693359	27.3165
5794.275391	28.4311
5801.061523	79.0707
5805.697266	15.1065
5807.281250	4.38087
5808.374023	3.77663
5810.238770	5.08648
5811.862305	3.70983
5815.112305	11.5475
5819.341797	45.4517
5822.221191	2.13688
5823.935547	8.52312
5826.770508	9.79724
5828.065918	14.3617
5831.307129	38.9934
5840.563965	29.9423
5842.499512	3.71293
5844.633301	1.27047
5848.630859	46.5163
5854.254395	134.466
5858.627441	25.1857
5859.872559	49.9094
5868.553711	878.046
5880.514160	52.8627
5884.497070	49.8337
5886.696289	12.5311
5888.312012	5.72771
5890.056152	6.59433
5891.590332	45.0663
5901.635742	394.967
5903.761230	151.729
5908.577148	69.9719
5915.315430	86.3072
5917.268555	103.709
5924.038574	0.917356
5925.481445	1.01315
5927.128906	5.25709
5933.824219	315.315
5935.778809	455.799
5947.818359	131.135
5951.544922	4.62367
5954.006836	3.56424
5956.595703	12.8044
5959.645996	7.02533
5962.357910	7.84586
5965.471191	82.7556
5969.729980	47.0945
5977.170410	17.3672
5983.599609	831.661
5989.786133	0.758243
5991.542969	4.13582
5992.977051	23.1741
5997.807129	2.1663
6000.078125	23.9804
6002.098633	21.9148
6004.144531	19.8687
6009.275879	114.888
6017.788574	687.716
6033.878418	76.3368
6035.783203	10.3336
6039.253906	10.4247
6041.694824	31.9337
6050.275879	658.827
6054.984863	58.9155
6058.737793	3.06632
6061.203125	6.94613
6064.594238	6.61828
6067.130371	47.0987
6078.468262	147.195
6080.839844	57.6133
6085.659668	0.191412
6090.999512	79.9678
6092.990723	76.2332
6100.711914	120.836
6112.466309	121.413
6116.731934	19.2118
6118.658691	36.0866
6125.081543	13.8973
6127.136230	19.1639
6131.023438	73.5339
6132.838379	156.404
6146.349121	138.063
6151.001953	4.81581
6153.677734	45.5002
6159.158203	7.12901
6160.635254	7.29221
6163.645508	29.5832
6168.016602	15.7003
6170.266113	18.306
6172.441406	17.9364
6175.113281	0.245008
6176.893066	11.9068
6178.335449	29.6347
6181.872559	22.8521
6183.473633	42.8805
6186.569824	4.22932
6190.812988	51.0134
6194.790527	150.14
6199.580078	10.3621
6202.455566	11.5253
6204.825195	35.5603
6209.676270	16.8129
6213.996094	13.5503
6216.141602	8.52152
6218.726563	21.6168
6223.459961	194.826
6230.268066	77.4439
6236.928223	67.4115
6242.021973	33.2436
6244.169434	32.9022
6249.542969	33.514
6251.881348	8.44861
6253.742188	2.14641
6257.679199	31.7591
6262.887695	50.5718
6264.892090	183.526
6273.830566	0.941501
6278.054199	7.06854
6280.928711	9.05011
6283.384277	13.2688
6286.040039	8.99764
6289.657227	9.11378
6292.107910	8.073
6295.142578	8.72353
6298.475098	105.372
6304.087891	2.73158
6306.580078	30.6118
6309.239746	3.19763
6310.648438	1.68053
6313.038574	29.4926
6315.598633	12.1028
6318.469727	3.45337
6320.003906	2.02718
6321.715820	18.1042
6324.476563	4.96109
6326.999512	11.7325
6330.687012	28.6116
6331.835449	23.3367
6335.762207	30.503
6339.354980	4.4171
6341.561035	4.65987
6344.856934	2.93659
6346.998535	5.67564
6348.982910	8.46918
6351.287598	5.4906
6353.779785	15.5231
6356.877930	6.02694
6362.108398	45.4235
6364.363281	8.60551
6367.534180	1.66705
6371.867188	28.0452
6377.865234	57.8177
6379.742188	6.68396
6382.162109	7.9186
6384.393066	43.2113
6389.100098	3.22044
6390.498535	3.31262
6392.810059	42.6243
6395.378906	7.16582
6399.593750	95.3965
6401.382324	106.726
6406.310059	7.43592
6408.521973	57.0419
6413.683594	3.5102
6415.895020	0.0272836
6418.740723	14.107
6420.838379	15.7111
6427.556152	556.219
6436.980957	4.5676
6443.717773	1179.14
6445.849121	1200.34
6456.151855	8.63111
6462.669434	93.0005
6464.603516	131.548
6473.623535	139.331
6476.744629	67.3546
6481.915527	20.69
6483.538574	15.4772
6487.125488	2.48314
6489.683594	45.4842
6494.790527	7.39935
6497.755371	1.93989
6502.597656	60.7678
6504.363281	20.5784
6507.984863	16.9841
6510.274414	18.1178
6515.549316	324.083
6522.789063	42.7541
6529.204590	60.6139
6530.572266	6.07087
6532.047852	3.39447
6534.060059	100.475
6542.068359	19.2765
6545.175781	21.1137
6548.002441	5.63557
6550.192871	20.271
6553.107422	136.305
6557.898438	1.58161
6559.917480	3.7035
6562.443848	16.2008
6567.374512	3.99775
6570.617676	62.9673
6576.448730	134.124
6582.233887	1.75267
6586.826172	151.388
6589.700684	50.1431
6592.297852	272.39
6606.264648	430.118
6615.122559	32.0978
6617.415527	12.3928
6620.937988	10.9555
6623.696289	16.7399
6626.186035	15.1958
6628.818848	3.74673
6631.910645	12.2677
6637.520020	35.609
6644.299316	24.4789
6648.547852	50.7378
6652.836426	1.97296
6655.497070	18.947
6660.904297	127.36
6669.247559	69.3457
6677.950195	270.26
6689.253906	54.8855
6691.810059	55.8867
6696.947266	12.2036
6698.494141	14.2581
6702.979492	25.596
6706.219238	11.0472
6709.037598	57.096
6715.596680	70.9288
6722.231445	71.539
6728.092285	17.1878
6730.624512	31.7409
6732.817871	15.954
6735.167969	27.7743
6737.724609	26.0503
6740.070801	48.8286
6748.164063	39.0575
6749.692383	43.6218
6753.119629	3.78487
6755.910645	8.79484
6757.942383	22.6841
6765.694336	5.63135
6767.432617	3.61179
6772.723633	88.1658
6778.134277	73.4765
6784.018066	43.2402
6791.889160	65.6101
6794.487305	20.6853
6797.080078	10.2915
6799.680176	4.05361
6803.042480	29.1423
6808.711426	77.0651
6811.382324	4.22913
6813.772949	130.85
6822.380859	9.98951
6826.420898	36.0673
6828.959961	6.25383
6831.463867	16.325
6833.491699	25.9228
6839.907227	22.2444
6841.795410	10.1158
6844.891113	1.5432
6847.579590	13.1438
6853.351074	67.66
6856.166504	3.30247
6858.700195	91.3333
6866.041016	95.7671
6871.644043	18.1636
6874.762207	47.1376
6880.594238	71.8774
6884.471191	7.14071
6885.809570	4.71688
6887.486816	2.802
6893.358398	122.353
6898.210449	9.87691
6902.976074	6.94551
6909.125977	482.658
6917.931152	27.2256
6920.986816	11.0361
6924.711426	21.7168
6926.367188	25.535
6930.488281	13.3548
6935.463867	86.9373
6940.222168	20.4928
6942.998047	27.7225
6948.010254	27.4727
6950.189941	8.12035
6952.817871	65.2882
6957.222656	2.5314
6960.695313	10.0737
6962.527832	13.4352
6964.299316	38.3618
6971.578125	31.1091
6972.882813	23.3585
6976.720703	13.2616
6982.271973	8.85874
6984.029297	10.2067
6985.571289	1.30578
6987.109375	7.61573
6990.166016	38.4018
6992.581543	23.1946
6995.812500	23.728
6998.880371	12.5837
7002.215332	27.0286
7004.727539	14.9414
7006.279297	2.60054
7008.049316	12.9922
7010.413574	92.438
7016.479980	3.40281
7022.591309	238.705
7024.580566	7.69384
7027.429199	14.7719
7029.142090	66.2316
7032.575195	5.97366
7034.096680	7.61699
7035.816406	5.29315
7037.916016	37.5911
7044.782227	12.4913
7046.864258	40.9089
7054.245117	22.6655
7063.321289	142.792
7065.026855	4.15669
7067.443359	209.881
7080.390137	1021.23
7094.819336	26.487
7096.741211	70.6739
7107.000977	120.274
7115.520020	44.1233
7118.887207	3.78342
7121.210938	5.63749
7125.044434	60.3243
7129.721680	6.96771
7132.931641	11.5742
7134.227051	7.6775
7138.113770	60.3826
7145.646973	59.6229
7148.238770	0.939139
7152.017578	38.8514
7156.735352	9.88347
7158.221191	35.1047
7163.275879	15.8645
7170.834961	26.7623
7172.764648	7.8316
7175.819336	20.3294
7177.977539	3.1362
7181.067383	20.11
7182.508789	28.5256
7186.704102	52.8035
7192.245605	28.051
7201.753906	48.5476
7205.683105	177.587
7211.491211	0.0561999
7218.203125	53.211
7221.278809	4.92097
7224.898438	13.9261
7226.340332	18.5592
7231.683594	36.7778
7234.413086	1.7632
7235.843262	0.282621
7237.348145	17.474
7245.996094	5.31366
7249.055176	4.97923
7250.399902	3.32668
7252.315918	6.86585
7254.842285	5.84753
7256.998535	5.92711
7259.797852	8.24106
7261.746094	6.63989
7264.686523	3.4192
7266.813477	4.94085
7269.830566	1.51689
7275.637207	53.0404
7278.494141	12.4588
7281.638184	4.99323
7284.282715	27.3616
7288.694336	15.5926
7290.101563	13.7892
7294.252930	7.72962
7295.898926	1.97167
7297.965820	39.5554
7303.752930	19.9959
7305.811523	1.71885
7308.727051	5.69321
7313.766602	20.7173
7318.269531	7.96051
7320.604492	18.745
7323.391602	3.26815
7327.238281	5.06178
7329.697266	22.43
7332.396484	8.24448
7333.776855	7.07215
7335.440430	19.4226
7340.057129	32.0733
7346.094238	10.9875
7348.547852	6.18918
7350.437500	1.90814
7352.031250	11.7572
7353.628418	2.44743
7355.349609	4.16186
7357.136719	4.90102
7362.078125	16.4182
7367.213867	2.91133
7369.781250	2.73687
7372.576172	3.57943
7379.737305	10.591
7382.870605	21.4239
7387.711426	6.01316
7389.648438	16.2588
7396.858887	24.048
7399.883301	0.673929
7401.729492	15.2989
7405.979004	10.3046
7407.471680	0.136704
7408.902344	1.55096
7411.068359	12.9681
7415.347168	30.7931
7416.743164	30.642
7420.166992	0.853666
7423.513184	16.1186
7425.275391	10.2642
7431.221680	22.89
7437.024902	41.1362
7445.702148	17.2502
7446.930176	15.4706
7451.903320	33.2464
7457.134766	38.6099
7462.965820	5.6857
7466.007324	15.7128
7470.815918	25.6847
7472.583984	26.4273
7478.187012	10.7457
7482.227539	37.7291
7487.469727	6.15363
7490.645020	3.40427
7493.049805	7.1135
7499.298340	27.1102
7503.897461	23.6594
7510.747070	57.3494
7516.412598	4.24999
7520.133789	2.09847
7522.326172	10.6388
7524.985352	2.76507
7528.864258	63.0619
7536.395996	44.7397
7541.606934	28.2467
7543.682129	12.5652
7546.365723	35.0088
7551.711426	3.56076
7555.235352	71.8696
7560.600586	12.7261
7562.779297	3.40625
7564.657227	2.28853
7566.752930	3.42231
7568.643066	1.09707
7571.337891	13.3784
7574.137207	13.0707
7576.781738	51.7351
7581.782227	3.49275
7584.879883	2.23921
7587.938965	5.72458
7589.370117	0.859944
7591.218750	10.9796
7594.282715	14.6054
7596.925293	10.8221
7599.562988	10.7813
7602.983398	9.16551
7605.219727	8.47267
7608.310547	2.78864
7613.312012	37.5817
7616.640625	8.47861
7618.546875	11.384
7619.612793	32.198
7625.138672	4.05432
7630.518555	61.9373
7639.237305	16.0055
7642.959961	13.0932
7644.906738	6.90321
7647.958008	0.965561
7649.709961	5.50033
7652.670410	11.4069
7657.286133	8.37028
7660.099609	14.3506
7662.286621	13.1566
7667.938965	29.0197
7670.137207	13.9434
7673.705566	15.9581
7677.195801	24.0504
7678.913086	4.71675
7680.114258	3.65971
7682.818359	11.4455
7685.549316	8.40065
7688.525391	7.71049
7690.686035	12.1623
7692.047363	8.38415
7695.019531	15.7976
7697.576172	5.80793
7699.824707	41.0811
7710.743164	79.8281
7713.041992	48.8475
7720.429688	78.3534
7726.417969	119.385
7732.655762	0.98447
7734.568359	1.95441
7737.213379	5.71604
7740.186523	5.12409
7744.360352	76.9364
7753.103516	1.36667
7755.042480	6.4147
7758.726074	1.95476
7761.822266	5.91718
7766.883301	1.62847
7772.827148	22.6583
7775.054688	8.43488
7777.364746	5.34238
7784.695313	47.1772
7787.674805	161.449
7795.481934	6.96526
7798.172363	27.1158
7801.197266	15.728
7803.190430	38.7711
7806.294922	26.7557
7808.857422	394.725
7817.955078	3.86186
7820.544922	7.84876
7823.595703	2.9731
7827.187500	25.6856
7830.821777	53.3152
7839.911621	52.0392
7845.277344	0.0252415
7848.107422	45.6509
7850.255371	16.1632
7853.673828	0.666302
7856.895508	19.8692
7859.795410	8.04415
7863.532227	7.82031
7866.073242	13.2333
7870.372070	0.354417
7872.469238	26.1212
7882.126953	20.497
7884.821777	0.567823
7886.728027	1.52789
7888.649414	0.510861
7890.299805	4.02906
7893.761230	9.69056
7898.554688	1.54003
7900.656738	3.1327
7903.296387	8.59183
7906.281250	3.13577
7908.940430	2.28384
7911.054199	0.756537
7914.169434	1.19677
7917.016602	1.14873
7919.024902	0.438251
7920.535156	0.577337
7922.570313	0.576734
7924.145996	0.262602
7925.773926	0.972928
7930.691406	18.8789
7936.719727	15.7626
7942.953613	6.76807
7946.298828	78.1085
7954.472656	33.5696
7961.165039	24.2941
7968.705566	3.71547
7970.350586	2.18413
7972.513672	13.9119
7978.340820	0.14143
7979.701172	0.0898069
7983.832031	22.3524
7990.026855	2.87523
7991.990723	0.245225
7994.113281	1.75773
7997.143066	11.1136
8002.897461	10.6811
8005.592773	6.61052
8008.741699	1.54318
8011.500000	6.01212
8013.520508	4.6202
8017.119141	10.1781
8022.816406	24.8144
8028.204102	37.9531
8040.359863	14.7193
8044.302734	43.0032
8050.044922	4.11308
8052.989746	10.5276
8055.898926	9.37541
8058.210449	8.30029
8064.844727	30.4155
8073.003418	28.5653
8076.460938	0.592648
8079.348633	10.7538
8081.849121	1.01435
8084.680176	7.08967
8090.399902	22.8822
8094.481445	2.44449
8096.337402	1.48162
8099.551758	3.26507
8101.329590	1.91562
8103.615723	0.897272
8106.549316	8.63966
8111.822754	0.335488
8117.164063	11.9803
8124.900391	8.78299
8131.494629	43.219
8137.568359	2.15539
8142.660645	6.74175
8147.283203	7.48291
8151.141602	12.2211
8157.209473	11.7436
8169.632813	75.011
8171.786133	94.3029
8180.346680	8.06681
8183.192871	3.37889
8188.884277	22.7441
8193.093750	62.3505
8198.796875	23.7564
8201.075195	5.79066
8205.270508	1.19856
8207.360352	4.77839
8214.866211	70.3688
8225.760742	21.2299
8229.875977	0.857787
8231.752930	1.60014
8235.916992	9.54338
8242.448242	0.813679
8248.187500	22.3939
8250.022461	8.87963
8253.876953	14.4618
