TITLE "<<N16_MSMS_9300.0000_1>> 4700 MS/MS Precursor 9300 Spec #1=>AdvBC(32,0.5,0.0)=>NR(2.00)=>SM31=>CT[BP = 3222.9, 6119]" CENTROID
TYPE MASSSPEC
64.923203	0.0283861
64.970901	5.3324
65.075882	0.0132772
67.857994	24.9185
68.981728	0.375351
69.275826	0.214949
69.579758	0.382501
70.391541	6.25029
71.633583	6.22596
72.400574	2.49256
72.791809	2.24142
73.176804	13.8971
73.654160	0.0232653
74.068962	1.07103
74.808235	1.4831
75.556442	1.49219
76.451973	8.07994
77.097260	4.63328
77.357826	0.212928
77.688217	0.517092
79.885071	27.4227
80.311798	2.17942
80.682777	0.772371
80.817169	0.394004
81.053513	0.530127
81.794731	37.4745
83.569000	12.2498
83.834785	1.25416
84.089767	4.3583
84.634041	0.834468
85.497772	11.3073
87.244362	10.7732
89.275200	0.089386
93.167435	20.4259
93.822464	0.0979389
94.259537	0.677777
94.600189	0.49326
94.901497	0.552854
95.203537	0.10909
96.173019	13.7762
100.697319	1.35981
101.257401	0.38379
101.592430	0.219943
101.909645	0.120682
102.232483	0.374584
103.321335	0.965091
103.736786	0.958606
103.950638	0.506065
104.083069	0.24333
104.345215	0.2315
104.509079	0.368282
105.507019	2.77845
106.582802	0.94608
107.860130	5.80557
108.868988	5.41117
109.540886	5.27968
110.231911	4.77204
110.884659	1.82904
111.150787	0.670649
111.621094	0.713017
111.921967	0.542178
112.277596	0.194938
112.528305	0.0290665
113.599159	2.13247
115.000946	16.6768
117.260605	17.3142
119.440201	2.22061
121.274391	0.182581
122.555183	0.378368
125.777321	2.49362
127.103859	5.38194
128.787628	2.40339
129.501053	0.43106
129.836823	1.67614
130.587631	0.676208
130.779221	0.0849587
131.362000	0.113521
134.426132	7.46205
145.149445	6.33978
150.521973	1.67594
151.309937	0.0673362
151.670410	0.118692
151.890366	0.0980838
152.114014	0.0441587
152.371063	0.29022
153.417511	3.66883
154.420715	2.79023
155.265274	0.396146
156.389755	2.9362
165.348282	6.30669
167.311600	0.769383
167.747177	0.453887
168.168304	0.308775
168.583618	0.104074
174.205841	9.12198
187.531723	0.052632
187.858307	0.501331
196.260666	9.64375
209.698914	1.48705
211.573441	1.2104e-005
211.970306	1.66466e-007
212.085602	4.16166e-008
212.131729	4.16166e-008
212.524017	6.65865e-007
212.916656	4.16166e-008
213.009109	1.2485e-007
213.101563	4.16166e-008
213.194046	1.2485e-007
213.309677	8.32332e-008
213.517883	2.91316e-007
213.818817	2.497e-007
213.980942	4.16166e-008
214.050446	8.32332e-008
214.143127	8.32332e-008
214.456100	4.78591e-007
214.827332	1.87275e-007
215.280197	4.99399e-007
214.966614	6.24249e-008
215.698654	2.497e-007
215.966202	2.28891e-007
216.140793	8.32332e-008
216.210648	4.16166e-008
216.408630	3.12124e-007
216.816528	4.16166e-007
217.189804	2.497e-007
217.458282	2.28891e-007
217.633484	8.32332e-008
217.703583	4.16166e-008
217.750320	4.16166e-008
217.820435	8.32332e-008
217.960693	1.66466e-007
218.124390	1.2485e-007
218.358353	2.91316e-007
218.604156	1.45658e-007
218.803238	8.32332e-008
218.721252	6.24249e-008
219.084442	4.16166e-007
219.412750	1.66466e-007
219.530075	4.16166e-008
219.577011	4.16166e-008
219.670883	4.16166e-008
219.623947	4.16166e-008
219.882202	3.32933e-007
220.093613	4.16166e-008
220.175858	1.04041e-007
220.352142	8.32332e-008
220.269867	6.24249e-008
220.516739	2.08083e-007
220.657883	4.16166e-008
220.751999	1.2485e-007
220.940292	2.08083e-007
221.081558	4.16166e-008
221.175766	4.16166e-008
221.128662	4.16166e-008
221.387802	3.32933e-007
221.694260	2.08083e-007
221.835770	4.16166e-008
221.906540	8.32332e-008
222.000931	8.32332e-008
222.095337	8.32332e-008
222.189758	8.32332e-008
222.284195	8.32332e-008
222.378662	8.32332e-008
222.508591	1.45658e-007
222.744904	2.70508e-007
222.957687	1.04041e-007
223.087784	1.2485e-007
223.253403	1.66466e-007
223.478287	2.28891e-007
223.726959	4.16166e-008
223.655899	8.32332e-008
223.774353	4.16166e-008
223.845428	8.32332e-008
223.987640	1.66466e-007
224.153595	1.2485e-007
224.390793	2.91316e-007
224.639984	1.45658e-007
224.758682	6.24249e-008
224.841797	8.32332e-008
225.126892	4.16166e-007
225.459717	1.66466e-007
225.578644	4.16166e-008
225.626236	4.16166e-008
225.673813	4.16166e-008
225.721405	4.16166e-008
225.935623	3.32933e-007
226.245224	2.08083e-007
226.388199	4.16166e-008
226.459702	8.32332e-008
226.555054	8.32332e-008
226.650421	8.32332e-008
226.745819	8.32332e-008
226.841232	8.32332e-008
226.936661	8.32332e-008
227.032104	8.32332e-008
227.127579	8.32332e-008
227.223083	8.32332e-008
227.318588	8.32332e-008
227.545517	3.12124e-007
227.904053	3.12124e-007
228.155197	1.2485e-007
228.274841	8.32332e-008
228.346634	4.16166e-008
228.394501	4.16166e-008
228.442383	4.16166e-008
228.562103	1.66466e-007
228.681854	4.16166e-008
228.729767	4.16166e-008
228.777679	4.16166e-008
228.993347	3.32933e-007
229.305054	2.08083e-007
229.448990	4.16166e-008
229.520966	8.32332e-008
229.616974	8.32332e-008
229.809021	2.497e-007
229.977142	4.16166e-008
230.025192	4.16166e-008
230.073242	4.16166e-008
230.145325	8.32332e-008
230.241455	8.32332e-008
230.409729	2.08083e-007
230.554016	4.16166e-008
230.602112	4.16166e-008
230.782547	2.70508e-007
231.059372	2.08083e-007
231.456818	4.78591e-007
231.758148	4.16166e-008
231.975235	3.32933e-007
232.192413	4.16166e-008
232.288971	1.2485e-007
232.385544	4.16166e-008
232.482147	1.2485e-007
232.602921	8.32332e-008
232.844574	3.32933e-007
233.062164	4.16166e-008
233.110535	4.16166e-008
233.231476	1.66466e-007
233.352448	4.16166e-008
233.437149	1.04041e-007
233.848770	6.03441e-007
234.321365	2.08083e-007
234.624557	3.12124e-007
235.007660	2.68206
243.543747	0.877874
247.057709	3.95345
249.409698	2.98871
251.218475	1.06026
256.349091	10.087
270.350861	9.64375
287.750122	0.148065
297.300781	0.0202236
299.110962	1.12717
301.136414	3.5265
302.508484	2.73883
303.738342	0.314165
304.591858	0.0305846
305.247131	0.00059407
305.479095	8.74229e-006
305.835449	1.25904e-005
306.240356	1.82476e-006
306.558319	3.90992e-007
315.490143	0.274084
316.514069	1.17604e-005
316.788391	1.19416e-007
317.367218	5.80018e-007
317.932434	1.02356e-007
318.045532	3.41187e-008
318.102081	3.41187e-008
318.158661	3.41187e-008
318.215210	3.41187e-008
318.300079	6.82374e-008
318.837830	5.80018e-007
319.432678	6.82374e-008
319.347687	3.41187e-008
319.546051	6.82374e-008
319.631104	3.41187e-008
319.758698	1.19416e-007
320.609924	9.04146e-007
321.391205	3.41187e-008
321.547577	1.53534e-007
321.789307	1.36475e-007
322.016907	1.36475e-007
322.244598	1.36475e-007
322.472382	1.36475e-007
322.771423	2.21772e-007
322.985138	3.41187e-008
323.042145	3.41187e-008
323.152893	9.53537e-008
323.478577	0.00469172
324.470673	0.204794
325.522064	0.394881
326.131805	0.221871
326.717834	0.146691
327.295624	0.0478223
327.730408	0.00482974
328.112885	0.000129964
328.388000	6.08193e-007
328.630585	1.38041e-007
328.810577	8.58288e-008
328.969055	1.02359e-007
329.098480	5.11779e-008
329.184814	5.11781e-008
329.386261	1.87653e-007
329.573364	3.41187e-008
329.645325	5.11781e-008
329.904510	2.5589e-007
330.235870	1.36475e-007
330.423218	8.52968e-008
330.552948	6.82374e-008
330.711548	1.19416e-007
330.884613	8.52968e-008
331.014435	6.82374e-008
331.173157	1.19416e-007
331.346344	8.52968e-008
331.476257	6.82374e-008
331.635071	1.19416e-007
331.808380	8.52968e-008
331.938385	6.82374e-008
332.184052	2.21772e-007
332.400848	3.41187e-008
332.458679	3.41187e-008
332.574371	1.02356e-007
332.718994	6.82374e-008
332.805786	3.41187e-008
332.863647	3.41187e-008
332.950470	6.82374e-008
333.066223	6.82374e-008
333.196472	8.52968e-008
333.326752	6.82374e-008
333.500519	1.36475e-007
333.688812	8.52968e-008
333.790192	3.41187e-008
333.848145	3.41187e-008
333.906097	3.41187e-008
333.964081	3.41187e-008
334.080017	1.02356e-007
334.355469	2.21772e-007
334.645508	1.19416e-007
334.877655	1.53534e-007
335.124390	1.36475e-007
335.342163	1.19416e-007
335.560028	1.36475e-007
335.792480	1.36475e-007
336.025024	1.36475e-007
336.243103	1.19416e-007
336.388550	5.11781e-008
336.519440	1.02356e-007
336.723145	1.36475e-007
336.955994	1.36475e-007
337.188934	1.36475e-007
337.407410	1.19416e-007
337.669647	1.87653e-007
337.917419	1.02356e-007
338.121552	1.36475e-007
338.325714	1.02356e-007
338.471588	6.82374e-008
338.573730	5.11781e-008
339.084625	5.45899e-007
339.595917	5.11781e-008
339.859009	8.52968e-008
339.712830	8.52968e-008
340.049103	1.36475e-007
340.253876	1.02356e-007
340.458679	1.36475e-007
340.692841	1.36475e-007
341.044250	6.82374e-008
340.897797	1.02356e-007
341.161407	6.82374e-008
341.278625	6.82374e-008
341.395813	6.82374e-008
341.513062	6.82374e-008
341.630310	6.82374e-008
341.747589	6.82374e-008
341.879547	8.52968e-008
342.084869	1.53534e-007
342.304901	1.02356e-007
342.451660	6.82374e-008
342.554382	5.11781e-008
343.068298	5.45899e-007
343.626709	1.02356e-007
343.788452	8.52968e-008
343.979614	1.36475e-007
344.214996	1.36475e-007
344.450470	1.36475e-007
344.671295	1.19416e-007
344.833252	6.82374e-008
345.020081	0.21426
356.369781	9.64748
376.325653	0.148069
377.013000	7.32578e-009
377.244110	1.09887e-008
377.429016	3.66289e-009
377.536926	4.88386e-009
377.660248	4.88386e-009
377.783600	4.88386e-009
377.906982	4.88386e-009
378.092072	9.76771e-009
378.277191	4.88386e-009
378.462372	9.76771e-009
378.724792	1.09887e-008
379.188110	2.56402e-008
379.775391	2.07564e-008
380.579803	4.27337e-008
381.369537	1.95354e-008
381.943024	2.56402e-008
382.392792	9.76771e-009
382.718689	1.58725e-008
383.044678	9.76771e-009
383.231049	4.88386e-009
383.355316	4.88386e-009
383.479584	4.88386e-009
383.650513	8.54675e-009
383.976929	4.88386e-009
383.837006	6.10482e-009
384.147949	8.54675e-009
384.319031	4.88386e-009
384.474579	7.32578e-009
385.813629	9.7677e-008
387.201874	1.09887e-008
387.373657	2.44193e-009
387.623535	1.70935e-008
387.967285	9.76771e-009
388.592651	3.90708e-008
389.124603	2.44193e-009
389.249817	7.32578e-009
389.547302	1.58725e-008
389.829254	6.10482e-009
389.954590	3.66289e-009
390.126953	9.76771e-009
390.393402	1.09887e-008
390.597260	4.88386e-009
390.722717	4.88386e-009
390.910919	9.76771e-009
391.161987	9.76771e-009
391.413086	9.76771e-009
391.711426	1.34306e-008
392.135529	1.95354e-008
392.418396	2.44193e-009
392.481262	2.44193e-009
393.613892	8.54674e-008
395.031982	2.44193e-008
395.836700	3.78499e-008
396.357819	2.44193e-009
396.421021	2.44193e-009
396.484222	2.44193e-009
396.547424	2.44193e-009
396.610626	2.44193e-009
396.673828	2.44193e-009
396.768677	4.88385e-009
397.304810	0.010111
399.399231	0.563605
401.741699	1.76294
403.327850	1.36917
404.749359	0.15714
405.749908	0.015891
406.477997	0.000291436
406.754974	5.1322e-006
407.169586	6.51116e-006
407.608948	7.25012e-007
408.001343	1.25307e-008
408.278412	8.59696e-009
408.487518	7.32666e-009
408.680054	7.32582e-009
408.968872	7.32578e-009
408.824432	3.66289e-009
409.193573	9.76771e-009
409.466522	1.09887e-008
409.659271	3.66289e-009
409.771698	4.88386e-009
409.900238	4.88386e-009
410.028778	4.88386e-009
410.157349	4.88386e-009
410.350250	9.76771e-009
410.543182	4.88386e-009
410.736145	9.76771e-009
411.009613	1.09887e-008
411.492432	2.56402e-008
412.104401	2.07564e-008
412.942596	4.27337e-008
413.765472	1.95354e-008
414.363007	2.56402e-008
414.831635	9.76771e-009
415.171173	1.58725e-008
415.510803	9.76771e-009
415.704987	4.88386e-009
415.834442	4.88386e-009
415.963928	4.88386e-009
416.141998	8.54675e-009
416.482056	4.88386e-009
416.336304	6.10482e-009
416.660217	8.54675e-009
416.838440	4.88386e-009
417.000488	7.32578e-009
418.395477	9.7677e-008
419.841553	1.09887e-008
420.020477	2.44193e-009
420.280762	1.70935e-008
420.638794	9.76771e-009
421.290161	3.90708e-008
421.844238	2.44193e-009
421.974670	7.32578e-009
422.284485	1.58725e-008
422.578125	6.10482e-009
422.708649	3.66289e-009
422.888184	9.76771e-009
423.165710	1.09887e-008
423.377960	4.88386e-009
423.508636	4.88386e-009
423.704651	9.76771e-009
423.966095	9.76771e-009
424.227631	9.76771e-009
424.538300	1.34306e-008
424.979980	1.95354e-008
425.274536	2.44193e-009
425.340027	2.44193e-009
426.519440	8.54674e-008
427.996033	2.44193e-008
428.833893	3.78499e-008
429.376495	2.44193e-009
429.442291	2.44193e-009
429.508087	2.44193e-009
429.573883	2.44193e-009
429.639709	2.44193e-009
429.705505	2.44193e-009
429.771332	2.44193e-009
429.837158	2.44193e-009
429.935913	4.88385e-009
430.067566	4.88385e-009
430.166351	2.44193e-009
431.517365	9.7677e-008
432.870514	2.44193e-009
433.002655	7.32578e-009
433.382629	2.07564e-008
433.696655	2.44193e-009
433.762787	2.44193e-009
433.961182	1.22096e-008
434.209259	6.10482e-009
434.523590	1.70935e-008
434.821503	4.88386e-009
435.003571	8.54675e-009
435.268524	1.09887e-008
435.483826	4.88386e-009
435.616364	4.88386e-009
435.815216	9.76771e-009
436.063812	8.54675e-009
436.213013	2.44193e-009
436.329071	6.10482e-009
436.610992	1.46516e-008
436.843231	2.44193e-009
436.926208	3.66289e-009
437.523743	4.02918e-008
438.204773	9.76771e-009
438.454071	8.54675e-009
438.720062	1.09887e-008
438.902985	2.44193e-009
438.969513	2.44193e-009
439.036041	2.44193e-009
439.102570	2.44193e-009
439.219025	6.10482e-009
439.352112	3.66289e-009
439.435333	2.44193e-009
439.518524	3.66289e-009
439.734894	1.22096e-008
439.934692	2.44193e-009
440.084564	8.54675e-009
440.334381	9.76771e-009
440.600952	9.76771e-009
440.800934	4.88386e-009
441.134338	1.95354e-008
441.467865	4.88386e-009
441.651337	8.54675e-009
441.868256	7.32579e-009
442.151978	1.34306e-008
442.469177	9.76771e-009
442.736420	9.76771e-009
443.020416	1.09887e-008
443.220947	3.66289e-009
443.337952	4.88386e-009
443.471680	4.88386e-009
443.605438	4.88386e-009
443.739197	4.88386e-009
443.939880	9.76771e-009
444.140625	4.88386e-009
444.341431	9.76771e-009
444.625946	1.09887e-008
445.128265	2.56402e-008
445.764954	2.07564e-008
446.636963	4.27337e-008
447.493042	1.95354e-008
448.114624	2.56402e-008
448.602142	9.76771e-009
448.955322	1.58725e-008
449.308624	9.76771e-009
449.510590	4.88386e-009
449.645264	4.88386e-009
449.779938	4.88386e-009
449.965179	8.54675e-009
450.167297	6.10482e-009
450.318909	4.88386e-009
450.504242	8.54675e-009
450.689606	4.88386e-009
450.858185	7.32578e-009
452.309082	9.7677e-008
453.813080	1.09887e-008
453.999146	2.44193e-009
454.269867	1.70935e-008
454.642212	9.76771e-009
455.319611	3.90708e-008
455.895782	2.44193e-009
456.031433	7.32578e-009
456.353607	1.58725e-008
456.658966	6.10482e-009
456.794708	3.66289e-009
456.981384	9.76771e-009
457.269958	1.09887e-008
457.490692	4.88386e-009
457.626556	4.88386e-009
457.830414	9.76771e-009
458.102264	9.76771e-009
458.374207	9.76771e-009
458.697235	1.34306e-008
459.156464	1.95354e-008
459.462738	2.44193e-009
459.530823	2.44193e-009
460.757111	8.54674e-008
462.292267	2.44193e-008
463.163330	3.78499e-008
463.727417	2.44193e-009
463.795807	2.44193e-009
463.864197	2.44193e-009
463.932617	2.44193e-009
464.001007	2.44193e-009
464.069427	2.44193e-009
464.137848	2.44193e-009
464.206268	2.44193e-009
464.308929	4.88385e-009
464.445801	4.88385e-009
464.548492	2.44193e-009
465.952881	9.7677e-008
467.359406	2.44193e-009
467.496735	7.32578e-009
467.891693	2.07564e-008
468.218079	2.44193e-009
468.286804	2.44193e-009
468.493042	1.22096e-008
468.750885	6.10482e-009
469.077576	1.70935e-008
469.387177	4.88386e-009
469.576447	8.54675e-009
469.851776	1.09887e-008
470.075562	4.88386e-009
470.213287	4.88386e-009
470.419952	9.76771e-009
470.678314	8.54675e-009
470.833374	2.44193e-009
470.953979	6.10482e-009
471.246979	1.46516e-008
471.488342	2.44193e-009
471.574554	3.66289e-009
472.195526	4.02918e-008
472.903259	9.76771e-009
473.162323	8.54675e-009
473.438721	1.09887e-008
473.628815	2.44193e-009
473.697937	2.44193e-009
473.767059	2.44193e-009
473.836212	2.44193e-009
473.957214	6.10482e-009
474.095520	3.66289e-009
474.181976	2.44193e-009
474.268433	3.66289e-009
474.493286	1.22096e-008
474.700867	2.44193e-009
474.856598	8.54675e-009
475.116180	9.76771e-009
475.393188	9.76771e-009
475.600952	4.88386e-009
475.947388	1.95354e-008
476.293945	4.88386e-009
476.484589	8.54675e-009
476.709961	7.32579e-009
477.004761	1.34306e-008
477.334320	9.76771e-009
477.611969	9.76771e-009
477.907043	1.09887e-008
478.115387	3.66289e-009
478.236938	4.88386e-009
478.375885	4.88386e-009
478.514832	4.88386e-009
478.653809	4.88386e-009
478.862335	9.76771e-009
479.070892	4.88386e-009
479.279480	9.76771e-009
479.575073	1.09887e-008
480.096924	2.56402e-008
480.758362	2.07564e-008
481.664246	4.27337e-008
482.553528	1.95354e-008
483.199219	2.56402e-008
483.705597	9.76771e-009
484.072449	1.58725e-008
484.439423	9.76771e-009
484.649200	4.88386e-009
484.789093	4.88386e-009
484.928986	4.88386e-009
485.121368	8.54675e-009
485.488770	4.88386e-009
485.331299	6.10482e-009
485.681274	8.54675e-009
485.873810	4.88386e-009
486.048889	7.32578e-009
487.555817	9.7677e-008
489.117767	1.09887e-008
489.311005	2.44193e-009
489.592133	1.70935e-008
489.978790	9.76771e-009
490.682251	3.90708e-008
491.280579	2.44193e-009
491.421417	7.32578e-009
491.755981	1.58725e-008
492.073059	6.10482e-009
492.214020	3.66289e-009
492.407867	9.76771e-009
492.707489	1.09887e-008
492.936707	4.88386e-009
493.077789	4.88386e-009
493.289429	9.76771e-009
493.571716	9.76771e-009
493.854065	9.76771e-009
494.189484	1.34306e-008
494.666321	1.95354e-008
494.984314	2.44193e-009
495.054993	2.44193e-009
496.328186	8.54674e-008
497.921967	2.44193e-008
498.826263	3.78499e-008
499.411835	2.44193e-009
499.482819	2.44193e-009
499.553833	2.44193e-009
499.624847	2.44193e-009
499.695862	2.44193e-009
499.766876	2.44193e-009
499.837921	2.44193e-009
499.908936	2.44193e-009
500.015503	4.88385e-009
500.157593	4.88385e-009
500.264191	2.44193e-009
501.721985	9.7677e-008
503.181946	2.44193e-009
503.324493	7.32578e-009
503.734436	2.07564e-008
504.073212	2.44193e-009
504.144531	2.44193e-009
504.358582	1.22096e-008
504.626190	6.10482e-009
504.965271	1.70935e-008
505.286591	4.88386e-009
505.483032	8.54675e-009
505.768799	1.09887e-008
506.001038	4.88386e-009
506.143982	4.88386e-009
506.358459	9.76771e-009
506.626617	8.54675e-009
506.787537	2.44193e-009
506.912720	6.10482e-009
507.216766	1.46516e-008
507.467255	2.44193e-009
507.556732	3.66289e-009
508.201172	4.02918e-008
508.935608	9.76771e-009
509.204437	8.54675e-009
509.491272	1.09887e-008
509.688507	2.44193e-009
509.760254	2.44193e-009
509.832001	2.44193e-009
509.903748	2.44193e-009
510.029297	6.10482e-009
510.172821	3.66289e-009
510.262543	2.44193e-009
510.352264	3.66289e-009
510.585571	1.22096e-008
510.800995	2.44193e-009
510.962585	8.54675e-009
511.231934	9.76771e-009
511.519348	9.76771e-009
511.734955	4.88386e-009
512.094421	1.95354e-008
512.453979	4.88386e-009
512.651794	8.54675e-009
512.885681	7.32579e-009
513.191528	1.34306e-008
513.533508	9.76771e-009
513.821594	9.76771e-009
514.127747	1.09887e-008
514.343872	3.66289e-009
514.469971	4.88386e-009
514.614136	4.88386e-009
514.758301	4.88386e-009
514.902527	4.88386e-009
515.118835	9.76771e-009
515.335205	4.88386e-009
515.551636	9.76771e-009
515.858337	1.09887e-008
516.399719	2.56402e-008
517.085938	2.07564e-008
518.025696	4.27337e-008
518.948242	1.95354e-008
519.618042	2.56402e-008
520.143311	9.76771e-009
520.523865	1.58725e-008
520.904541	9.76771e-009
521.122131	4.88386e-009
521.267212	4.88386e-009
521.412292	4.88386e-009
521.611877	8.54675e-009
521.992981	4.88386e-009
521.829651	6.10482e-009
522.192627	8.54675e-009
522.392334	4.88386e-009
522.573914	7.32578e-009
524.136902	9.7677e-008
525.756897	1.09887e-008
525.957275	2.44193e-009
526.248840	1.70935e-008
526.649902	9.76771e-009
527.379395	3.90708e-008
527.999878	2.44193e-009
528.145935	7.32578e-009
528.492920	1.58725e-008
528.821716	6.10482e-009
528.967896	3.66289e-009
529.168884	9.76771e-009
529.479614	1.09887e-008
529.717346	4.88386e-009
529.863586	4.88386e-009
530.083069	9.76771e-009
530.375793	9.76771e-009
530.668579	9.76771e-009
531.016357	1.34306e-008
531.510803	1.95354e-008
531.840576	2.44193e-009
531.913879	2.44193e-009
533.233948	8.54674e-008
534.886414	2.44193e-008
535.823975	3.78499e-008
536.431091	2.44193e-009
536.504700	2.44193e-009
536.578308	2.44193e-009
536.651917	2.44193e-009
536.725525	2.44193e-009
536.799194	2.44193e-009
536.872803	2.44193e-009
536.946472	2.44193e-009
537.056946	4.88385e-009
537.204224	4.88385e-009
537.314758	2.44193e-009
538.825989	9.7677e-008
540.339417	2.44193e-009
540.487183	7.32578e-009
540.912170	2.07564e-008
541.263306	2.44193e-009
541.337280	2.44193e-009
541.559143	1.22096e-008
541.836487	6.10482e-009
542.187988	1.70935e-008
542.521057	4.88386e-009
542.724670	8.54675e-009
543.020874	1.09887e-008
543.261597	4.88386e-009
543.409729	4.88386e-009
543.632019	9.76771e-009
543.909973	8.54675e-009
544.076782	2.44193e-009
544.206543	6.10482e-009
544.521667	1.46516e-008
544.781311	2.44193e-009
544.874023	3.66289e-009
545.541931	4.02918e-008
546.303101	9.76771e-009
546.581726	8.54675e-009
546.879028	1.09887e-008
547.083435	2.44193e-009
547.157776	2.44193e-009
547.232117	2.44193e-009
547.306458	2.44193e-009
547.436584	6.10482e-009
547.585327	3.66289e-009
547.678345	2.44193e-009
547.771301	3.66289e-009
548.013123	1.22096e-008
548.236328	2.44193e-009
548.403809	8.54675e-009
548.682922	9.76771e-009
548.980774	9.76771e-009
549.204224	4.88386e-009
549.558105	1.83145e-008
550.005310	0.245451
589.406494	4.426
594.999268	1.05579
596.400269	0.396041
596.787292	0.389074
597.776855	0.0392557
603.031494	104.985
612.549011	0.233348
615.010742	8.46393
616.585876	82.6046
618.055969	3.97173
619.089661	11.0836
624.082947	20.435
629.193420	8.22774
630.427673	5.80058e-008
630.607361	2.04087e-007
630.886963	2.04042e-007
631.126648	1.45744e-007
631.286438	8.74465e-008
631.406311	8.74465e-008
631.686096	3.20637e-007
631.985901	1.16595e-007
632.165833	1.45744e-007
632.345764	1.16595e-007
634.306824	2.73999e-006
637.695862	2.18616e-006
639.243042	5.82976e-008
639.444092	2.33191e-007
639.645203	5.82976e-008
639.806091	1.74893e-007
639.967041	5.82976e-008
640.047485	5.82976e-008
640.127991	5.82976e-008
640.309082	2.04042e-007
640.610962	1.16595e-007
640.490173	5.82976e-008
640.832336	2.04042e-007
641.718384	1.07851e-006
642.726013	3.78935e-007
643.512512	7.57869e-007
644.077454	5.82976e-008
644.158203	5.82976e-008
644.238953	5.82976e-008
644.319702	5.82976e-008
644.400452	5.82976e-008
644.481201	5.82976e-008
644.642700	1.74893e-007
644.804260	5.82976e-008
644.925415	1.16595e-007
645.046570	5.82976e-008
645.127380	5.82976e-008
645.208191	5.82976e-008
645.288940	5.82976e-008
645.531372	2.91488e-007
646.683594	1.36999e-006
647.897522	3.78935e-007
648.687256	7.57869e-007
649.254517	5.82976e-008
649.335571	5.82976e-008
649.416626	5.82976e-008
649.497681	5.82976e-008
649.578735	5.82976e-008
649.659851	5.82976e-008
649.842285	2.04042e-007
650.126099	2.04042e-007
650.328918	8.74465e-008
650.470886	1.16595e-007
651.120117	8.16167e-007
653.211975	2.18616e-006
654.778015	5.82976e-008
654.981506	2.33191e-007
655.185059	5.82976e-008
655.266541	5.82976e-008
655.347961	5.82976e-008
655.429382	5.82976e-008
655.510864	5.82976e-008
655.592285	5.82976e-008
655.714478	1.16595e-007
655.836670	5.82976e-008
655.918152	5.82976e-008
655.999634	5.82976e-008
656.081116	5.82976e-008
656.162598	5.82976e-008
656.345947	2.04042e-007
656.631226	2.04042e-007
656.835022	8.74465e-008
656.998108	1.45744e-007
657.869324	0.012277
660.737122	0.563602
663.755981	1.76287
665.799011	1.36911
667.629211	0.15713
668.916870	0.01588
669.854126	0.000291028
670.205139	2.6404e-006
671.720764	0.358475
899.550537	0.329711
900.026917	6.10482e-009
900.337646	9.76771e-009
900.624573	4.88386e-009
900.815857	4.88386e-009
901.007141	4.88386e-009
901.198486	4.88386e-009
901.389832	4.88386e-009
901.581177	4.88386e-009
901.748657	3.66289e-009
901.940063	6.10482e-009
902.251160	9.76771e-009
902.538330	4.88386e-009
902.729858	4.88386e-009
902.897400	3.66289e-009
903.424194	2.31983e-008
905.125244	6.34901e-008
906.755920	1.95354e-008
907.667847	2.68612e-008
908.244019	2.44193e-009
908.340088	2.44193e-009
908.772339	1.95354e-008
909.445007	4.88386e-009
909.252808	4.88386e-009
909.637207	4.88386e-009
909.805481	3.66289e-009
909.997742	6.10482e-009
910.310181	9.76771e-009
910.694885	9.76771e-009
910.959351	3.66289e-009
911.127747	4.88386e-009
911.344177	6.10482e-009
911.560669	4.88386e-009
911.729065	3.66289e-009
913.678833	9.52351e-008
915.606628	2.44193e-009
915.823608	8.54675e-009
916.185364	9.76771e-009
917.536438	5.86063e-008
918.791931	4.88385e-009
918.960999	3.66289e-009
919.371643	1.70935e-008
919.903259	9.76771e-009
920.289978	9.76771e-009
920.700928	1.09887e-008
920.991089	3.66289e-009
921.184570	6.10482e-009
921.499023	9.76771e-009
921.886047	9.76771e-009
922.248962	8.54675e-009
922.733032	1.58725e-008
923.386658	1.70935e-008
923.774109	2.44193e-009
923.870972	2.44193e-009
925.615662	8.54674e-008
927.798828	2.44193e-008
929.037109	3.78499e-008
930.106079	1.58725e-008
930.738098	1.58725e-008
933.024719	9.8898e-008
935.094849	4.88385e-009
935.265442	3.66289e-009
935.801636	2.31983e-008
936.313660	2.44193e-009
936.655090	1.46516e-008
936.996521	2.44193e-009
937.435669	1.95354e-008
937.923706	4.88386e-009
938.094543	3.66289e-009
938.265442	4.88386e-009
938.582764	1.09887e-008
938.875793	3.66289e-009
939.071167	6.10482e-009
939.364197	8.54675e-009
939.706177	8.54675e-009
939.926086	2.44193e-009
940.023804	2.44193e-009
940.145935	3.66289e-009
940.268127	2.44193e-009
940.585815	1.34306e-008
940.952515	4.88385e-009
941.685974	3.17451e-008
942.517639	9.76771e-009
942.786804	3.66289e-009
942.982544	6.10482e-009
943.202820	4.88386e-009
943.570007	1.34306e-008
943.888245	2.44193e-009
943.986206	2.44193e-009
944.280029	1.22096e-008
944.720886	9.76771e-009
945.137329	1.09887e-008
945.406860	2.44193e-009
945.651917	9.76771e-009
945.921509	3.66289e-009
946.117615	6.10482e-009
946.534424	4.88386e-009
946.338257	4.88386e-009
946.730591	4.88386e-009
946.902222	3.66289e-009
947.294617	1.58725e-008
951.288269	2.31695
991.004944	7.27388
1002.329102	2.51342
1014.594604	1.83665
1016.330322	0.914429
1017.316040	0.474022
1018.382324	0.34742
1019.249390	0.042902
1019.965454	0.0030534
1035.128052	2.31141
1037.801392	0.185739
1038.793213	0.356337
1039.797607	0.373698
1040.829224	0.119432
1041.810547	0.0547095
1042.561035	0.00518046
1045.532959	0.243541
1052.435913	0.31681
1056.750732	0.0101103
1060.180908	0.534522
1064.093262	2.66087
1065.864014	0.65683
1066.651489	0.492114
1067.851440	0.146649
1068.841675	0.109681
1070.565430	0.0158617
1071.753784	0.000292196
1072.205688	5.60735e-006
1072.894409	7.12885e-006
1073.644775	1.34271e-006
1124.950684	9.75058
1161.243164	0.993213
1162.260864	0.131858
1163.033203	0.0975789
1163.527588	0.0351344
1164.363647	0.0547499
1164.979614	0.0364085
1165.413574	0.00324383
1165.799072	4.66008e-005
1166.156738	2.04414e-007
1166.495117	5.77947e-008
1166.682007	8.33043e-008
1166.845581	4.16166e-008
1167.227295	2.497e-007
1167.772583	1.66466e-007
1168.072632	6.24249e-008
1168.263550	8.32332e-008
1168.863770	3.74549e-007
1169.463989	8.32332e-008
1169.846191	2.08083e-007
1170.173706	4.16166e-008
1170.528687	2.28891e-007
1171.402588	1.04041e-007
1171.047485	1.66466e-007
1171.839600	2.28891e-007
1172.495361	2.70508e-007
1173.287964	3.32933e-007
1174.026123	2.28891e-007
1174.545776	1.66466e-007
1174.901367	1.04041e-007
1175.339111	2.28891e-007
1175.859009	1.66466e-007
1176.214844	1.04041e-007
1176.707520	2.70508e-007
1177.419434	2.70508e-007
1178.021973	1.87275e-007
1178.515137	1.87275e-007
1178.816528	4.16166e-008
1178.926147	4.16166e-008
1179.035767	4.16166e-008
1179.145386	4.16166e-008
1179.255005	4.16166e-008
1179.364624	4.16166e-008
1179.474243	4.16166e-008
1179.583862	4.16166e-008
1180.049927	3.12124e-007
1180.570801	8.32332e-008
1180.762817	6.24249e-008
1180.954834	8.32332e-008
1181.146851	6.24249e-008
1181.613159	2.91316e-007
1182.189331	1.45658e-007
1182.655884	2.08083e-007
1182.985229	4.16166e-008
1183.095093	4.16166e-008
1183.561768	3.12124e-007
1184.083496	8.32332e-008
1184.687866	3.74549e-007
1185.237305	4.16166e-008
1186.061768	5.82632e-007
1187.298950	3.53741e-007
1187.876587	8.32332e-008
1188.179199	1.45658e-007
1188.509399	1.04041e-007
1188.729492	6.24249e-008
1188.922119	8.32332e-008
1189.362549	2.497e-007
1189.913086	1.66466e-007
1190.270996	1.04041e-007
1190.766724	2.70508e-007
1191.482910	2.70508e-007
1192.089111	1.87275e-007
1192.585205	1.87275e-007
1192.888428	4.16166e-008
1192.998657	4.16166e-008
1193.109009	4.16166e-008
1193.219238	4.16166e-008
1193.329590	4.16166e-008
1193.439819	4.16166e-008
1193.550171	4.16166e-008
1193.660400	4.16166e-008
1194.129272	3.12124e-007
1194.653320	8.32332e-008
1194.846436	6.24249e-008
1195.343140	3.12124e-007
1195.812378	4.16166e-008
1197.082275	9.15565e-007
1198.518799	1.66466e-007
1199.182007	3.32933e-007
1199.845581	1.66466e-007
1200.398560	2.497e-007
1201.172974	3.32933e-007
1201.726318	8.32332e-008
1202.335205	3.74549e-007
1202.888794	4.16166e-008
1203.387207	3.32933e-007
1203.913330	6.24249e-008
1204.190308	1.45658e-007
1204.494995	8.32332e-008
1204.965942	2.70508e-007
1205.603394	2.08083e-007
1205.935913	4.16166e-008
1206.046875	4.16166e-008
1206.157715	4.16166e-008
1206.268677	4.16166e-008
1206.518188	1.45658e-007
1206.850830	1.04041e-007
1207.128174	1.04041e-007
1207.405518	1.04041e-007
1207.599731	4.16166e-008
1207.710693	4.16166e-008
1207.821655	4.16166e-008
1208.265503	2.91316e-007
1208.709473	4.16166e-008
1208.820557	4.16166e-008
1208.931519	4.16166e-008
1209.042603	4.16166e-008
1209.320190	1.66466e-007
1209.597778	4.16166e-008
1209.875366	1.66466e-007
1210.291870	1.45658e-007
1210.597412	8.32332e-008
1210.986206	2.08083e-007
1211.514038	1.87275e-007
1211.847534	6.24249e-008
1212.041992	8.32332e-008
1212.375488	1.66466e-007
1212.764648	1.2485e-007
1213.014893	6.24249e-008
1213.737915	4.78591e-007
1214.433228	4.16166e-008
1214.850464	2.70508e-007
1215.462646	1.87275e-007
1217.469238	0.329713
1275.190918	0.329711
1338.530396	6.09286
1359.745117	3.53032
1372.246338	2.7309
1374.284668	2.61175
1378.590942	2.29299
1382.315796	2.01934
1389.263306	0.502921
1393.728394	0.0819941
1396.052002	1.0079
1398.326660	0.996483
1400.948120	0.548649
1403.138794	0.557681
1444.458740	6.69655
1454.699463	0.227469
1517.663574	2.4916e-005
1518.068359	0.42103
1519.954468	1.4229
1521.245728	1.49761
1522.525879	0.382334
1523.457397	0.185472
1524.894775	2.38438
1526.232178	1.22802
1527.558105	0.650003
1528.794800	0.308254
1530.063965	0.354343
1571.539917	6.67413
1583.763672	2.05486
1585.138672	0.340729
1586.250000	0.343935
1587.703735	0.934702
1596.986816	5.43574
1610.936035	38.8564
1625.550293	47.1009
1641.500488	21.9182
1647.104858	3.60587
1670.743652	8.76833
1685.128784	0.590572
1686.982056	0.321219
1688.354858	0.24693
1689.699951	0.164429
1691.260132	0.632823
1707.618652	1.59982
1716.604492	0.265929
1718.907349	0.822526
1720.513794	2.7056
1722.243774	2.33004
1723.447754	0.894492
1724.896118	0.43226
1725.615112	0.0391729
1727.538574	0.0260177
1741.117554	16.2709
1766.275879	15.8083
1782.097046	2.30515
1785.588135	18.8564
1793.740356	2.71649
1800.756104	11.1283
1830.422974	25.0055
1834.778687	27.4689
1852.737793	53.2104
1861.695923	5.46716
1870.233643	25.2993
1879.361084	277.444
1891.679443	1.5993
1895.509399	638.722
1908.290405	17.1736
1916.223877	61.4728
1927.098145	19.9447
1953.594849	19.5511
1964.412109	13.6419
1973.640991	12.233
1981.797607	90.0061
1987.505005	20.9792
1994.110962	26.0229
1996.631348	28.0327
2003.859741	0.0110936
2007.451538	73.8194
2008.846680	166.366
2024.793091	480.433
2030.733032	11.1202
2042.735718	536.052
2053.187988	73.8968
2063.880859	41.4401
2068.186035	0.179788
2070.399170	0.100186
2073.280029	1.03452
2081.592285	27.7261
2094.881348	91.1202
2108.274902	94.5011
2119.841309	10.9129
2128.109375	12.972
2136.771484	0.349016
2138.408203	0.279503
2140.022705	0.314469
2143.491211	2.49926
2151.170898	11.7455
2192.744385	21.7531
2202.067871	1.40222
2202.844727	0.552956
2205.234375	2.96841
2211.851807	10.077
2217.996582	5.35932
2222.155762	0.454111
2226.618408	2.17484
2227.972412	0.29188
2228.985107	0.306278
2229.772217	0.0808059
2230.784668	0.11596
2237.371582	153.04
2254.009277	172.361
2262.662109	42.2329
2270.928955	58.5269
2272.061768	81.9304
2283.385010	19.1648
2293.246582	21.5058
2301.838135	2.62887
2310.085449	18.6581
2313.129639	11.0013
2321.368164	10.893
2327.428711	0.441968
2328.677246	0.705663
2329.363770	0.216138
2330.792969	13.6855
2337.735840	28.527
2343.056152	4.11167
2346.510010	4.25767
2355.777832	17.0468
2357.867920	57.4235
2372.862305	178.931
2380.623535	24.8991
2383.138184	7.07661
2397.124268	48.9759
2412.624512	54.911
2420.490723	13.1259
2425.379395	0.780681
2427.100342	0.253297
2429.081055	0.094686
2437.326904	23.7382
2438.384521	1.22915
2440.063232	1.51872
2442.044189	19.7748
2451.796143	20.7025
2454.752441	6.17355
2461.695557	6.61091
2463.691162	1.8187
2464.428955	0.85985
2465.922363	1.67262
2467.655762	0.055974
2469.077148	2.2094
2474.363037	4.30029
2478.338623	0.975245
2480.836426	0.682788
2483.033447	6.49332
2486.553711	2.16577
2490.308594	0.231701
2493.535645	1.40673
2507.726807	35.7772
2525.023926	18.9889
2527.061035	17.5514
2528.533691	20.51
2533.009277	0.0607259
2535.056396	24.686
2545.038330	198.894
2551.794434	12.7175
2566.578613	10.7635
2586.070068	68.7959
2595.227783	20.9994
2596.885742	45.2733
2603.451904	4.87621
2609.068604	19.2587
2614.284668	0.827445
2616.084961	0.256151
2617.999756	0.196853
2619.114258	0.125647
2620.123047	0.46532
2621.220947	5.8464
2625.707031	2.06643
2629.166016	8.30882
2632.452881	1.24314
2637.076172	1.12933
2644.572998	21.9441
2665.687744	10.6687
2671.850342	9.77952
2676.876465	6.99026
2689.516113	0.436713
2696.088135	21.0796
2709.344238	13.5312
2713.702881	2.04372
2746.011230	19.4728
2791.843262	0.199995
2794.972656	0.386401
2796.783936	0.231118
2798.539063	0.161043
2802.695313	3.44131
2805.720703	1.52655
2807.543213	0.685146
2809.312012	0.602872
2811.027344	0.142608
2812.748047	0.541017
2813.971680	0.382409
2814.746582	0.131299
2816.022949	0.249215
2817.226318	0.891645
2823.165039	0.266997
2824.243896	0.283521
2825.506104	1.88751
2831.602051	2.12186
2837.001465	0.263546
2864.117676	14.1063
2868.326172	0.134343
2869.269775	0.0994413
2870.270996	0.0329232
2871.502930	0.0371668
2872.360840	0.0174529
2876.653809	0.0676576
2878.688965	0.125188
2879.879883	0.0923597
2880.641602	0.0540713
2881.920166	0.0612285
2884.939697	2.04576
2887.825195	0.100726
2889.944580	0.761633
2899.236328	6.75072
2907.958008	0.455277
2909.356201	0.288343
2911.025146	0.393849
2912.678223	0.137416
2914.281738	0.030469
2926.763672	3.4637
2931.163574	0.89691
2933.726074	0.459087
2935.292969	0.31214
2937.179443	0.131101
2938.467041	0.0209768
2950.185547	26.7442
2965.967041	14.431
2969.166992	5.15636
2970.371826	2.79612
2972.575684	0.296716
2975.680420	2.20322
2978.049561	1.62639
2983.451660	26.305
2993.336670	6.59573
2996.809570	12.251
3011.124756	125.691
3017.799561	11.2372
3023.631348	7.24727
3028.895996	0.483331
3032.841064	5.35959
3037.740479	1.98302
3043.053467	14.8164
3056.086182	9.99423
3061.256348	6.34815
3063.471436	17.6514
3066.236572	0.0462018
3067.547852	0.119634
3068.897705	2.38351
3069.826904	1.01248
3071.558105	1.79584
3073.540283	0.195288
3076.581055	7.40517
3081.602539	90.5598
3089.105713	16.4773
3091.232422	34.1477
3096.635742	12.6874
3107.693604	373.434
3125.395752	844.087
3136.109863	243.991
3149.112305	5.91833
3151.165039	5.99347
3152.725098	19.6418
3162.659668	694.13
3168.726074	63.8797
3180.227295	2089.88
3187.459961	420.386
3205.965088	3123.93
3222.859375	6119.12
3232.110107	11.0522
3239.880615	262.373
3249.685791	11.0622
3253.693359	22.3806
3260.103271	5.00151
3261.966797	1.02861
3263.667969	0.550736
3265.925293	0.334258
3267.418701	0.430787
3269.584473	0.95265
3276.090332	41.5922
3289.317383	20.5673
3293.787109	9.46953
3298.452148	73.2911
3319.493652	159.491
3325.101563	53.6024
3337.221680	449.337
3346.929443	26.997
3350.071777	0.601186
3351.416016	1.37195
3357.536621	0.524956
3361.217529	1.96503
3365.407715	3.84072
3367.019531	5.24492
3371.326172	0.252058
3372.198730	0.0655252
3373.724365	0.110347
3375.549316	0.499621
3376.658936	0.174125
3377.603516	0.0659986
3378.812988	0.0856319
3379.900146	0.183203
3383.891113	0.667397
3389.597168	2.81708
3392.317139	1.02868
3394.078369	0.354161
3396.180420	1.96973
3401.990479	0.640039
3405.396240	1.09246
3407.060303	1.36267
3407.822510	0.241581
3408.791748	3.69704
3416.162598	12.4693
3420.182861	6.40192
3426.025635	7.74528
3427.437988	7.95498
3433.444824	3.08611
3440.882080	5.07778
3448.746826	7.77266
3456.770508	12.6756
3466.908936	4.28078
3471.028320	10.9389
3476.310791	7.5418
3480.187988	1.50511
3481.807129	0.126457
3482.837402	0.10994
3483.753906	0.0832879
3485.713379	3.0234
3491.758301	2.47527
3492.659180	0.982435
3494.137451	8.86839
3497.055664	0.817907
3499.004150	0.732263
3501.138428	18.1136
3519.526611	99.9979
3525.910156	11.7878
3529.750732	0.698127
3536.786865	159.077
3548.316162	32.2129
3553.787598	4.26454
3554.677246	0.494483
3556.058594	1.58189
3558.144775	0.0422218
3561.267334	46.1477
3573.602539	15.7647
3576.872803	0.877624
3578.798096	0.71088
3580.231689	2.88223
3590.860107	2.68621
3594.703613	0.7071
3596.499756	0.445825
3606.305420	33.2786
3608.283936	0.641033
3609.696045	3.88865
3612.492920	19.1107
3623.166016	241.592
3629.178955	53.8353
3635.883789	8.09701
3639.688232	0.233933
3648.537598	565.769
3657.266357	1.28778
3665.365723	769.091
3671.378662	58.2048
3680.353271	39.8577
3684.139893	0.600185
3685.649414	0.775045
3687.664307	0.754557
3689.371338	3.50233
3697.630371	2.42797
3701.153809	0.949617
3703.165527	0.481517
3713.514160	10.8058
3719.175049	8.33003
3721.758545	5.54018
3722.961182	11.0352
3727.205811	19.3817
3732.987549	9.23399
3737.286621	0.609943
3738.751709	3.28649
3742.455566	0.476268
3743.502930	0.214724
3745.023438	0.490449
3746.141357	0.786912
3748.923340	0.608491
3750.972900	0.556718
3753.522949	8.80527
3773.096680	13.2503
3777.113037	12.8601
3780.303711	0.172434
3784.847656	76.365
3792.982666	122.174
3802.914795	8.49906
3812.020752	5.19877
3816.372314	9.01114
3817.735596	1.24793
3819.984375	1.31021
3822.057861	0.0520291
3825.299805	18.1788
3831.792969	5.06868
3834.676270	0.0925642
3839.545654	11.3806
3843.804688	8.63391
3845.395752	1.34311
3848.023926	0.544419
3849.131592	0.106346
3856.685303	38.2695
3865.048828	5.62969
3866.059326	0.317426
3867.625488	1.25964
3872.755859	3.92437
3882.895752	0.864742
3884.029053	0.612464
3885.591797	4.25065
3889.812256	0.553727
3892.163818	1.46837
3893.359131	1.78949
3908.097168	11.1804
3911.736084	21.3448
3921.289063	9.80471
3928.429688	6.80542
3931.531738	1.37787
3935.139160	4.66459
3936.997314	2.14798
3939.552002	1.56145
3941.196533	12.5044
3946.804688	0.756733
3947.417236	0.0217095
3948.583252	6.39069
3962.400879	49.3325
3963.892334	16.7935
3967.956787	0.013271
3969.991455	30.8397
3977.314941	0.0516114
3980.676514	10.4199
3982.844238	3.95661
3984.819824	4.15132
3987.308350	65.0694
4003.066162	152.061
4009.160156	10.2762
4012.244385	2.05407
4016.689453	3.96016
4018.672852	2.01728
4020.243164	4.26392
4024.210693	2.22984
4028.328369	1.08544
4030.297852	2.32477
4031.563477	0.571695
4034.113281	1.40587
4036.263916	8.40188
4037.866699	1.55991
4040.365479	1.98112
4042.952637	10.3954
4048.789307	5.85244
4054.359619	6.25427
4073.466797	6.66781
4076.830811	0.313916
4078.638428	0.273808
4080.683594	0.11654
4081.813721	0.0640505
4083.462158	1.81153
4087.225098	0.259959
4088.471680	0.715397
4089.476563	1.11442
4092.078125	0.171341
4096.178711	4.14683
4100.944336	3.27501
4104.795410	4.94608
4110.576172	0.66319
4114.616699	10.2088
4115.953125	0.316697
4118.829102	24.9324
4123.727051	4.00765
4125.393066	0.446401
4127.069824	0.590922
4128.132813	1.26728
4129.753906	0.207034
4130.677246	0.270259
4132.055664	2.84512
4140.317871	1.52771
4141.819824	1.00454
4143.732910	1.19503
4146.390625	7.57488
4151.155762	4.5164
4152.250488	0.466038
4155.686523	1.29878
4158.583984	2.19569
4159.610352	2.69644
4164.034668	0.88762
4164.910645	0.30035
4170.767578	11.2083
4172.205078	0.764414
4173.104492	1.55287
4174.663574	5.10487
4177.257324	0.435502
4180.762207	3.70548
4183.279785	4.26777
4185.875977	2.44149
4187.865723	1.80331
4190.208496	1.05674
4191.440918	5.05143
4197.396484	5.1367
4204.245605	6.19505
4208.935059	0.763474
4209.857910	0.160149
4211.085938	0.246729
4212.787109	0.205115
4214.678711	0.444635
4221.415527	4.60594
4223.641602	1.77323
4225.676758	6.64836
4228.951172	0.343784
4232.452148	26.2715
4238.134277	5.87936
4238.903809	2.57436
4240.774902	0.983839
4243.141602	20.3245
4256.490723	23.0493
4260.585449	31.1647
4262.798828	3.83789
4264.747070	69.8441
4284.156738	73.3594
4286.140625	4.20408
4289.685547	68.8518
4303.281250	221.42
4312.745605	29.3615
4319.117676	13.007
4325.729004	3.02721
4337.886230	10.0833
4339.848633	1.57472
4341.084473	1.21123
4342.205566	0.811054
4343.606934	0.638054
4345.519531	4.8485
4348.543945	10.8704
4353.411133	4.55638
4358.137695	2.7088
4365.084473	3.73978
4366.368652	0.923155
4369.149414	4.2428
4371.003906	4.39346
4373.718750	0.347491
4376.531738	3.11482
4377.785156	4.39231
4382.780762	0.276502
4384.079590	3.42466
4392.095215	3.46409
4393.627930	1.36288
4394.799805	0.930569
4396.276855	1.4732
4397.498047	0.414362
4398.985352	15.3679
4405.968262	10.0855
4407.720215	1.43675
4410.768066	4.7847
4413.529297	6.43881
4415.168945	36.4878
4424.210938	40.581
4432.717285	23.2594
4439.918945	5.60859
4442.737305	0.290227
4444.203613	0.348627
4445.329590	0.155077
4446.910156	0.242521
4448.024902	0.0700794
4450.508301	1.48271
4452.724609	0.96497
4454.788086	0.483031
4456.871094	2.6198
4465.687012	16.7063
4472.017578	4.59131
4475.190918	5.41962
4480.142578	2.45601
4482.587891	0.350922
4483.932129	0.767651
4486.719727	0.222982
4488.970703	3.89225
4490.390625	7.88451
4494.796387	11.8063
4499.396973	4.49403
4501.382324	0.981892
4502.158203	0.378635
4503.699707	4.86952
4512.481445	12.3254
4519.421387	5.10229
4521.916016	1.26637
4524.103516	0.94799
4526.331055	3.01277
4535.355957	0.490583
4539.165039	1.87328
4542.446289	6.71232
4544.577148	0.161304
4546.433105	11.3089
4561.145020	14.4776
4566.370605	0.41879
4570.384766	3.0625
4573.398926	3.78982
4575.516602	3.59429
4577.956055	1.46464
4579.701660	1.13914
4581.196777	1.09806
4586.460449	2.28092
4589.166016	0.187588
4591.487793	0.902245
4593.439941	0.0588783
4594.795898	1.23893
4598.396484	0.332997
4599.625488	0.209505
4600.825684	0.136974
4602.451660	0.10474
4603.671875	0.132079
4607.087891	0.365492
4609.463867	0.264804
4611.855957	0.247543
4613.634277	0.034483
4615.506836	1.30306
4619.058594	1.02142
4621.697754	0.363943
4627.471680	26.9077
4637.288086	17.846
4645.317871	16.1462
4648.284180	0.645426
4651.144531	2.58701
4653.982422	0.775189
4656.059082	0.246034
4658.350586	0.597027
4659.889648	0.331895
4662.029297	0.581645
4663.406250	0.379619
4664.552734	2.5701
4667.729004	0.430681
4668.820313	0.273378
4670.815918	0.355232
4672.542480	2.75787
4673.846680	11.7742
4681.492676	12.7314
4685.014160	0.303593
4687.258301	1.5145
4689.041992	0.486633
4691.620605	0.123521
4692.816406	0.0159547
4700.223633	0.447303
4714.123047	5.32534
4715.385254	3.25461
4720.814453	8.21595
4723.809082	0.369455
4725.693359	3.34595
4738.282227	2.78692
4739.801758	0.340025
4742.293945	14.1384
4748.732422	7.12034
4754.420410	5.06488
4755.394531	2.53125
4758.765625	8.05354
4763.518066	1.12503
4765.736328	0.49448
4767.408203	0.244238
4768.605469	0.211273
4769.824707	0.41319
4772.885742	0.971297
4774.486328	2.25054
4784.396973	4.73711
4786.676270	2.05166
4794.178223	4.3434
4797.949707	0.459498
4799.930664	1.39048
4800.866699	0.11992
4802.232422	0.978418
4807.010254	5.57048
4812.980469	1.92691
4815.864258	1.88355
4824.097168	2.77157
4825.987793	1.26122
4827.106445	0.0772034
4828.319336	0.712614
4830.274902	0.363162
4830.975098	0.0607342
4832.647949	0.0916791
4838.854492	1.94157
4841.426270	1.06413
4843.220215	1.04382
4845.492676	0.966734
4847.837402	3.43884
4850.043457	4.51701
4852.373535	0.983902
4856.106934	69.1047
4869.100098	131.244
4880.275879	21.7858
4885.920410	14.5631
4888.001953	14.9452
4895.104492	9.58603
4897.995117	1.78744
4900.198242	3.41653
4901.233887	0.982924
4902.353516	5.55515
4907.745117	10.8321
4909.327148	2.25097
4912.819824	5.26345
4915.230469	5.74537
4917.510254	4.54831
4919.131348	9.3608
4924.590332	9.65638
4929.400391	8.45939
4934.330078	3.52071
4940.180176	5.89455
4944.996582	12.4846
4951.812988	13.7176
4956.355957	5.07704
4957.769531	9.94734
4961.907227	0.725755
4965.264648	0.306892
4972.904785	100.966
4978.853516	36.7102
4990.097168	6.27981
4993.249023	18.711
4997.696777	27.2283
4998.719727	16.4021
5001.911621	8.57018
5004.248047	33.958
5016.507324	367.026
5033.032227	79.1707
5037.373047	6.18912
5046.050781	9.13659
5048.566895	3.07019
5050.047363	0.904176
5051.209473	0.954303
5052.770020	2.20775
5054.268066	2.78061
5056.336426	55.8057
5067.794922	65.4044
5070.849121	1.8624
5073.375977	5.4077
5075.364258	10.733
5079.089355	4.47778
5080.715820	1.97322
5083.252441	1.83471
5085.346680	2.24699
5087.973633	2.07032
5093.464355	14.803
5095.455566	0.238967
5096.855469	0.527326
5098.609863	49.1378
5114.675781	110.075
5131.069336	23.7844
5133.074219	7.91392
5135.409668	3.66522
5137.472656	4.70658
5139.890625	5.23332
5154.646973	20.2875
5157.020020	0.0298467
5159.798828	8.42233
5162.082520	4.29328
5164.200684	1.11065
5169.480957	17.1757
5173.903809	14.9349
5177.464355	8.3473
5178.746094	2.47903
5185.286133	253.876
5202.158691	401.682
5209.673828	3.4124
5211.588379	1.46306
5219.671875	733.159
5234.172363	44.1453
5238.356445	16.8794
5240.282227	62.7946
5257.502930	536.332
5268.188477	15.4126
5275.646973	597.189
5281.806641	29.1355
5283.474121	208.482
5290.994629	6.24448
5300.513184	2153.97
5317.456055	3128.46
5328.906250	1.34614
5335.846680	23.8415
5337.278320	19.2871
5349.289063	3.89252
5354.231934	46.1142
5356.734375	4.2107
5358.733398	4.45826
5361.529785	0.307557
5369.119141	65.8049
5371.063477	7.40073
5372.695801	36.8578
5377.173340	0.180258
5381.005371	24.756
5383.205078	46.3032
5389.904785	0.350153
5397.328613	205.972
5403.131836	30.1192
5409.025879	28.8179
5413.679688	131.182
5418.951660	108.046
5429.067871	135.817
5435.712402	0.42917
5439.848145	12.3925
5443.989746	7.92564
5445.870117	3.36305
5448.367188	0.860198
5453.833496	7.14957
5456.565430	5.01996
5459.085449	10.6327
5460.919922	12.6341
5463.987793	1.79821
5467.822754	10.053
5469.981445	1.5929
5472.563965	3.12625
5476.698730	33.0086
5479.986328	7.28498
5481.074707	0.932185
5482.460449	3.84884
5484.034180	0.21964
5485.712402	16.0033
5490.680664	1.4757
5493.256836	1.56351
5501.520508	173.973
5516.144043	69.8296
5518.236328	5.45224
5519.647949	1.24365
5520.957520	4.60376
5523.797363	3.2771
5525.448730	5.03859
5528.547852	2.97729
5532.690918	25.9473
5536.079102	2.85
5537.576660	2.35302
5538.879883	3.74927
5540.992188	13.7266
5543.104980	4.36381
5545.520020	2.37581
5547.477539	6.05356
5550.166504	0.181187
5551.401855	2.73243
5553.912109	11.4471
5556.258789	6.17824
5558.427246	5.1182
5561.016113	1.67209
5564.513184	0.988878
5566.501465	2.09628
5570.004883	3.79819
5572.182129	25.7124
5576.503418	0.578714
5577.724609	17.1698
5585.513672	117
5590.264648	0.150812
5592.190918	2.05424
5600.462891	50.0376
5602.939453	56.9086
5606.786621	2.5107
5611.375000	4.39443
5613.342773	2.44869
5618.975586	40.0609
5622.915527	53.883
5626.848633	17.2741
5628.796387	30.2511
5631.313477	39.7509
5638.430176	8.90094
5645.733398	443.183
5656.370605	70.7491
5662.914551	490.377
5670.514160	1.30464
5671.920410	8.70541
5674.085449	57.1181
5682.742676	5.59046
5686.002441	12.5943
5701.229492	312.468
5710.208008	19.1698
5718.751953	431.724
5725.928711	119.07
5729.995117	63.6056
5743.687988	1710.41
5749.789063	12.5042
5752.076172	55.2651
5761.068848	3072.84
5774.661133	2.50502
5781.274414	53.9233
5783.129883	49.6328
5789.533203	0.459623
5792.627441	2.67443
5797.909180	36.1795
5799.989258	12.9524
5805.916016	24.007
5811.538574	2.64324
5813.856445	3.7622
5816.621582	2.834
5817.807617	0.672359
5818.743164	0.122421
5819.770020	0.619129
5821.128418	0.870487
5823.433105	1.22431
5828.499512	3.25781
5830.768555	0.901515
5832.313477	0.658744
5833.528320	1.66613
5835.250000	12.2906
5838.558594	5.16512
5839.701660	0.715577
5840.792969	5.96189
5842.746582	0.208338
5844.128418	2.08944
5845.709961	4.53374
5848.279297	1.09163
5849.527344	0.864145
5850.977539	1.36235
5852.725098	0.697784
5853.693848	0.120968
5854.740234	0.759148
5856.891113	0.0687675
5857.922363	1.57928
5860.660645	0.429421
5863.228516	0.821173
5865.144043	0.823741
5866.534668	0.73876
5870.706543	31.9623
5872.395020	27.1754
5877.079590	2.55535
5879.172852	31.1068
5889.929199	127.531
5895.753418	6.774
5897.593750	2.03193
5900.359863	3.34925
5902.131836	2.69037
5906.895996	7.11951
5908.964355	2.08837
5912.974121	7.88808
5916.325684	1.16685
5918.858398	5.78059
5923.375977	3.85252
5924.897461	2.30235
5928.315918	0.24967
5929.823242	0.435734
5931.241211	1.94723
5932.381836	2.60774
5935.440918	8.74734
5937.386230	1.69118
5940.693359	25.1532
5945.583984	48.3318
5959.154297	6.97239
5962.013672	9.19647
5965.058105	0.148719
5968.625000	9.6566
5969.766113	0.529575
5971.230957	2.11047
5973.334473	13.3702
5978.347168	3.33514
5980.770508	2.97405
5984.867676	10.6191
5991.038086	30.7117
5995.826660	12.4905
5998.354004	1.05279
6000.692383	20.3331
6005.551758	1.61504
6007.526855	0.989329
6008.862305	0.679852
6010.680664	1.19321
6017.134766	18.3949
6019.114258	1.06477
6020.288086	1.26635
6021.696289	14.8063
6028.251953	4.18603
6030.648926	2.77751
6033.002441	1.85597
6035.348633	0.485458
6038.953125	4.50584
6041.101563	12.8403
6046.711426	10.9073
6060.594727	68.4939
6064.547852	0.369613
6065.963379	9.19219
6069.144043	7.96456
6072.187012	7.46397
6076.746582	183.436
6082.693359	15.5669
6085.282715	25.7614
6098.484863	149.545
6105.066406	32.4599
6115.512207	45.4503
6119.289063	0.0977017
6122.563477	2.74078
6124.358398	12.2533
6131.604492	11.4962
6135.653320	1.53733
6139.031738	7.01386
6140.388184	0.922389
6142.784180	3.75708
6148.361328	0.794313
6151.710449	3.46245
6154.295410	5.48649
6163.069824	10.2144
6165.933594	3.77748
6168.695313	3.2739
6171.533691	9.22154
6174.348633	2.47053
6177.081543	11.1995
6184.133301	0.989383
6185.666016	0.824046
6187.645020	4.50538
6190.284180	10.3703
6193.170410	4.33912
6196.225098	0.562443
6198.553223	5.46766
6201.734375	4.93423
6204.169434	9.53778
6209.271973	23.6132
6220.614258	106.431
6226.476074	1.04331
6232.720215	92.3362
6244.313965	3.18447
6250.541016	2.3233
6253.295410	5.18346
6255.339844	0.792445
6256.609375	0.244141
6260.936523	46.7882
6266.601563	5.03827
6268.991699	1.32248
6270.330078	0.880334
6272.246582	5.03493
6274.761230	1.18174
6278.143066	2.56535
6281.102539	0.447347
6282.894043	1.02703
6284.637695	0.3165
6287.988770	6.70365
6291.089844	11.0129
6294.179688	8.49255
6295.859375	2.5305
6296.977051	2.36305
6298.784180	3.45969
6302.685547	3.34598
6304.455078	4.77327
6306.852539	4.921
6309.169434	2.61253
6315.029785	13.4649
6317.209961	1.98303
6320.111816	8.45184
6322.288574	39.4117
6330.015625	2.37894
6332.666504	14.3299
6335.416992	13.6726
6337.213867	29.8057
6344.913574	23.362
6348.330078	0.222404
6350.369141	0.766293
6352.756348	3.12539
6354.389160	3.69742
6355.794922	0.853351
6357.362305	4.64588
6359.840820	6.4479
6362.510254	4.72324
6364.093262	0.713808
6365.224121	2.01057
6367.558105	1.50626
6369.887695	3.83936
6372.736816	3.68569
6375.427246	3.69983
6377.865723	12.1472
6386.905762	0.424561
6393.655762	16.9878
6395.233398	0.78779
6398.379883	13.5322
6400.896973	2.67458
6403.964844	36.4818
6410.749512	1.44799
6413.106445	29.7855
6422.500000	1.63307
6424.697266	10.4946
6427.565918	9.00906
6430.374512	5.12066
6433.350586	12.5904
6436.716797	1.81156
6438.781250	3.90505
6440.027832	4.20013
6443.291992	0.86217
6446.268066	5.95397
6449.148926	0.295049
6451.087891	3.47308
6453.098145	1.96859
6458.553711	18.1326
6464.311523	6.08485
6465.669434	6.79442
6468.997559	0.385155
6470.133789	0.0590797
6471.717773	0.154906
6474.857422	2.17317
6477.729492	3.26355
6480.376465	2.4163
6483.626465	15.7312
6488.318359	5.54572
6490.665527	4.12865
6493.285156	2.30206
6497.161133	14.9572
6505.348145	21.9703
6511.177246	20.6925
6518.628418	29.0697
6522.735840	0.961594
6524.308594	1.94346
6526.886230	1.70028
6530.184082	8.76689
6534.074707	3.40825
6537.069336	3.82702
6540.383301	7.93724
6545.292480	7.45773
6548.288574	2.74233
6550.904297	1.93767
6553.203125	0.868959
6555.996582	1.21078
6558.375000	0.842884
6560.157715	0.360195
6561.134277	0.867025
6564.746094	3.66571
6567.288574	2.75241
6569.781250	2.01732
6572.522949	7.32477
6576.014160	10.0913
6577.969238	3.4452
6580.574219	1.12033
6582.958008	4.10072
6586.187012	2.06313
6589.187012	3.81492
6592.164551	3.49755
6595.965820	74.5962
6608.756348	64.7939
6612.448730	0.448481
6614.893066	12.6086
6626.064941	24.3629
6628.048340	11.2206
6633.639648	18.3496
6640.338379	6.37676
6642.702637	3.6364
6650.661133	15.1472
6654.303711	1.20443
6656.760254	2.5883
6658.827637	6.81978
6668.319336	68.5021
6672.152344	3.6645
6675.384277	28.7297
6682.404785	29.0277
6686.702637	0.576183
6689.960938	3.34665
6693.092285	6.06624
6694.785645	0.272816
6695.848633	0.768767
6698.640137	37.0589
6707.201172	55.3251
6713.123535	5.09537
6714.854980	2.41435
6717.856934	0.682116
6724.682617	51.2048
6727.138184	56.5638
6734.884277	2.95304
6737.332520	8.20517
6743.025391	184.634
6754.748047	27.8584
6756.939453	33.193
6765.657227	14.9189
6773.942871	6.46104
6778.098633	4.31893
6779.943359	1.58366
6782.256348	2.88755
6783.900391	0.48099
6785.394043	1.12177
6787.347656	9.83378
6792.740723	39.1912
6798.021484	0.268813
6801.427246	17.1922
6808.353027	193.319
6822.898438	43.8892
6825.087891	0.710466
6826.880371	6.53332
6830.387207	1.57516
6833.061035	22.216
6837.529785	4.20124
6840.251465	4.10196
6842.418457	1.54335
6844.287109	6.45311
6848.569824	11.8122
6853.134277	2.77845
6856.560547	17.0182
6857.886230	32.5767
6864.068848	8.35454
6867.336914	22.8182
6874.563965	11.5307
6877.034668	2.965
6880.437012	3.413
6883.897461	1.99126
6885.230469	9.31763
6889.165527	14.374
6891.026855	9.31601
6897.314941	18.0029
6902.728516	13.4823
6906.010254	2.66668
6908.447754	2.47874
6911.363281	4.73436
6918.336426	104.03
6922.042480	92.1846
6929.341309	1.70952
6940.249023	241.45
6942.519043	161.027
6955.543945	169.842
6957.984375	149.517
6964.984375	57.8697
6976.214355	20.9864
6978.321777	1.54735
6981.291992	55.7177
6988.593750	8.30315
6991.616699	10.5121
6993.147461	5.59345
6996.594727	10.4293
6998.490234	23.0622
7003.199707	1.40845
7006.089355	6.89376
7008.686035	6.17213
7011.383301	1.29857
7012.921875	1.2887
7014.923828	9.04102
7020.742188	5.42084
7028.314453	26.6044
7031.588379	13.8652
7037.289063	8.56723
7040.205566	11.9145
7048.423340	6.52645
7051.887695	13.3402
7054.973145	16.8931
7057.490234	6.58545
7060.833008	31.9555
7065.897949	3.1367
7068.041504	66.937
7079.871094	64.1137
7081.931152	77.7552
7088.407227	3.27596
7091.155762	6.82075
7093.673828	11.2932
7100.307617	1.08261
7104.617188	8.64878
7107.997070	4.04757
7110.487793	3.42743
7111.878418	7.82411
7115.811523	9.88221
7118.117188	6.96529
7121.174316	3.55067
7123.442871	2.37347
7125.671875	0.373853
7127.130859	0.146726
7131.042969	22.5082
7137.216797	2.42843
7139.971680	13.2801
7144.815918	9.19181
7146.736328	14.4811
7151.616699	9.87154
7154.647461	14.9388
7156.750488	7.96629
7161.647949	2.36588
7163.314453	14.3825
7170.565918	32.5194
7173.757813	0.97126
7175.108398	0.0674712
7176.652344	2.36709
7178.785156	0.167861
7179.975098	1.4392
7183.841797	7.95552
7186.208984	2.99983
7189.508789	5.94369
7195.580078	0.320955
7200.968750	18.0483
7204.401855	2.75794
7206.117676	2.46059
7207.917969	21.8552
7214.279297	8.29167
7217.272461	11.0228
7219.822266	5.33142
7222.967285	2.72311
7224.257813	0.714512
7226.659668	1.60053
7228.861328	0.10074
7230.451172	0.188797
7231.817383	0.205613
7235.893555	5.85483
7238.080078	2.71749
7242.122559	29.4602
7247.649414	4.14787
7251.821289	56.0422
7256.774414	8.51732
7258.903320	17.9013
7261.574219	14.4938
7273.198730	122.917
7278.793457	6.89312
7281.585938	6.66241
7284.419922	24.27
7286.524414	24.8287
7291.349609	2.04606
7294.962402	11.3471
7297.237793	59.7944
7302.825684	0.0338945
7306.875977	18.4095
7309.628418	17.418
7312.088867	35.987
7318.073730	40.8572
7324.419922	14.2535
7326.760742	11.3604
7329.262207	9.10486
7332.023438	1.82648
7334.688477	5.19643
7338.244629	2.19933
7340.514648	8.46441
7344.509277	6.33903
7350.239258	99.6381
7361.780762	22.4792
7369.631836	81.17
7379.054688	64.6147
7383.777832	16.2493
7386.389160	3.60767
7391.617188	63.1803
7394.260254	80.915
7398.839355	8.21426
7401.116699	2.39085
7403.127441	0.313069
7410.690918	994.166
7421.500488	24.7703
7427.127441	87.3935
7430.123047	433.833
7448.255859	5.25369
7451.300781	93.2805
7465.655273	307.304
7476.173340	3.30333
7483.228027	239.669
7489.924316	387.027
7500.044434	17.7307
7508.593750	2419.45
7515.062500	35.372
7518.024414	10.1469
7525.609863	4922.18
7547.290039	267.164
7553.097168	55.4643
7561.166016	12.8436
7563.718750	16.9831
7566.249512	19.8957
7568.651855	3.14213
7572.290039	3.83688
7573.725586	1.74878
7576.758301	29.4541
7580.529297	13.4045
7583.966309	57.6856
7588.695801	35.1082
7593.145020	6.11268
7598.211426	31.1027
7602.475586	67.5943
7608.140137	14.537
7611.249023	21.7166
7613.909180	13.1654
7616.533203	9.09336
7619.305664	11.4385
7624.631836	2.76993
7627.559082	4.28534
7631.402344	8.27091
7634.612793	5.12077
7637.494141	13.758
7640.431152	5.27757
7642.850586	2.75374
7644.788574	6.71338
7648.027832	1.2629
7650.513184	28.9751
7656.580566	3.46257
7659.018066	3.32766
7663.874512	85.6761
7670.452148	0.43331
7675.206055	54.2055
7676.969238	52.2887
7684.062988	2.07891
7685.711914	2.2921
7687.992188	0.478021
7692.809082	70.2687
7695.365234	12.7923
7698.522461	3.08581
7703.152344	32.0286
7707.262695	4.31513
7709.377441	28.3687
7716.551758	15.5689
7718.506348	42.2942
7723.537598	5.54985
7726.393066	1.99031
7728.809570	15.6773
7730.717773	6.09803
7731.890137	25.2411
7737.468750	22.7488
7743.647949	9.0456
7750.441895	73.6409
7757.187012	93.1744
7766.529297	32.2605
7769.301758	10.9751
7771.988281	6.40126
7774.895508	25.5741
7783.326172	77.31
7789.065430	90.3899
7800.634277	25.9438
7802.511230	0.799405
7804.745605	0.790136
7809.916504	39.3718
7812.750977	96.7039
7819.970215	2.12638
7822.338867	3.1413
7825.061035	19.9243
7830.434082	11.1344
7831.876465	10.5038
7835.117188	2.17273
7837.689941	39.3495
7845.070313	17.5915
7846.894043	34.774
7854.821289	38.2374
7862.430664	11.4907
7871.509766	261.336
7876.240723	5.72014
7878.881836	39.3018
7884.531738	39.2496
7889.292969	2.00853
7891.213867	1.14774
7892.745117	1.85273
7894.028320	6.9085
7898.963867	25.5409
7900.611328	29.8678
7905.774414	0.613995
7907.778809	3.85784
7909.511230	6.05347
7914.133789	9.48143
7916.860840	12.9439
7919.487305	43.0716
7924.681641	8.2225
7927.611816	13.7758
7932.211426	7.35807
7934.794922	21.6625
7941.105957	2.01878
7942.673828	0.574707
7945.984375	33.4891
7954.298828	70.841
7962.650879	14.5318
7964.182617	20.9153
7970.437012	39.0958
7975.239746	12.4904
7977.832031	2.56597
7980.819824	13.871
7985.281738	17.273
7990.488281	0.979419
7994.288086	9.94819
7999.873535	22.6216
8003.152344	4.25228
8006.908691	26.0571
8009.079102	15.6949
8015.733398	67.5696
8018.979492	48.9381
8024.900879	5.08032
8029.638672	62.5184
8035.811035	5.68528
8037.416504	6.25569
8038.986328	21.6419
8042.742188	1.96497
8044.612305	2.82521
8047.418457	4.56771
8050.745117	21.1584
8059.976074	15.7913
8063.058594	2.81251
8065.700195	14.4409
8069.355469	14.2656
8071.781250	7.17477
8073.937988	0.81049
8075.544922	1.84849
8077.048828	3.75902
8079.312012	10.75
8081.791016	28.9767
8091.230957	51.9947
8099.105957	60.5978
8104.555176	2.05973
8110.360840	14.6586
8115.864746	2.32469
8117.551758	19.288
8122.466797	8.32338
8127.267578	16.9963
8131.502441	118.525
8142.331543	160.823
8147.817871	2.40143
8148.897949	2.68483
8155.408203	36.1976
8158.083496	5.06321
8159.984863	8.45824
8162.688477	6.54571
8165.733887	15.3527
8167.636230	51.6937
8173.047852	8.88874
8175.134766	26.0032
8181.656738	10.2901
8188.069824	15.9507
8194.830078	48.7938
8199.993164	27.3185
8202.400391	76.2309
8210.483398	7.08241
8213.361328	2.94409
8215.719727	12.5469
8221.263672	15.5434
8224.068359	3.87827
8226.975586	7.47939
8230.281250	2.08177
8233.405273	4.42291
8236.516602	5.35151
8241.571289	40.6937
8247.673828	0.990876
8250.398438	23.523
8253.080078	7.96412
8256.101563	5.57603
8260.024414	27.2105
8266.791992	36.2579
8269.777344	28.2937
8278.253906	29.5767
8279.557617	17.958
8283.613281	12.85
8289.862305	19.5055
8292.136719	3.35926
8293.524414	4.45832
8295.721680	4.97853
8299.921875	80.0349
8315.146484	60.6954
8320.864258	6.37657
8328.238281	1.78554
8336.182617	53.2177
8342.658203	18.5831
8346.860352	9.97631
8350.249023	5.76902
8353.202148	33.5245
8358.381836	1.31458
8367.415039	132.667
8370.212891	9.07924
8372.490234	42.8911
8379.347656	4.90716
8381.861328	26.0265
8384.213867	28.9825
8387.092773	9.14382
8390.627930	4.9311
8394.982422	28.6752
8399.673828	12.8408
8401.963867	3.81432
8404.607422	4.8579
8407.994141	8.1732
8410.751953	29.7885
8413.750977	21.3181
8417.498047	51.7541
8425.605469	66.3022
8429.554688	2.4178
8433.204102	126.652
8440.823242	0.624691
8443.860352	13.8273
8448.048828	42.3676
8450.203125	161.455
8465.673828	37.5288
8475.093750	28.0376
8480.362305	83.6444
8486.073242	7.2273
8489.550781	55.0023
8495.743164	59.8474
8498.599609	14.1982
8509.118164	732.343
8525.746094	2607.21
8542.888672	3214.81
8561.653320	286.521
8585.825195	142.376
8592.559570	8.48636
8596.525391	24.3556
8604.564453	31.5048
8606.932617	20.1303
8615.911133	58.3059
8623.416016	228.829
8633.709961	6.50488
8640.794922	828.304
8646.983398	11.6416
8649.195313	20.8206
8657.725586	646.748
8667.318359	26.5403
8670.218750	140.027
8679.492188	13.4418
8684.360352	21.0174
8693.991211	15.8769
8699.428711	21.3749
8704.807617	1.08256
8707.002930	0.956853
8710.437500	5.04846
8713.662109	30.2206
8718.607422	16.7844
8721.835938	2.4856
8725.760742	18.4011
8731.194336	4.85795
8734.968750	23.1679
8741.153320	26.436
8748.308594	17.6573
8751.110352	9.86353
8760.011719	30.5754
8763.888672	8.92214
8766.266602	9.83311
8777.668945	48.5644
8780.317383	58.9111
8787.312500	2.67088
8791.602539	25.2827
8797.181641	0.271576
8808.962891	42.5742
8812.065430	4.02074
8814.890625	3.13126
8816.786133	0.800618
8818.154297	0.551705
8820.112305	1.92184
8822.176758	0.843977
8824.333984	2.22512
8826.582031	3.64391
8829.584961	1.14784
8831.973633	0.601476
8834.204102	2.57842
8839.831055	6.54957
8844.721680	2.78829
8848.255859	24.7721
8854.758789	9.5248
8857.095703	9.40385
8860.334961	5.03369
8864.849609	9.49034
8869.802734	0.332393
8871.265625	1.21538
8873.789063	4.56603
8877.647461	3.52702
8882.774414	101.95
8894.607422	26.2347
8896.734375	7.55325
8900.051758	2.65159
8909.009766	75.2797
8912.563477	4.96887
8915.927734	35.4686
8923.007813	3.79134
8926.196289	4.39036
8928.827148	8.73083
8934.290039	16.3558
8937.654297	6.91904
8940.495117	7.61213
8942.215820	3.48875
8943.873047	11.5862
8952.577148	47.2014
8959.355469	38.9565
8966.756836	31.3544
8968.630859	34.335
8977.222656	25.9125
8983.716797	38.8171
8992.105469	2.93918
8995.223633	8.94969
8997.812500	15.8129
9003.913086	11.7762
9008.917969	20.2717
9011.686523	15.5083
9017.190430	33.3399
9023.226563	0.154534
9027.461914	14.197
9030.206055	6.42048
9033.789063	9.06836
9036.819336	2.48427
9039.815430	31.0323
9045.620117	3.73023
9048.024414	6.59647
9055.665039	4.91788
9058.566406	5.00321
9065.225586	2.12523
9068.408203	1.26686
9071.201172	0.851657
9076.753906	2.36062
9082.740234	1.19569
9084.826172	2.16387
9086.682617	0.721145
9088.471680	1.22841
9090.507813	2.47517
9094.586914	3.85644
9097.914063	24.3757
9107.115234	14.3174
9108.768555	8.26354
9114.724609	11.7045
9120.850586	3.27908
9123.801758	4.60214
9127.675781	4.22427
9130.318359	1.45368
9133.623047	0.930727
9136.149414	1.00337
9139.283203	0.893272
9141.752930	0.163126
9148.320313	2.75567
9155.537109	17.5111
9162.086914	5.90819
9164.802734	1.39678
9167.934570	6.59544
9173.007813	4.40455
9176.099609	6.49932
9178.923828	2.41012
9182.191406	9.71302
9185.107422	0.956999
9188.577148	8.74751
9196.749023	31.2456
9204.611328	26.5302
9209.969727	0.537379
9211.807617	0.148772
9218.018555	10.3026
9222.548828	1.85673
9225.892578	2.21806
9227.121094	0.172648
9229.501953	12.3612
9241.648438	2.83821
9244.682617	2.44136
9247.503906	12.0146
9259.282227	31.887
9266.621094	3.17968
9269.820313	3.6366
9273.133789	1.79313
9276.891602	16.0826
9289.662109	27.4933
9295.148438	1.98819
9299.241211	4.54592
9302.007813	0.674683
9303.296875	4.13302
9305.980469	7.21148
9309.388672	4.78177
9312.281250	3.19697
9315.264648	3.24729
9324.737305	26.1043
9333.698242	0.950685
9339.050781	59.2292
9345.189453	4.63885
9352.765625	28.9437
9359.364258	4.56052
9365.621094	6.04253
9371.742188	1.79566
9376.253906	1.81625
9379.360352	0.961963
9382.865234	1.05636
9388.520508	0.969301
9390.369141	1.6405
9398.502930	1.67026
9401.226563	2.44008
9404.395508	0.888712
9407.834961	3.36413
9417.053711	5.6309
9420.882813	1.30706
9435.434570	9.92864
9437.505859	0.656632
9439.067383	0.503666
9442.661133	11.0303
9448.092773	7.03569
9454.694336	1.43433
9456.771484	0.548249
9460.649414	0.4185
9465.597656	2.45287
9469.964844	1.27098
9471.918945	1.14996
9473.524414	0.676988
9475.808594	0.360457
9477.712891	0.182488
9480.194336	2.46254
9487.092773	2.82285
9502.179688	0.679104
9506.300781	0.951527
9512.020508	3.75737
9519.541016	5.99803
9525.639648	6.17738
9534.123047	5.16099
9541.686523	49.697
9559.169922	35.089
9567.159180	1.05642
9572.576172	0.939063
9575.180664	1.81237
9581.068359	0.563025
9586.490234	5.22695
9592.763672	1.48607
9594.656250	0.279462
9595.854492	0.152295
9598.512695	0.143105
9600.048828	0.0849788
9602.750000	0.0949784
9607.994141	3.64789
9616.297852	2.57742
9622.307617	0.379449
9627.170898	1.5055
9630.514648	0.834254
9633.474609	0.78154
9636.527344	0.468199
9639.426758	0.413765
9645.250000	0.794521
9649.781250	1.34326
9652.903320	1.10679
9655.584961	3.04392
9661.289063	1.27225
9672.820313	3.39699
9680.735352	2.48843
9692.203125	0.156562
9693.996094	0.237342
9696.609375	0.390433
9698.794922	0.77382
9701.208984	0.118154
9705.172852	1.2153
9707.734375	1.16371
9711.729492	0.0423111
9716.687500	17.6366
9724.984375	67.3922
9738.932617	2.48779
9744.886719	2.61122
9749.015625	2.77464
9752.190430	0.0239902
9756.658203	4.17243
9762.583984	16.3267
9767.536133	4.15254
9771.084961	7.56519
9775.980469	8.30962
9782.167969	1.94834
9785.642578	0.698715
9789.412109	1.29026
9792.276367	5.06438
9801.694336	2.7351
9806.792969	0.0125668
9809.610352	10.8314
9815.451172	13.3082
