TITLE "<<J15_MSMS_8447.0000_1>> 4700 MS/MS Precursor 8447 Spec #1 MC=>AdvBC(32,0.5,0.0)=>NR(2.00)=>SM31=>CT[BP = 3666.8, 2291]" CENTROID
TYPE MASSSPEC
64.980690	1.67809
65.121460	6.14664
65.358795	6.82321
65.615891	0.500478
66.307884	8.05081
66.775688	7.67523
67.036446	6.55403
67.249718	8.7241
67.505569	2.63332
67.970985	12.4184
68.574921	4.0544
68.995644	4.23182
69.778442	2.50899
70.393875	8.69935
70.793579	2.15446
71.057343	2.34437
71.324463	7.94308
72.411430	22.1022
73.236000	19.5512
75.373329	37.1143
75.791267	13.7975
76.374626	10.0065
77.150650	1.82683
77.828537	43.2594
79.066292	8.43854
79.320007	2.88956
80.121696	12.7336
80.652596	13.3844
81.339951	6.81619
81.884628	4.97513
82.409454	0.236935
83.109749	79.0008
84.251709	49.4991
84.847458	0.104275
85.435654	3.81807
86.064804	0.892332
86.354057	3.58795
86.620422	1.91595
86.892609	1.15806
87.052696	4.00795
87.546982	3.04478
87.702744	6.98629
88.352173	16.7893
89.259827	9.50992
89.596382	0.16851
89.753548	0.266973
90.422119	4.92221
90.686501	5.47789
91.136848	5.40093
91.343262	2.3745
91.682716	1.6212
91.960449	1.6036
92.548904	1.37242
93.049736	12.5891
93.445702	20.2031
94.127953	1.72731
94.424690	1.86733
94.949738	0.604328
95.349800	22.9023
96.109993	8.79863
96.417427	1.98498
96.753624	2.1074
97.005859	0.563229
97.160286	1.22686
97.460091	2.56468
97.819496	0.782412
98.136909	2.04116
98.246269	4.2244
98.848801	3.50906
99.702744	1.82895
99.996094	1.69959
100.317177	6.50496
100.911827	5.01776
101.464569	69.6914
102.016045	3.38527
102.996399	19.1592
103.592461	16.1147
105.633194	4.32908
106.407066	32.2475
107.186462	19.6339
107.421776	3.90863
107.861679	5.21603
108.437408	2.37147
108.761871	0.220209
109.057579	0.473915
109.453903	0.102296
109.789993	0.213601
110.355362	39.2266
111.765289	56.1283
112.512512	2.77709
112.860428	0.666814
113.117081	1.11404
113.641533	16.9763
114.332855	16.7307
115.055412	12.0717
116.933990	14.2181
117.288910	11.0128
117.574158	37.6444
118.610893	9.03812
118.728889	0.066661
118.906837	2.10395
119.390541	11.9249
120.389030	1.75231
120.734962	2.46945
121.067398	0.715235
122.030701	6.31689
122.883286	14.4622
123.941460	13.2397
124.447136	0.0113163
125.030907	1.66535
125.242424	0.977216
125.407974	1.68552
126.428223	5.0423
127.360733	0.182874
127.547096	0.985875
128.024139	0.176455
128.232086	0.320041
128.896576	1.42087
129.420013	0.439142
129.753754	0.272438
130.123016	0.156671
130.462585	0.0269258
131.193756	4.21728
134.332199	0.775057
135.418915	8.67601
136.293594	7.13886
136.796967	2.59872
137.826385	1.68215
138.660980	8.33062
139.674515	5.55722
140.335205	0.400365
140.711578	0.169026
141.054123	0.0175657
141.513336	0.855105
141.798386	1.16563
142.089050	7.74255
142.727402	0.215775
143.376007	5.27875
143.621490	0.946683
144.070755	0.144366
144.498810	2.16726
145.648209	8.58822
146.528366	6.41464
147.044540	0.0300038
148.281082	32.3464
149.847382	58.3554
151.513977	32.8913
152.822784	12.8829
154.464035	0.175711
154.709869	0.215894
155.020218	1.84884
156.150421	10.3286
157.092270	7.09764
157.666016	0.463561
157.876358	2.213
158.336823	0.633976
158.668564	0.815787
159.326920	2.1059
160.051071	1.71052
160.377106	0.84438
161.144684	0.468515
161.726257	6.45466
162.301529	7.15903
162.602982	6.11429
163.091568	0.210382
164.162552	21.6544
164.687210	1.11877
164.899277	0.386344
165.216568	18.0565
166.640305	7.63185
167.181671	0.295767
167.500443	5.34124
168.791809	16.5369
170.274872	10.0123
171.434555	7.52127
172.558273	1.7679
172.831772	0.498639
174.080612	0.370878
175.308228	0.52033
176.122604	1.24544
176.890350	4.14068
177.333694	2.87186
177.730621	1.65801
178.139130	0.356546
179.364166	17.0931
180.887772	9.49627
182.722961	25.0839
184.152679	0.0955713
184.509933	16.7101
185.634277	11.7128
186.351486	1.03061
186.672134	0.855175
187.164993	0.447899
188.212158	3.36561
189.411118	17.6142
190.626099	21.8784
191.534500	3.78132
192.110840	0.264625
192.440857	0.00857701
192.664017	0.0626927
194.106445	6.31983
195.401077	0.00554265
197.273666	5.69731
199.426941	3.72351
200.478500	2.52582
201.229752	0.203585
202.235916	2.28274
203.290482	0.992617
203.763412	0.286916
203.988770	0.118062
204.330231	0.304407
204.586456	0.0262739
204.851608	0.19426
205.157745	0.461707
206.025284	3.78037
206.598236	4.03231
207.032776	1.43592
207.512741	0.864976
209.776306	10.3288
212.218231	6.75607
214.524887	6.92638
214.910461	12.2916
215.896835	2.02276
216.125137	0.288916
216.407227	0.835564
216.777313	0.533315
216.949081	0.260817
217.640793	0.561015
218.377258	7.80083
219.538086	2.58204
219.973557	5.38801
220.903915	12.349
222.560333	8.94087
223.680466	1.36016
224.655304	0.458009
225.273972	2.43571
225.669464	2.30336
225.913391	0.042343
226.212799	0.801373
226.628860	0.75665
227.077225	9.8072
228.611816	0.767814
228.876450	0.838442
229.197205	0.440787
229.890732	38.4846
231.113434	3.37039
231.377090	2.1351
231.568008	2.64458
231.937256	0.485068
232.497238	1.57084
233.360901	2.02711
234.807266	3.58675
237.530975	7.32205
238.889786	9.31944
239.832092	13.9487
241.421768	9.31766
241.971283	2.79158
242.506973	1.02472
243.547806	7.05097
244.754440	0.242685
246.264755	0.417764
246.718307	0.786884
247.087067	0.250277
247.491211	3.11908
248.042328	1.23338
248.582336	1.09463
248.978958	1.71028
249.877411	3.37139
250.472076	0.883276
250.989044	0.634748
251.495438	0.301057
251.811218	0.0119937
252.526031	0.56621
254.061584	0.42304
254.572388	0.692548
255.160019	1.60843
256.011292	2.93879
256.517548	2.6908
257.019592	0.617823
257.667664	1.32007
258.335083	0.181593
258.788483	0.0988377
259.355347	0.071318
259.771606	0.00950145
260.420471	2.0768
261.325531	0.290409
261.544830	0.0368722
261.858643	0.958839
269.065216	4.22985
270.020203	0.886886
270.568909	0.349122
270.827576	0.122924
271.145844	0.275682
271.579590	1.21241
273.100098	0.217123
273.512726	0.175804
273.735657	0.0239939
273.935181	0.125072
274.277466	0.174388
274.947968	0.413374
275.906311	1.81265
277.048218	3.34906
277.737244	1.66453
278.276093	0.882254
278.773621	0.677166
280.805237	24.9348
281.213867	29.7658
284.304291	15.8198
285.473236	4.40585
287.255768	7.10474
288.172363	1.70344
288.744995	0.507235
289.273468	0.41898
289.847198	1.61604
290.714264	1.30821
291.177216	3.1546
292.159760	4.79391
293.268402	3.55602
295.089752	4.06386
296.355408	0.335542
296.634186	0.424225
296.985657	1.62245
297.519836	2.16141
298.110535	2.59607
298.652588	2.84576
299.214539	0.995873
299.700623	7.98653
301.950195	13.0366
303.485504	8.04168
304.413177	0.759445
305.228546	7.79199
305.598633	1.97831
306.275757	0.143383
307.489929	2.59109
308.794983	1.12833
309.333527	0.506642
309.672729	0.265799
309.956207	0.25578
310.366455	0.209575
310.953735	0.468604
311.555054	0.179194
312.139252	0.268236
312.667358	0.0476678
313.996185	3.4128
315.627533	1.75703
315.825836	0.442832
316.212982	13.5452
317.214600	0.572499
318.077148	1.36856
318.493500	0.0554911
319.570496	3.21633
320.512390	1.21161
320.972321	1.76962
321.360687	7.71358
322.087280	6.74262
322.634430	1.56896
323.342529	3.36262
326.940216	12.19
328.786438	1.50536
329.419006	5.61255
329.832703	2.51496
330.779572	14.0581
333.584351	40.8821
336.575714	46.0361
339.476471	25.9321
341.055939	2.21703
342.262360	2.10994
344.215057	3.09457
345.123169	0.660327
345.582306	0.292446
345.888123	0.312559
346.372620	0.521124
346.995483	0.0803348
350.910309	7.9594
354.113556	18.3747
357.054352	11.7887
357.522003	9.48663
359.234985	3.08676
360.595123	2.90153
361.151093	2.59823
362.087433	3.69562
362.511566	0.562254
363.251923	2.18359
366.688263	2.91735
369.640198	7.92698
371.507080	0.507069
372.533875	8.76686
373.735535	1.50374
374.755005	1.6006
375.343567	1.703
376.225372	1.50015
376.723633	0.986533
377.383026	0.197299
377.511322	0.000213401
378.890594	0.00251753
380.455841	0.153001
381.844727	0.652597
382.669983	0.544799
383.323303	1.18466
383.996002	1.11864
384.491608	1.60958
385.341034	1.02623
385.851196	2.922
386.154877	2.8814
387.020050	1.14726
387.300842	0.112775
387.549988	0.405451
388.578400	0.335975
389.331055	0.12527
393.366974	1.15257
394.196991	0.55966
394.771729	0.41561
395.465179	0.124996
396.252808	0.898368
398.005554	31.4134
399.768646	9.39575
400.253235	5.63559
401.091339	2.44943
401.561340	0.544766
403.082153	0.879111
404.785889	0.52653
407.612457	7.47729
410.596558	1.30929
411.274170	1.1813
411.976715	1.72374
412.869720	11.9031
414.234436	0.564973
415.041443	2.02341
415.359100	0.520609
416.376038	0.312558
416.761383	0.303701
417.083740	0.0819533
417.538208	0.115839
417.856720	0.070296
419.436493	0.0768871
420.018616	0.0862167
420.370850	0.0679219
420.724548	0.0334219
421.211273	0.0197394
421.516754	0.011084
421.771545	0.00519075
423.902924	0.0342329
427.682281	0.0309886
429.182709	1.24851
430.356354	0.717
431.033051	0.260895
431.741638	0.330171
432.912018	1.31509
437.984131	0.295634
438.396393	0.109509
439.226257	0.353659
440.159698	3.01647
442.711426	3.10765
444.071320	0.905116
444.501373	3.2412
444.802155	0.835229
445.268219	0.953441
445.727325	0.38897
447.017029	3.03347
449.142578	0.579998
450.455841	0.217539
450.968384	0.09959
451.266174	0.0686466
451.766571	0.0968293
452.160858	0.228595
456.943787	6.69006
457.567627	0.434281
457.910889	0.331984
458.220734	0.353355
459.054016	12.7263
463.038605	11.4144
463.781769	2.40665
464.330383	6.64106
465.065308	2.19197
465.816833	3.24522
466.354340	0.0644955
468.274445	6.14979
469.221161	0.392751
469.660217	0.465532
469.976532	0.066865
470.418427	0.496195
470.877228	0.0716662
471.380066	0.478555
471.709229	1.12004
472.181335	1.41329
472.677185	0.0579878
473.009186	0.431025
473.549377	0.176587
474.669952	1.80045
475.611847	1.494
476.162079	0.652633
476.962708	3.99397
487.841309	5.63655
489.874329	0.209404
490.480652	0.475767
490.882538	0.446035
491.376892	0.398646
491.775757	0.214907
492.288757	2.52974
495.023712	18.3341
497.783997	21.0813
499.279724	1.65186
499.800293	3.95758
500.510986	0.743758
501.084839	0.232142
501.478699	2.77733
503.629089	0.111635
504.478577	0.114738
507.517761	6.34388
509.339874	3.19598
510.432251	1.45298
511.097900	0.54636
511.912048	0.667512
512.471863	0.0593192
513.004517	0.0026269
513.384460	0.00446372
515.122070	1.45755
524.053528	0.693732
525.392029	1.42298
526.105774	0.923425
526.897217	0.456453
527.595642	0.178722
528.203247	0.0192943
529.081116	0.089982
530.628601	0.659059
531.715881	0.514327
532.486694	0.161214
533.299255	0.247894
534.118225	0.0300704
539.819946	0.779664
541.810181	1.83297
542.787170	1.00851
543.542480	0.456732
544.283325	0.328452
544.700439	0.00933491
545.054626	0.00681036
545.516724	0.00276812
548.944946	66.9318
555.272949	36.9704
557.153320	0.117935
558.750916	6.01197
561.174927	2.83571
562.441711	0.142391
564.803345	1.07145
567.121765	0.102422
568.016113	0.161021
568.495728	0.200908
569.157104	2.43056
570.060547	1.88887
570.824341	1.10753
571.627930	0.894734
572.310059	0.0553312
573.213318	0.566626
574.003174	1.56173
576.332703	7.12654
583.470459	0.698271
584.262451	0.100077
585.805237	3.68923
587.180298	1.30519
587.930908	0.593576
588.699829	0.399568
589.473267	0.0187062
590.573120	2.54283
596.065247	11.4297
599.537048	1.55933
601.711731	13.7346
602.269165	3.92698
603.052307	9.15538
605.848694	10.4094
606.703613	0.541446
607.788086	11.3183
609.543396	19.7932
615.542175	21.2001
616.600159	7.66492
617.438232	5.85396
618.058533	23.4769
620.709534	7.82876
622.673401	4.76754
625.130127	3.96639
627.189575	0.179518
627.610535	0.394109
628.121582	0.589902
628.590576	0.637609
629.104675	0.401045
629.576172	0.204152
630.041931	4.04905
640.514038	17.4749
642.613525	3.60411
647.016174	2.82032
648.699463	2.45586
650.901306	13.9673
652.239441	0.086238
653.181763	0.470667
653.674377	1.08733
657.140625	4.04564
657.767090	0.684694
658.156616	0.357652
658.780457	7.68817
663.939087	15.7162
665.958374	1.29617
666.794067	0.550727
667.728516	0.610845
668.684875	1.85441
671.962036	0.455826
672.692749	0.0240494
673.744629	0.145091
675.010376	0.00699699
677.117188	3.13532
683.748779	42.1731
688.146606	23.338
690.284180	5.28536
691.966309	2.68721
693.465576	0.306041
694.744812	1.7643
695.623047	1.01466
696.495178	0.580831
697.345398	0.187932
697.954407	0.0202581
705.390320	0.906352
707.847595	0.0494185
708.635498	0.0791519
709.099426	0.0543492
709.603638	0.0230504
710.194824	0.0208657
710.597778	0.0797482
712.749634	1.59238
714.327087	0.0780001
715.657959	2.55231
717.711548	0.98637
718.637207	0.424979
719.509583	0.22277
720.339661	0.0571739
721.004517	0.00403421
723.300293	0.30605
729.506592	4.35188
730.974487	1.01132
731.745056	1.96836
732.609375	0.124779
734.654114	42.9003
742.428284	7.21936
745.487183	2.7757
746.237488	1.2909
746.524902	0.0224364
747.248962	0.549654
748.084717	5.51892
750.285034	0.451126
751.387146	5.16852
752.287415	5.87876
753.239685	1.15252
754.215698	1.84072
754.907043	0.0339043
755.870300	0.695854
756.647217	0.234872
757.307434	0.502284
757.887573	1.10545
758.301392	0.360539
758.893127	0.595671
759.427307	0.982844
761.144104	0.694517
761.755249	0.781877
762.870728	2.12024
763.304688	0.94567
765.162842	11.0228
767.705078	13.6104
770.205811	8.63241
771.136475	0.143371
772.260803	0.0597125
773.210999	0.058103
775.585144	0.119825
779.138794	0.477684
782.362488	1.69094
784.286255	0.383908
784.763245	0.214098
785.177368	0.133397
785.940002	0.0875475
786.363037	0.082339
787.069702	0.361671
787.750061	0.254847
788.216797	0.55282
788.924927	0.129606
789.330872	0.0943802
790.001953	0.178953
790.674744	0.00859839
791.269470	0.0476834
792.024475	0.0959115
792.522034	0.0730236
792.924377	0.113465
794.113403	0.44189
795.141968	0.715803
795.827942	0.443562
796.093262	0.0678061
796.894958	0.0984788
797.564819	0.0903564
799.997620	0.376012
800.584900	0.0852422
801.029785	0.0392167
801.727295	0.06018
802.228516	0.0297068
802.900085	0.454424
804.432251	0.0452799
805.392944	0.104252
806.342957	0.261249
807.663818	0.168807
808.490479	0.0910966
809.473755	0.0586737
810.159424	0.0240116
812.423157	0.37074
815.603821	1.1581
817.869080	0.924158
819.559875	0.0877751
822.130310	0.0799882
822.830200	0.157872
823.325745	0.144462
823.829041	0.0713468
824.568604	0.725433
827.962036	1.93048
830.071106	0.0650362
831.177612	0.77192
832.045898	0.300549
832.469482	0.0749416
833.138733	0.198891
833.710083	0.115739
834.436035	0.112921
834.845581	0.469736
836.356140	2.24486
837.708069	2.94678
838.736389	1.79609
839.639343	1.49354
840.676819	0.78585
841.172180	0.672908
842.007507	1.28012
842.955078	0.375959
843.950745	0.425313
845.039795	0.269733
846.755493	1.04663
847.779846	0.434004
848.254761	0.126597
848.791565	0.3615
849.508179	0.192158
849.791077	0.106278
850.480225	0.411982
850.988892	0.329778
851.544373	0.0707384
852.230835	0.183171
853.265564	1.82884
857.431946	0.930126
860.590027	0.449265
863.157776	0.121289
884.679382	3.5759
888.402588	2.27695
894.094788	2.12477
895.107727	1.00709
896.093811	0.995048
896.942078	2.27858
899.764221	0.172883
900.932556	0.435318
901.340027	0.254135
901.930908	1.03019
902.335632	0.800369
903.047852	2.7912
904.025696	0.941351
905.147583	0.633735
906.218994	0.29399
908.949646	0.990498
910.889648	0.434499
912.538757	0.841326
913.600220	0.824103
914.513489	1.14472
915.481201	0.136807
916.275024	0.093308
917.211121	0.0820199
917.738647	0.0534741
918.283630	0.0271776
918.992249	0.0216061
919.475586	0.0110412
920.139343	0.111756
921.837585	0.199547
922.867432	0.152717
924.091919	0.651056
925.138184	0.409183
926.118530	0.228682
927.161072	0.37487
930.097168	3.84938
932.134705	0.868585
932.428101	0.0478049
933.015930	0.315614
934.191895	0.184279
934.711121	0.206822
936.713440	0.304429
937.942017	0.861027
938.731628	0.863253
940.765747	3.88252
942.626587	1.00118
943.297791	0.483336
944.002991	0.843005
944.639465	1.59946
945.329407	0.0460417
945.838562	0.307244
948.542297	4.10356
954.352356	10.813
958.512085	2.54649
959.178101	2.95065
962.507202	2.68563
967.056946	1.40922
973.161072	19.8675
977.321411	11.6938
979.468872	0.287989
981.294922	5.18267
982.003113	6.08591
986.399475	5.67255
989.352844	0.596155
993.014893	0.137512
998.052734	3.39735
1003.858276	4.86749
1007.303101	1.36455
1008.797852	0.634826
1009.702698	0.316595
1012.017578	12.4966
1015.456482	0.0494727
1018.094666	22.8299
1022.038330	11.699
1023.432251	0.0669631
1023.980469	0.357889
1024.606445	0.975141
1025.075073	0.231061
1025.774902	0.211666
1026.392090	0.0722543
1027.796997	0.549968
1029.295532	0.780876
1030.813110	0.694142
1031.768555	0.241387
1032.944702	0.211061
1033.823364	0.0318011
1034.303589	0.000328325
1034.711914	0.00590123
1035.625977	0.080308
1036.336548	0.0678986
1036.802246	0.0238925
1037.571167	0.0375522
1038.720337	1.87939
1047.969116	2.84735
1049.699463	0.883921
1050.592529	0.730009
1051.646729	0.43267
1052.753784	4.90653
1055.929932	1.51272
1057.926636	10.9705
1059.522461	8.25357
1065.666504	9.04259
1066.444458	3.63603
1070.298706	14.6281
1072.803711	2.98696
1073.710205	1.08048
1074.781860	0.542761
1075.231934	0.242736
1077.774536	8.70044
1083.913208	0.349647
1084.678589	0.547487
1085.295654	0.258664
1085.906860	0.0149023
1086.786621	1.59491
1088.049683	2.3617
1089.080078	6.06499
1089.957764	5.54618
1092.650024	8.92872
1099.774536	30.5462
1102.849731	2.30447
1103.968994	3.69138
1105.068970	0.478855
1106.038574	4.49239
1111.847412	0.432082
1112.638184	0.0740786
1113.247437	0.073757
1114.623291	0.250494
1116.919067	1.0823
1120.752930	0.225917
1123.378296	2.75958
1125.504150	6.88036
1127.907959	8.81896
1130.541016	5.95557
1132.789185	7.13238
1145.590210	14.0384
1148.030762	5.98623
1150.653931	22.4214
1164.173340	26.4211
1166.308350	0.439178
1166.947510	1.50564
1168.069824	1.14043
1169.132324	1.04253
1170.186035	1.91262
1179.164551	3.04261
1181.298584	3.21125
1183.393799	4.20718
1185.886353	2.48796
1188.020020	0.182623
1190.727905	4.63218
1196.453003	17.2595
1198.704590	1.11018
1200.213135	10.8514
1200.965942	2.43499
1202.363159	0.720637
1204.146240	3.65674
1206.299683	0.0244298
1207.030518	0.0959603
1207.628052	0.0424324
1208.166016	0.0461108
1209.067749	0.0219037
1209.664917	0.10159
1217.568604	1.52193
1220.239990	0.14415
1222.936768	0.898049
1229.490723	1.2076
1230.802124	1.07536
1231.896240	0.324618
1232.854004	1.95302
1236.800781	0.435544
1238.005981	0.80366
1239.054077	1.81565
1240.354980	0.541358
1241.609619	0.681408
1243.944824	15.9967
1250.016479	0.68173
1250.788940	0.934866
1252.217896	1.42359
1254.014771	14.7757
1258.089600	3.65145
1261.557373	4.9767
1264.275513	0.220698
1265.634277	0.170336
1266.474243	0.88905
1268.462036	1.28568
1269.752319	4.74414
1274.440186	3.42919
1276.025391	0.218127
1276.526978	0.601614
1279.723267	1.71237
1284.688721	1.55283
1285.891113	0.986693
1286.947876	1.10763
1289.372681	1.37825
1290.265259	0.670326
1291.590576	1.53582
1295.153320	1.68078
1296.426392	4.12479
1297.814331	3.40218
1298.778076	1.85924
1300.022949	0.510862
1305.604492	5.05145
1311.217285	15.63
1329.030029	2.58299
1329.971802	0.401096
1330.550171	0.121965
1331.308716	0.18741
1332.053589	1.15597
1333.640503	0.558548
1335.121094	7.23856
1337.853394	7.99755
1340.266479	5.5819
1342.082153	0.682517
1342.817505	0.180574
1344.305786	0.134047
1346.398804	4.60005
1351.973145	0.283241
1352.618896	0.1393
1353.219727	0.131131
1354.141357	0.0528778
1354.687622	0.0160616
1356.806519	3.10897
1360.676636	1.67445
1362.846802	17.5604
1369.410278	11.1119
1375.465698	6.01499
1377.744629	0.402336
1378.734131	0.404486
1380.047729	0.116264
1381.202759	0.697712
1389.500732	0.10748
1394.890869	0.744541
1396.629761	1.7213
1397.543701	11.683
1400.731934	2.61277
1401.637451	0.768196
1403.264526	1.19202
1406.403198	1.46165
1410.109863	11.9936
1413.095825	8.45789
1416.014038	5.95946
1418.763428	1.44689
1420.707642	1.56785
1422.381104	0.0953929
1422.967529	0.0434059
1423.896729	0.0639689
1424.547485	0.029162
1425.711670	4.78733
1427.503052	3.36152
1428.685547	1.76438
1430.000488	1.39137
1433.516479	4.0194
1437.073853	4.21387
1440.164307	2.92032
1441.478638	1.7585
1442.716187	2.09018
1443.862061	0.854526
1446.454224	7.01008
1450.069702	8.33035
1451.950195	0.128482
1452.508301	0.0542002
1453.495117	0.651132
1454.267090	1.95301
1455.528564	24.6367
1461.465576	6.79691
1465.811768	1.98003
1468.056519	2.07139
1472.398193	1.44933
1475.288330	20.8691
1479.602905	16.5254
1482.258545	6.61506
1483.496826	2.05463
1484.763916	1.94931
1486.237061	0.0206425
1488.381836	2.69906
1489.731567	3.79501
1491.140869	7.40113
1492.191040	3.73021
1493.719116	1.46492
1495.799561	1.63723
1497.023804	1.35807
1498.085815	0.869467
1499.641235	0.514764
1500.970093	0.458823
1504.087158	0.0511711
1505.280151	0.262171
1506.164429	0.199916
1506.734009	0.0714715
1507.701294	0.0948919
1508.401245	0.0736699
1511.610962	0.738453
1514.192017	1.07432
1515.581421	0.503473
1516.920532	0.60251
1517.936157	0.178889
1519.363037	0.261186
1523.931519	4.07693
1527.899292	1.51976
1529.467163	0.722951
1530.897339	0.272806
1531.590332	0.506323
1533.153687	2.38197
1534.753784	5.49312
1535.744629	4.19583
1537.016968	2.11352
1540.949463	9.62211
1543.029297	1.85043
1544.225098	1.1403
1545.373779	1.6101
1548.874268	9.64261
1553.002197	3.69988
1559.676270	11.345
1565.521973	0.251213
1567.595825	3.18179
1568.786011	4.6544
1572.544434	13.1796
1577.444092	6.38331
1579.121094	0.0270774
1581.458862	4.34493
1584.067261	0.113492
1585.076904	0.335279
1586.715210	0.492203
1587.748657	0.162962
1588.292480	0.110809
1590.394897	9.60499
1592.976074	4.35104
1594.079468	1.5361
1595.461670	0.729542
1596.400024	0.275394
1596.952148	0.120551
1597.922485	0.115218
1601.229858	0.0545932
1603.241821	0.0794437
1604.121826	0.0568301
1604.780029	0.0726882
1605.622681	0.08114
1606.411865	0.033943
1607.110229	0.0381228
1607.724731	0.0063166
1611.940918	1.09757
1617.252686	2.24098
1620.841309	1.94933
1621.663574	5.27835
1624.580811	9.01229
1627.746704	1.16428
1629.239624	0.210137
1630.609619	0.104082
1631.652222	0.0144297
1633.449829	0.499813
1634.339478	1.72319
1635.863281	0.90336
1636.641968	0.680112
1637.363159	0.508038
1638.232666	0.484974
1638.883423	0.478665
1641.974487	10.4632
1644.354248	9.59847
1645.308594	3.134
1647.063110	1.68036
1649.536133	3.7987
1651.569214	2.50669
1652.537231	1.80294
1654.432495	8.70445
1657.425659	27.33
1659.452515	1.03487
1662.289185	4.68372
1667.295532	17.6256
1671.348755	0.094084
1674.765869	1.73612
1675.809082	0.107614
1677.186523	5.27663
1680.874268	3.20968
1683.408569	1.09994
1685.148926	4.67468
1686.813843	2.83031
1687.336670	0.0279076
1688.284546	1.4675
1689.162354	1.21104
1691.955078	6.47302
1693.834351	0.736108
1694.612793	0.646628
1695.168823	0.395128
1696.173096	0.0980514
1697.398438	0.283799
1700.173096	1.79653
1707.194336	2.87364
1710.948608	6.16185
1713.063721	4.10348
1714.202148	1.51447
1715.772461	2.70074
1718.550537	0.233981
1719.983765	0.0744045
1725.263550	6.66935
1726.251953	5.74177
1728.587402	0.208478
1729.143799	1.10528
1732.381836	2.76645
1734.522095	16.3957
1737.658203	0.658
1738.295044	0.0948405
1739.347778	0.347812
1740.151978	4.46235
1743.721191	0.813757
1752.672974	34.6741
1753.794312	22.9611
1756.858154	2.05774
1759.749023	2.04541
1761.787354	1.32432
1763.259033	0.629067
1765.640259	4.53116
1768.684814	8.42925
1771.573486	3.76313
1773.715820	0.110599
1779.076660	3.4196
1782.789185	3.41015
1788.595581	3.74351
1794.294922	7.18774
1796.181763	3.32995
1797.409424	1.81413
1798.868774	1.98552
1802.613525	3.68946
1808.965088	4.84566
1812.265869	10.0136
1815.143677	19.3038
1818.002808	6.42641
1820.319458	5.8884
1822.203613	17.6799
1824.832764	0.61589
1825.742920	0.0819264
1826.614136	0.373704
1831.583374	3.49444
1833.105835	1.1186
1834.075928	1.01388
1834.786987	0.833937
1835.552368	1.16129
1836.500854	0.346743
1838.681152	6.72082
1839.301025	13.7052
1842.271851	16.9439
1845.586182	5.45222
1848.814819	5.14513
1850.090210	0.982444
1852.103516	2.51812
1853.420044	1.02401
1854.881836	0.539097
1856.227051	3.31317
1860.441772	16.2297
1865.505859	5.20205
1867.378784	56.9849
1872.445435	28.0252
1875.579346	18.6594
1878.443359	4.68964
1889.321777	45.2523
1897.070190	1.17717
1898.004883	1.83883
1898.541016	4.76682
1901.780640	5.17401
1903.920288	0.376143
1909.342407	6.43646
1910.803223	2.93514
1911.663452	2.3082
1912.709229	1.12292
1913.344238	0.495913
1914.439209	1.09279
1916.868896	92.776
1928.506470	9.84402
1932.216797	282.523
1937.470215	12.0797
1942.967407	38.6136
1954.347900	16.6299
1957.673218	4.60641
1960.301758	0.618958
1962.822510	0.640364
1973.407715	16.9857
1977.071045	0.104473
1978.093018	0.0599619
1980.326416	2.37043
1982.458984	1.5214
1983.889038	0.9337
1985.287354	0.517673
1987.090698	0.530684
1988.653564	0.176076
1990.870361	0.356245
1992.641602	0.148902
1993.721436	0.603953
1994.623535	1.94391
1996.347900	1.56903
1998.105591	9.60324
2000.860962	12.9148
2006.274780	6.30017
2007.310059	0.742348
2007.948730	0.320883
2009.094849	0.444461
2010.257935	9.69003
2015.363525	12.4441
2016.397827	7.50416
2023.092529	6.91433
2025.314941	0.375053
2026.302124	0.507136
2026.957520	0.186618
2027.935547	0.251815
2028.866089	0.0265296
2032.516479	2.79414
2035.049316	0.0587341
2036.273682	0.56618
2037.353882	0.412517
2038.185669	0.0827098
2039.031128	0.26711
2040.056885	1.24763
2047.504517	2.02895
2050.355713	2.53613
2052.598877	9.13336
2062.828613	24.5812
2069.757568	5.53793
2072.535645	0.845742
2078.693848	0.753714
2080.520508	0.162444
2081.316162	0.0704439
2084.303223	13.4389
2087.981201	9.99008
2091.041992	1.38207
2092.377686	0.0580602
2093.145996	0.0780532
2094.211914	0.0317586
2095.102783	0.0433283
2097.486084	6.2114
2106.351074	25.0003
2110.980957	1.698
2112.478271	4.65637
2113.582764	2.56132
2118.706787	2.57449
2122.003662	1.37324
2126.691895	4.5171
2129.962646	2.8897
2132.905762	3.20534
2136.136475	0.804018
2138.910156	1.58714
2140.478516	0.821438
2142.039795	0.417987
2143.811768	0.458172
2145.432861	0.58983
2146.829834	0.859018
2148.418213	0.352972
2149.565430	0.152195
2150.473877	5.09065
2153.958984	8.08125
2158.314453	14.3446
2167.295898	53.8633
2173.655518	42.6262
2175.494873	2.54822
2176.880371	4.34866
2179.248047	2.82121
2180.741211	7.59524
2182.241455	8.30363
2183.666504	1.68895
2185.607178	11.931
2187.406738	0.326158
2188.523438	0.401364
2189.161621	0.978578
2190.688965	3.89682
2192.109619	1.51106
2193.522217	3.30489
2194.782959	0.479984
2196.122803	1.01263
2197.179443	0.782548
2199.865967	15.1972
2213.832764	0.119217
2214.709961	0.238135
2217.941895	11.2386
2228.344482	6.17315
2230.253662	2.28349
2231.071045	6.04246
2235.155518	1.69904
2236.594238	1.47706
2238.175537	0.398258
2238.898926	0.137433
2239.990479	0.542698
2240.874512	0.572275
2241.765869	0.376371
2242.774170	0.148369
2245.997070	2.37162
2248.149414	0.51625
2249.765869	0.00864566
2250.539551	0.486838
2251.927734	1.20027
2252.991455	1.02268
2254.783936	4.83766
2256.492920	4.83868
2258.060547	1.40955
2259.760498	2.01255
2263.932373	4.52621
2266.436279	1.86238
2267.768311	1.1772
2269.401123	0.393266
2270.632568	3.53196
2286.215088	10.4435
2287.760010	0.272783
2288.482666	0.365739
2289.265381	0.320845
2290.279541	0.899217
2292.265869	4.81111
2294.085449	1.00363
2295.455078	1.78745
2297.010498	3.40253
2299.226807	2.74991
2301.019775	1.29028
2303.697754	18.3586
2307.671143	0.294331
2311.098633	4.74158
2311.975342	0.628915
2312.873047	9.11998
2316.336426	2.60339
2317.939941	5.04163
2319.104004	6.45022
2321.881348	4.72765
2323.202881	1.03243
2325.848633	7.84173
2329.410156	19.6663
2332.451416	1.0563
2333.803711	4.75985
2334.498535	4.11722
2336.442139	0.558454
2337.948730	1.78269
2339.408203	0.681128
2340.967041	2.28219
2346.519775	0.807519
2347.406982	0.628401
2349.459717	1.81179
2350.428223	1.30717
2351.290771	1.87412
2352.407959	0.417652
2353.254395	0.437861
2354.155762	1.12886
2355.683594	0.627121
2356.709961	0.228526
2357.653809	0.0816725
2358.685547	0.31451
2362.020264	8.5436
2364.077148	6.98504
2365.669189	3.84415
2367.726807	20.4962
2371.374268	38.5055
2378.684326	7.60594
2384.331055	379.458
2391.609131	23.2692
2401.511963	686.157
2410.278564	40.0958
2414.394531	29.9247
2420.807129	0.0437462
2427.056396	21.3872
2430.743652	0.037628
2439.549805	16.6085
2441.134033	1.48121
2441.657227	0.837928
2442.664307	2.01085
2444.599121	1.67254
2445.589600	0.53404
2447.027100	0.960473
2448.679932	1.11369
2450.130859	0.594317
2451.670410	0.805802
2452.864746	3.12607
2454.884277	4.6269
2456.484619	2.99906
2457.694092	0.460997
2458.197998	1.35219
2459.456787	2.58182
2464.816162	5.27016
2467.877930	3.42673
2469.735107	0.542048
2470.912598	8.8467
2473.098145	8.19715
2474.627930	3.2907
2476.789307	4.63881
2477.962402	0.236364
2479.558105	0.709099
2481.022949	0.11056
2481.964355	0.490915
2485.085938	2.48205
2486.156250	0.724997
2487.054932	0.41268
2488.020996	9.88679
2491.863281	2.86988
2492.750732	3.12412
2493.423828	4.39528
2494.735840	8.92677
2501.600586	14.9144
2506.029785	6.14599
2510.894287	7.92421
2512.781250	0.541276
2514.362793	2.40323
2515.401123	4.35172
2517.139893	2.75374
2518.575684	10.3407
2528.328125	30.494
2531.735107	0.113113
2533.179688	11.0688
2536.499268	4.08858
2538.052734	1.47832
2539.637451	2.94001
2541.170654	0.600748
2542.874512	0.491105
2543.813477	0.227094
2544.606689	0.208572
2545.958252	0.0729282
2546.583252	0.0300276
2548.723877	3.0555
2555.858154	34.2039
2561.406494	31.5594
2565.059082	16.1861
2572.944092	2.13944
2575.745850	10.6511
2584.094482	3.76867
2588.423584	2.99974
2591.097168	4.6612
2593.173096	6.8431
2594.029053	6.83607
2596.310791	2.36758
2597.281738	7.34247
2600.340088	2.75242
2601.794922	6.14069
2603.249023	2.01846
2604.865479	4.04225
2607.875732	6.00643
2611.064453	0.702043
2619.416016	13.6201
2621.145020	8.00525
2622.771484	11.8417
2624.588135	2.95596
2625.647949	0.784197
2626.667480	0.559835
2628.454590	0.350601
2629.005615	0.197169
2629.988037	0.679589
2632.207520	0.0584907
2632.701416	0.0119554
2634.132568	0.462572
2637.853271	4.08987
2641.872803	0.816804
2643.330566	0.0263853
2644.800293	3.70129
2647.521484	4.94269
2651.166260	7.89828
2655.242188	5.89176
2658.547852	0.265533
2662.268311	0.411993
2663.766846	0.295883
2664.659424	0.279008
2665.589844	0.185477
2666.770752	0.0988358
2667.640381	0.0387036
2670.771729	0.712923
2673.830322	2.83496
2677.183594	0.485874
2678.544678	3.05246
2680.056641	3.08454
2681.566162	1.23648
2684.204102	10.3928
2687.256104	2.21697
2688.044189	0.746471
2689.345703	14.2368
2693.574463	15.561
2697.447510	12.0646
2701.362793	16.2195
2706.513184	17.2843
2711.030762	3.21013
2713.522949	0.0775771
2717.635986	0.513749
2719.634766	1.09459
2721.583252	1.89444
2735.229492	17.0509
2736.324707	0.4211
2737.766846	11.0029
2744.260986	6.79728
2745.927002	0.781133
2748.448975	1.92019
2749.540283	4.29463
2750.481201	20.6747
2754.676270	8.28067
2756.453613	25.7444
2762.892578	14.9091
2765.635010	2.65476
2767.792969	6.25645
2769.270264	0.6802
2770.824951	5.50451
2779.554932	0.209926
2782.361816	2.93652
2783.728760	6.2259
2789.125732	17.7037
2790.907959	12.5387
2792.178223	46.2253
2796.969727	2.00957
2797.814697	4.90284
2803.618896	16.983
2805.609131	0.0146023
2806.881592	0.387173
2811.081055	3.47381
2812.032959	1.16834
2813.401611	3.8926
2814.979492	3.66986
2816.463867	4.3749
2818.098877	4.42823
2820.615234	0.769817
2822.159912	0.928075
2823.829834	0.422124
2825.256104	0.488248
2826.721436	1.08429
2829.040527	0.824301
2830.328613	0.811001
2832.483398	2.72725
2833.853516	1.15627
2835.663818	2.17011
2839.105225	0.795924
2840.547363	7.14105
2843.551758	8.79353
2844.731201	3.78786
2846.262207	0.284339
2847.187256	0.195599
2848.396484	0.328094
2849.932129	1.71858
2851.841553	1.89118
2853.997314	1.77339
2855.363525	0.53547
2856.728271	0.888654
2857.487549	0.208982
2858.252441	1.0378
2860.561523	1.4924
2861.250977	0.183391
2865.057617	1.59307
2866.234863	0.0811073
2867.049561	1.19856
2868.124756	3.37113
2870.508057	0.279328
2871.163330	0.0433965
2871.970459	1.09286
2873.851318	1.05774
2881.741455	16.3678
2885.520996	10.1882
2886.499023	1.62613
2887.946533	0.163479
2888.853271	0.403244
2889.909424	3.9956
2892.008057	1.10943
2893.589844	2.42949
2896.995361	7.60356
2900.729736	33.6116
2901.907227	12.0621
2904.072510	1.88003
2905.035645	5.19616
2907.589355	8.40347
2911.325195	0.683987
2916.816650	53.4561
2920.239258	125.376
2927.117676	13.9957
2933.514893	13.8933
2935.594238	1.3414
2936.493408	0.0268815
2937.692627	0.879234
2940.014648	4.70154
2944.065430	9.92738
2946.005371	0.991153
2947.757324	3.35104
2949.038330	1.67847
2952.545654	13.1931
2961.931885	3.4938
2964.404785	2.55886
2965.617676	1.81021
2966.516357	1.70571
2967.655273	1.66056
2968.702148	0.709127
2970.088135	6.37906
2975.991943	5.84343
2977.281006	1.81424
2979.307861	0.158713
2980.278076	2.09344
2981.615967	5.73899
2983.605957	1.54148
2985.090332	8.53892
2989.899658	2.58145
2990.916748	1.57427
2992.197021	3.91843
2993.992676	0.32405
2994.973877	1.56456
2996.367676	1.34814
2997.148438	6.11526
3000.184814	2.82381
3001.776855	1.26446
3003.767578	0.736008
3004.858887	1.19076
3005.674316	0.385288
3006.886475	0.622694
3007.777100	0.0154763
3008.382080	0.00562975
3010.190430	0.275703
3011.576660	1.10909
3012.530029	1.16023
3013.310791	0.661229
3014.786865	1.12968
3017.199219	1.37288
3018.535400	2.92354
3020.486816	0.025024
3022.480713	2.94326
3024.692627	12.3235
3027.104248	6.23465
3028.777588	3.35415
3030.784180	1.03562
3032.025391	1.02744
3032.628906	0.0869994
3033.207764	0.659075
3034.227295	2.49533
3035.133057	0.937153
3036.430176	0.865356
3037.456787	0.287343
3038.517822	0.712932
3042.651367	1.43962
3044.931396	13.0707
3046.311035	13.9827
3050.733887	15.19
3054.824707	0.35673
3056.500488	2.42353
3057.588379	8.38833
3060.090576	120.947
3067.344482	16.9559
3071.198242	29.0134
3073.112549	3.72268
3074.524170	15.0371
3077.202881	24.1024
3084.447266	2.45424
3087.809326	15.6053
3088.912354	1.04472
3090.135498	4.44664
3091.538086	59.1289
3103.681152	30.1357
3110.517578	14.3076
3112.646729	2.50192
3114.490234	0.828272
3115.678955	0.287544
3117.253418	0.670128
3118.250000	0.585731
3119.378662	0.454327
3120.458496	0.224538
3122.804443	0.490193
3124.163330	1.60154
3125.291504	1.08482
3126.094727	1.89898
3127.531494	0.639779
3128.380127	0.49463
3129.622314	5.76209
3133.550049	33.8101
3138.978516	27.5921
3140.642578	3.39304
3142.538574	21.2849
3150.604980	14.7007
3152.528076	29.0139
3157.638184	1.26591
3160.106201	0.414974
3162.777588	3.41197
3164.779053	5.28539
3166.029297	6.20241
3168.086182	6.78022
3170.314209	4.24819
3172.199463	32.9785
3177.351074	38.169
3180.950439	5.82315
3183.135498	15.6936
3190.954102	74.0102
3194.604248	11.2286
3196.376221	6.24187
3197.895752	38.8913
3203.657471	13.1181
3208.468018	19.0738
3211.952148	60.4189
3217.962402	13.4576
3223.318604	8.03877
3224.625732	25.7036
3231.533203	95.5449
3237.200195	35.4085
3241.152832	16.4126
3244.535156	22.8098
3248.342285	12.4827
3250.729004	1.88487
3252.411865	5.61727
3256.620850	6.79334
3258.325195	39.412
3261.393799	0.169606
3266.069580	56.6522
3271.866699	41.9932
3284.490967	69.2239
3289.518555	26.7907
3292.315918	2.98345
3293.364014	1.03366
3296.841797	125.812
3304.875977	8.28657
3309.022461	80.8765
3310.877930	151.721
3319.718018	40.7536
3321.338135	1.52452
3322.937744	3.84384
3324.953857	6.34786
3327.199707	23.7821
3328.401611	78.2941
3334.335938	3.91993
3336.115723	4.65741
3337.419434	2.0396
3339.825684	15.0089
3345.882568	10.4237
3350.485596	31.8231
3359.715332	5.08279
3362.514893	1.37933
3363.617188	0.977915
3365.686523	1.24045
3367.280518	0.987158
3369.318359	0.29292
3371.414551	3.07318
3375.876953	2.66621
3377.633789	8.48782
3380.550537	26.7561
3385.080566	21.2917
3386.423828	0.112326
3387.427246	0.444748
3388.580811	2.19713
3392.386475	12.0143
3394.254883	1.00053
3396.389404	36.5625
3403.175781	9.08765
3404.865479	5.68217
3407.104004	3.76075
3408.711670	9.70507
3411.205078	47.0599
3416.077881	9.92245
3417.082520	6.0418
3417.888184	7.60198
3419.297119	1.61543
3421.732422	13.1366
3424.016113	6.01556
3425.688965	7.63875
3427.733643	15.133
3433.541504	0.601385
3434.752686	0.660472
3437.871582	11.6155
3441.096924	25.4514
3444.270020	12.7456
3446.014648	25.2707
3453.000000	35.7304
3454.183594	11.8749
3456.314453	2.70679
3458.973633	27.3102
3466.122559	80.5513
3471.334229	2.89688
3473.586426	10.5489
3474.920654	22.2165
3479.956787	0.938124
3482.800537	27.0335
3487.749023	4.58105
3489.441162	6.86985
3491.036865	4.22578
3495.032715	17.9534
3500.819580	29.3388
3506.035889	5.50508
3506.931885	0.0576984
3509.995361	23.7534
3520.093994	20.7391
3521.255371	18.1253
3528.490967	97.4509
3533.738770	6.85866
3535.101318	0.891035
3535.945557	0.724909
3537.695068	5.59632
3539.770752	6.32334
3541.483643	9.2674
3543.356934	11.4716
3548.277832	14.1336
3552.427246	163.359
3558.171387	40.484
3569.633057	393.415
3577.566895	59.5776
3582.572998	48.6422
3586.161377	64.5224
3588.138916	278.636
3600.812988	64.6222
3602.449219	5.45981
3603.647461	3.23691
3604.499268	6.12141
3607.411133	16.1527
3608.606201	36.1979
3612.252686	103.748
3616.692139	16.5136
3624.050293	310.961
3626.863770	50.7167
3629.478027	12.4136
3632.139648	40.7579
3636.667969	5.13082
3642.953125	336.03
3649.595703	1044.23
3657.372314	28.368
3666.826416	2290.62
3674.706787	0.832944
3684.181641	2258.66
3698.889893	22.7415
3703.717773	191.651
3706.975342	36.615
3710.412109	7.19904
3712.357666	13.197
3714.366943	2.29255
3716.761230	8.03802
3718.683105	6.95003
3720.576172	5.89844
3721.776611	2.33062
3722.454346	11.9307
3724.638672	11.2286
3725.144043	0.190438
3726.075684	11.6232
3728.493896	5.66689
3730.440430	18.5833
3732.426025	2.59339
3733.654785	2.63271
3736.475342	17.2514
3738.423096	4.18135
3741.046387	124.453
3748.251465	14.2056
3749.480469	38.6675
3752.875488	10.7466
3753.747070	0.979272
3755.010254	3.65687
3759.048096	161.927
3764.967041	341.889
3773.193848	2.17159
3780.549316	313.817
3782.486328	400.133
3789.757080	73.3431
3799.796143	429.524
3807.319336	1.05807
3810.186035	27.7775
3816.559814	83.6616
3818.576416	169.921
3829.138916	9.76713
3830.372070	8.91853
3832.778809	4.75807
3837.234619	520.271
3854.703857	128.922
3859.948730	36.925
3863.082275	16.2526
3864.560547	6.16577
3867.541992	24.3206
3872.068848	4.98951
3875.209229	34.359
3876.486816	7.11948
3878.388428	1.16763
3879.432373	13.2668
3884.085205	27.3891
3888.380859	24.6484
3894.446045	61.975
3901.133057	42.2008
3904.984619	3.86809
3907.012695	5.30436
3910.648438	50.444
3915.410645	54.0901
3918.902588	18.8116
3919.841064	21.7681
3923.501221	34.0362
3927.387207	2.35996
3928.786865	0.0713755
3929.474121	1.01143
3931.708984	2.91259
3934.505615	3.98435
3938.378906	3.20155
3940.428467	7.30263
3941.744873	3.65532
3943.640625	23.0983
3947.398438	0.529313
3948.409668	31.8573
3954.927246	2.93653
3956.932617	9.97778
3958.512695	8.33539
3960.517578	0.670728
3965.182617	34.7973
3967.292725	0.310943
3968.870117	51.1055
3972.495361	50.1112
3981.126953	3.43447
3982.671387	13.2167
3984.534912	24.3773
3986.363037	36.3935
3991.243408	30.3483
3995.964600	9.97339
3998.625488	3.93706
4000.937988	27.3457
4005.197998	32.2629
4009.978271	39.4417
4013.066406	8.97345
4014.407227	5.83743
4016.810303	2.1584
4018.771729	0.980558
4021.031738	46.3765
4027.876709	26.59
4031.698975	8.52892
4033.304688	5.1048
4034.363281	2.05195
4035.756592	0.853389
4036.995361	7.29711
4037.983887	19.662
4040.501709	3.12745
4043.147217	4.93379
4044.197510	12.7683
4052.024658	25.1254
4053.704346	0.481512
4055.825684	24.1966
4058.713867	3.21593
4061.550781	53.9982
4065.535889	0.758526
4072.697998	39.4061
4074.848389	21.9934
4079.027588	16.0408
4082.593018	0.344555
4085.137207	45.1828
4089.770264	17.8403
4092.077393	4.02021
4093.741455	7.15076
4096.255859	3.94877
4098.234863	25.9864
4103.420898	48.3539
4107.753418	216.505
4115.159668	72.3583
4122.014648	122.252
4125.156250	5.64818
4126.869141	9.62902
4129.452637	5.50961
4131.251465	25.1208
4132.816406	169.869
4142.998535	62.6157
4148.405273	437.962
4150.717285	376.584
4158.168457	1.43321
4166.212402	1660.64
4172.700684	21.2771
4175.153320	62.5276
4189.337891	289.909
4192.154297	248.743
4204.461426	125.867
4207.957031	53.072
4211.762695	30.3474
4214.723633	2.25691
4215.877930	3.90102
4217.506836	17.669
4219.719238	6.32527
4222.193848	51.104
4223.254395	19.5936
4226.829590	14.4541
4228.492188	1.75355
4229.844238	20.3664
4231.837891	87.2894
4236.248535	1.70642
4237.784668	1.85517
4241.481445	139.964
4246.700684	173.234
4247.904785	44.1542
4250.530273	23.8944
4251.659668	304.547
4266.866211	1213.31
4281.125488	139.062
4283.702637	22.1592
4285.318359	276.083
4289.497070	5.21855
4292.353516	81.6065
4299.185547	0.363137
4300.673340	3.94687
4303.329590	3.26781
4305.490723	1.1401
4308.181641	8.78955
4316.610840	8.38356
4321.191895	11.9093
4326.704590	17.2953
4330.653320	20.3836
4332.708496	1.9305
4336.082031	19.032
4338.230469	3.07562
4339.875488	3.99132
4340.928711	7.57308
4344.502441	10.0696
4349.075195	0.36583
4350.881348	5.25591
4351.789063	0.308268
4352.922363	2.7892
4355.308594	96.1936
4362.814453	30.011
4367.812012	6.01775
4369.281738	0.73358
4370.630859	0.641491
4372.707520	10.0497
4377.014160	23.8181
4381.446289	21.2053
4386.874512	68.6791
4393.516602	19.8819
4395.358887	16.0661
4400.145508	0.806818
4400.958984	0.640929
4402.478027	2.64678
4404.987793	2.48013
4408.943359	22.9102
4410.732422	66.757
4416.473145	0.269037
4419.033203	2.80305
4422.072266	41.5665
4425.997559	58.8329
4430.687988	1.73527
4435.898926	60.4837
4437.609863	36.3927
4443.272461	32.6335
4445.528320	7.31253
4447.800293	10.0137
4450.117188	38.4704
4456.533203	11.1075
4457.219727	1.07716
4459.036621	11.1785
4461.674805	10.0742
4463.149902	2.32837
4463.958008	18.717
4468.061523	0.361448
4471.652832	18.0965
4474.547363	1.49171
4475.790039	2.19365
4477.935059	0.958393
4479.087402	14.3307
4483.544922	1.21624
4485.996094	2.56335
4487.936523	5.34893
4488.968262	3.00799
4491.741211	4.03986
4493.041016	1.10445
4494.088379	1.7592
4495.338379	0.698618
4496.857422	1.2177
4499.347656	1.64746
4501.147461	0.945453
4502.383789	1.4125
4503.826660	2.41546
4505.137207	5.24352
4507.718262	1.08262
4509.397461	2.33255
4516.612793	21.7095
4519.405762	7.75747
4521.420410	26.3909
4526.115234	21.2263
4528.352539	1.50398
4532.517578	26.6197
4537.138184	16.6934
4540.276855	1.1406
4541.622070	7.7496
4543.916016	2.00527
4546.368652	1.21249
4547.726563	0.500064
4554.528809	124.184
4561.361816	15.0861
4564.582031	22.8206
4568.285156	68.3257
4572.001465	6.55198
4573.498047	42.0804
4576.980957	0.194332
4580.708984	74.5028
4585.541504	8.37372
4589.187012	1.63562
4591.038086	10.5985
4595.912109	22.449
4599.117676	1.3476
4600.875000	1.02683
4601.870605	0.802517
4603.144043	1.3741
4605.100098	23.7874
4609.180664	4.37516
4610.990234	0.732127
4616.113770	202.039
4618.931152	130.766
4633.168945	637.603
4636.487305	187.712
4640.959473	2.37016
4642.419922	5.67568
4643.821777	9.06658
4646.660156	31.3457
4651.727051	830.124
4661.594238	32.8331
4669.316895	53.1121
4672.612305	46.8666
4677.232422	4.73116
4680.016113	2.09875
4682.764160	6.47095
4684.808594	12.2605
4689.112305	28.1453
4693.037109	4.73397
4695.747559	27.4456
4701.532715	10.4599
4704.111328	6.03217
4706.592285	6.98979
4712.734375	105.297
4714.774902	76.5223
4719.591797	8.00623
4720.815918	3.9293
4722.582520	1.3204
4724.992188	12.5738
4730.896973	566.503
4735.083496	118.546
4740.468750	5.59526
4748.894531	1527.01
4758.472168	98.9396
4766.577148	1044.13
4774.609863	137.424
4786.886230	62.8946
4788.620117	6.14911
4789.927734	5.51558
4791.985840	4.65962
4794.456055	51.4114
4799.927734	0.859387
4802.818848	9.37415
4804.334961	32.5838
4811.530762	20.3255
4817.985352	52.7671
4820.199219	1.55696
4822.035645	6.7648
4823.094238	3.32021
4824.340820	9.06939
4827.041504	8.38748
4829.649902	1.88677
4831.278809	18.0664
4835.170898	0.584538
4836.155273	2.71796
4837.884766	1.50801
4838.942383	0.395152
4844.513672	86.6502
4846.431641	15.0793
4848.754395	68.3782
4854.374023	1.34135
4864.632324	101.998
4866.334473	46.9542
4870.598633	2.55931
4873.046387	2.45431
4875.825684	10.0464
4876.998047	2.90434
4878.307129	8.21767
4881.140137	0.738504
4883.637695	8.25804
4887.713867	1.34149
4890.324707	29.3679
4895.433594	6.62142
4898.082031	11.8151
4900.702148	8.40672
4902.981934	4.72291
4904.839355	4.11296
4908.215820	6.01299
4911.255371	39.4431
4915.503906	3.72809
4918.743652	16.8836
4923.442383	2.84252
4926.180664	1.1077
4930.877441	56.1963
4934.021973	3.0324
4935.154785	16.1506
4939.362305	8.0821
4942.426758	1.44874
4943.203125	1.02046
4944.806641	2.40484
4946.877441	0.38174
4948.814453	5.19635
4949.781738	0.0842875
4951.238770	0.806139
4953.016113	1.49605
4954.497070	7.79422
4956.494629	12.0292
4958.793457	16.2734
4964.628906	10.6351
4966.627930	6.45984
4968.905762	42.0593
4978.099609	117.519
4982.064941	5.45858
4984.931641	22.3882
4988.798340	9.51159
4990.098145	2.82565
4994.361328	46.5024
5001.658691	6.36378
5003.895996	3.32731
5006.117188	2.52373
5008.748535	0.168601
5011.541016	3.70651
5013.419922	1.7794
5014.703613	1.41832
5017.285645	10.929
5018.916016	0.622234
5021.049316	3.19111
5022.816895	39.0285
5030.310547	13.2723
5031.941895	6.05262
5034.144043	4.83806
5036.430176	18.9041
5043.302734	2.87946
5044.958496	5.92294
5047.650391	2.48999
5050.715820	23.1862
5054.729492	5.14414
5058.547363	17.2089
5060.356934	7.61433
5062.107910	13.229
5064.400879	0.828116
5068.164551	112.765
5076.597168	12.5483
5079.431641	3.338
5081.452148	1.97925
5083.401855	3.9523
5084.107910	1.64993
5087.727051	34.6017
5089.650879	3.61066
5091.688965	8.70433
5094.422363	1.56965
5096.096680	2.76747
5097.144043	2.2328
5098.694824	0.467302
5099.937012	4.31885
5102.649414	0.765852
5104.906738	39.5835
5108.611816	10.7317
5110.449707	15.7583
5113.411621	5.79719
5115.478027	3.48311
5117.365234	1.53175
5118.773926	2.42941
5120.112305	1.36908
5121.899902	9.82391
5125.694824	13.4976
5129.124023	0.383804
5129.911621	0.122116
5130.777832	0.0939615
5131.625488	0.374448
5133.178711	8.07485
5142.735352	69.9335
5143.947754	13.55
5147.086914	4.1234
5148.610840	37.3066
5152.540527	0.20876
5157.889648	6.08491
5158.999023	1.08195
5161.160156	29.8932
5162.905762	16.0831
5165.953125	13.4723
5169.571777	1.82771
5171.966309	3.54636
5174.108887	7.6523
5178.539551	24.0985
5182.208984	1.55436
5184.031738	4.45356
5187.130371	6.0821
5190.629395	4.09707
5192.824219	2.2018
5193.548340	0.308487
5195.178711	1.90377
5197.888672	60.2295
5203.214844	83.728
5208.257813	21.5158
5209.869629	7.45248
5211.260254	58.9461
5217.183105	19.5395
5218.877441	3.63123
5220.303223	0.234815
5221.536621	4.88759
5223.811035	4.75785
5224.958984	0.523978
5226.051758	0.892533
5227.190430	5.98176
5230.058594	21.0242
5234.265137	6.55158
5235.701660	13.5622
5238.883301	13.0514
5241.274414	9.69038
5243.612305	9.6351
5244.946289	1.82376
5246.225098	2.22092
5247.441406	4.69958
5249.250977	17.5673
5251.532227	9.98694
5254.226074	4.18451
5256.942383	9.30781
5258.484375	2.56672
5259.349121	3.54398
5261.041504	3.03512
5263.276855	3.83531
5265.502441	25.3316
5267.276367	40.8989
5274.505371	17.9448
5278.837402	110.605
5283.780273	21.8872
5285.777832	7.42062
5287.692871	69.2302
5293.661621	45.9799
5298.643555	9.21241
5300.623535	2.35853
5302.581055	22.1497
5304.083984	64.2156
5311.560059	49.5497
5317.818848	22.2348
5319.970215	11.0183
5322.227539	4.01805
5325.158203	26.1916
5327.335449	127.727
5338.230469	41.9044
5342.370605	269.385
5349.603027	3.89516
5351.818359	10.7082
5354.362305	10.034
5357.288086	61.3157
5362.107910	12.5439
5366.694336	5.02409
5368.850098	2.77388
5371.487305	6.95666
5375.766113	63.6889
5380.416504	0.969951
5383.887695	52.2443
5389.070801	9.96111
5393.345703	1.09885
5395.066406	3.61054
5396.314453	3.01935
5398.307617	2.22973
5401.345703	0.666743
5403.008789	2.54579
5404.090332	4.68473
5408.055664	11.8331
5411.262207	9.44007
5412.942383	3.83331
5415.304199	5.68731
5416.862305	2.56351
5418.395996	12.6955
5421.260742	1.77079
5424.547363	5.91498
5426.673340	8.89508
5428.977051	2.43195
5431.266602	9.27586
5439.435059	22.054
5440.924316	3.44725
5442.607910	41.0621
5448.578613	5.16866
5449.633789	0.742288
5451.080566	1.16472
5455.952637	18.4032
5457.921387	0.36484
5458.958496	0.0708736
5460.442383	1.88394
5462.027832	4.78004
5463.939453	6.8342
5467.044434	5.86249
5469.042969	2.63079
5471.249023	20.0829
5473.441406	9.30945
5476.257324	1.40363
5479.748047	37.4674
5485.814453	24.2284
5488.382324	34.7983
5492.390137	4.70797
5495.576660	54.6043
5500.795898	10.9822
5506.547363	8.61931
5512.376953	50.6108
5515.844238	13.3195
5519.736816	10.5833
5521.940430	3.60352
5523.753418	1.2549
5524.528320	2.3711
5526.513672	14.0123
5531.605469	4.06212
5533.042480	2.18456
5533.862305	3.53062
5535.798340	0.600118
5537.108887	0.0205813
5538.126465	0.971536
5540.273926	1.313
5542.100586	5.86629
5544.623535	3.65485
5547.046875	2.9305
5548.109375	4.16049
5550.547852	4.45771
5553.975098	82.6759
5561.581543	13.483
5564.196777	9.08091
5565.576660	5.82971
5566.822266	29.0798
5571.207520	8.53787
5572.047852	0.190462
5573.410156	6.39222
5576.204590	5.60373
5579.590332	3.72978
5581.808594	1.6472
5584.238281	12.4539
5590.250977	7.95773
5592.000488	19.2144
5594.459473	6.85548
5597.655762	2.05975
5599.416016	16.4017
5607.638184	34.1225
5611.814941	3.40213
5613.933594	7.64158
5616.754883	12.9446
5620.657715	10.5637
5623.207520	4.37298
5625.905762	2.54155
5628.625000	12.1692
5633.348633	1.86598
5644.172363	61.4841
5646.464844	14.5396
5651.903809	15.6537
5659.663086	41.7825
5660.808594	0.285306
5661.869141	5.67324
5664.191406	78.8143
5676.548828	32.0717
5678.959473	5.62486
5681.024902	25.7909
5689.073730	88.044
5695.096191	32.0539
5700.155762	12.5888
5704.152344	8.66157
5707.498535	15.4393
5710.488281	2.20009
5712.839355	14.1012
5717.078613	16.2977
5719.080078	2.01044
5721.270508	0.445634
5722.263184	0.505386
5724.080078	0.24032
5725.593750	1.1688
5727.588379	8.36866
5731.095215	9.82871
5733.513672	3.8346
5735.451172	0.345615
5737.769531	12.5813
5743.216309	2.35235
5748.386230	3.176
5750.445313	42.6564
5758.129395	38.2551
5759.719238	19.6411
5770.433594	39.2116
5775.263672	1.88665
5777.672852	12.457
5779.419434	0.659404
5780.705078	4.08242
5782.480469	4.97643
5784.610840	7.59191
5786.465332	0.134555
5787.737305	8.88153
5789.999023	21.2314
5792.208496	1.47385
5794.847168	69.5634
5800.264648	0.229934
5802.566895	0.239428
5804.432129	6.44343
5806.613770	10.3245
5807.904297	2.31044
5810.048340	43.2249
5814.294922	5.64388
5817.053223	2.42632
5818.817383	2.65971
5825.020996	9.34499
5826.907227	4.55051
5828.319336	7.19998
5830.857422	2.53339
5834.579590	34.0429
5839.535645	4.7911
5842.525391	4.72384
5844.909180	3.13948
5848.040527	5.58725
5850.440918	6.19804
5852.865234	1.82623
5855.598145	7.2009
5859.603027	3.03831
5861.385254	16.8853
5867.030273	11.0027
5869.311035	0.945022
5870.685547	1.34269
5872.187988	1.30841
5873.707031	1.0176
5875.613281	1.69269
5878.173340	1.52023
5880.777832	2.02919
5883.235840	1.87204
5885.924805	3.03894
5888.175781	6.08044
5891.829590	4.12074
5895.813965	42.3081
5904.958984	50.9721
5911.055176	10.4537
5912.659668	1.02854
5913.670410	2.10354
5916.486328	6.47441
5918.724121	9.9807
5923.996582	57.0651
5926.768066	0.344879
5928.456055	10.7334
5935.513184	7.92078
5937.741699	15.956
5942.571289	4.98957
5944.272949	12.9647
5949.368164	0.544842
5953.045898	44.5756
5962.635254	35.5539
5966.562988	4.76278
5969.439941	40.6848
5970.875977	13.3695
5974.666504	55.6094
5989.184570	170.508
5991.081543	71.3847
5996.719727	0.798544
6000.116211	24.4901
6002.656250	20.4948
6006.506836	47.1594
6014.056152	368.971
6019.979492	11.5587
6021.545898	64.4213
6029.630371	100.122
6031.603516	12.2439
6034.375488	164.601
6042.196777	0.352128
6048.525391	233.901
6057.735352	12.101
6065.758301	9.50235
6067.631348	3.9947
6070.170898	4.99996
6073.041016	4.10527
6074.468750	0.984914
6075.896973	1.19757
6078.292480	2.67253
6081.287598	1.59125
6085.813965	92.3891
6093.863281	24.7436
6096.513672	5.54017
6099.038574	3.03657
6100.769531	1.3643
6102.205078	5.00709
6104.326660	18.1665
6111.959961	30.6296
6117.025391	30.6435
6124.348633	65.9444
6130.721191	35.5326
6134.891113	12.1489
6137.614258	1.28255
6139.391113	10.079
6143.766113	9.49634
6145.991211	2.50788
6148.104980	0.628756
6150.084473	4.99138
6153.960449	2.80471
6156.498047	5.04811
6158.791016	1.72983
6162.096191	21.7729
6167.462402	17.803
6169.574219	2.13939
6172.958008	2.98646
6175.789063	2.71432
6177.951172	2.04058
6181.085449	0.736967
6183.382324	1.07722
6184.944824	2.34145
6190.348145	27.9448
6195.843262	25.7437
6198.002930	10.0729
6200.873047	2.2241
6204.358398	4.50377
6209.301270	15.884
6219.202148	17.1833
6223.840332	26.5502
6229.901855	43.5008
6234.998047	6.9479
6237.136719	0.970844
6240.358887	3.15
6241.815918	2.77983
6244.492676	4.49901
6245.937012	3.20586
6248.887207	3.67913
6251.383301	3.16466
6253.518555	1.23056
6254.851563	2.69415
6257.161621	3.33623
6258.526367	0.912368
6260.109375	1.90973
6261.686523	0.291308
6263.178711	1.31838
6264.582031	3.89453
6268.447266	4.02221
6271.364258	23.7092
6273.411621	28.1178
6281.978516	36.6592
6287.611328	27.6094
6289.918457	3.46127
6292.563477	46.5791
6298.932129	24.941
6306.721680	63.4174
6312.491211	17.811
6316.888184	11.056
6320.042480	0.659061
6322.845703	5.09984
6325.157715	1.46582
6331.844238	105.219
6340.289551	65.2298
6345.691895	13.2294
6353.493164	35.1209
6355.384766	18.0756
6358.927734	2.41883
6361.217773	3.59401
6362.859375	1.41959
6366.106445	4.06892
6368.281738	20.4701
6374.241699	23.5212
6380.377441	22.054
6384.982910	12.6067
6392.661621	23.9241
6397.091309	0.149871
6402.100098	17.5009
6407.905273	26.9059
6416.805176	8.29508
6419.158203	6.84467
6422.618652	14.6944
6425.893066	4.95708
6427.581543	15.0321
6432.377930	23.9073
6434.398926	3.48656
6436.393066	1.20031
6437.229492	1.35359
6440.717285	14.6893
6443.195313	7.1248
6445.628906	3.889
6452.086426	37.146
6454.177246	16.3718
6458.542480	5.06422
6460.557617	24.181
6465.197754	0.783767
6469.477539	52.8744
6474.483887	0.632569
6479.217285	50.5101
6485.175781	211.351
6489.854004	84.7476
6497.636230	130.294
6501.947754	150.077
6507.024414	148.879
6517.724609	69.7563
6521.938965	102.639
6528.915039	0.453613
6532.926270	30.6587
6537.403320	12.4012
6539.572266	9.6458
6542.585938	26.1994
6547.156738	2.72137
6549.773438	2.05088
6556.968262	37.5003
6558.654785	55.3732
6563.457520	0.949762
6565.861816	12.9853
6568.241211	24.2428
6570.503418	38.3069
6578.679199	68.3556
6583.990723	30.2048
6587.044922	46.6146
6595.618164	24.9035
6599.008301	14.9033
6604.694336	7.06455
6607.074707	1.49746
6608.700684	1.53865
6610.161133	1.04061
6611.862305	0.611742
6615.015625	1.78891
6618.291504	22.8843
6623.911621	3.73121
6626.246582	2.96336
6628.904297	4.54391
6631.895996	5.21412
6634.460449	16.014
6639.414063	4.21188
6642.169434	0.245725
6644.187988	0.754592
6646.320313	6.46337
6649.641602	8.47411
6651.935059	9.37963
6656.590820	19.2462
6658.841309	2.37158
6662.551758	10.0429
6671.805176	9.11614
6674.783691	4.93743
6677.561035	5.74553
6679.818359	13.5475
6689.398926	30.7365
6694.494629	1.02643
6697.332520	1.39081
6699.491211	1.15166
6701.076172	2.91594
6703.158203	1.66759
6706.492188	1.27831
6709.031250	4.62706
6711.268066	3.08095
6714.589844	10.5415
6717.277344	5.51362
6719.776855	10.3034
6728.847656	70.3767
6738.363281	8.62404
6740.737793	9.21645
6743.332520	1.84492
6745.987793	2.15762
6747.992188	2.93213
6750.126953	27.7837
6757.903809	11.1858
6760.147949	3.59032
6762.945801	7.81836
6769.822754	6.92382
6773.955078	0.993002
6776.032227	0.9302
6778.353027	1.15745
6781.428223	4.39605
6783.694336	4.61463
6786.892578	1.8289
6789.470703	9.73975
6791.774902	0.832449
6794.263184	1.58675
6796.683594	10.889
6803.008789	12.2684
6808.099609	36.563
6812.174805	0.0910621
6813.934082	0.955912
6817.202637	8.24252
6818.529297	1.78069
6820.267090	3.38493
6824.938477	8.28926
6829.272461	0.904506
6831.380371	11.9697
6840.239258	0.427701
6843.253418	1.51964
6849.305664	9.47114
6852.912598	9.19048
6855.779297	4.08876
6857.329102	5.964
6861.544922	12.0123
6865.319824	24.8968
6869.666016	2.68433
6872.640137	3.76255
6874.488770	16.9871
6881.557617	30.7317
6883.215820	0.724714
6884.885254	1.00046
6887.475098	41.3387
6900.421875	39.5774
6903.395508	0.901102
6905.005859	1.23053
6910.144531	28.2659
6916.845215	17.6289
6922.152832	15.1126
6924.634277	26.3067
6931.672852	73.3019
6934.168945	17.0969
6937.620117	2.92073
6940.361328	36.6919
6942.772461	6.03912
6945.763184	9.23073
6947.969238	25.7431
6957.714355	102.709
6963.560059	5.7816
6965.659668	7.52448
6967.712891	19.1974
6972.422363	38.1678
6979.479980	15.9727
6982.542480	15.2711
6985.824219	12.687
6989.323242	48.0419
6995.424805	6.67316
6997.787598	5.24319
7002.286621	70.3616
7007.602539	1.56064
7011.456055	74.7265
7016.302734	15.4305
7019.068359	35.8387
7026.299805	22.7496
7029.353027	15.4312
7031.207031	17.2432
7035.662109	41.6174
7040.339355	30.8674
7049.826660	20.4885
7054.160156	34.519
7056.319824	3.31329
7058.795898	58.6463
7064.030273	0.972994
7066.065918	12.3939
7070.732422	13.2089
7076.881836	78.423
7081.872559	13.2406
7087.626465	0.260415
7094.011230	58.4732
7103.421875	7.46397
7107.713379	22.3771
7110.923340	16.3871
7114.302734	6.64502
7115.709473	0.612044
7117.422852	3.34673
7119.172852	0.163959
7120.908203	0.709327
7123.336914	1.69473
7125.198730	1.48187
7126.538574	0.0442972
7127.671875	0.0259306
7128.679688	0.24056
7131.549805	19.876
7142.179199	14.2194
7155.010742	53.2093
7156.469727	50.0182
7163.662598	69.2509
7168.815918	2.42085
7171.555176	2.40059
7173.957031	0.177434
7175.732422	1.52909
7178.371582	4.86374
7181.070801	11.5826
7183.910156	14.8148
7185.828613	7.32865
7189.181152	39.334
7200.021484	7.50391
7201.889160	1.36414
7204.114746	0.704421
7206.389160	17.9241
7210.762207	3.22037
7213.124023	4.32053
7215.978516	32.2611
7223.950684	73.9172
7228.077148	1.99142
7230.066895	3.23585
7231.102539	1.77893
7233.009277	2.27865
7235.296875	3.97343
7239.104004	21.2071
7245.313477	8.4889
7250.269043	2.52663
7255.514160	6.35868
7263.567871	26.9651
7271.624023	33.0152
7275.217285	0.114862
7276.698730	0.728172
7279.099121	1.83906
7281.428223	3.17421
7284.440430	6.31134
7288.899902	27.5711
7295.461914	23.9518
7308.085938	12.8546
7309.698730	6.35793
7316.482910	29.5609
7320.660645	5.98929
7322.207031	0.760292
7323.858887	3.44153
7326.132813	4.65163
7327.367676	17.9206
7332.096680	12.4652
7339.068848	7.82632
7341.761719	5.41901
7344.292480	7.6297
7350.902832	10.7166
7354.559082	9.08454
7357.371094	4.8762
7360.537109	6.41109
7362.092285	3.05976
7364.817383	8.55257
7368.500977	35.4242
7376.924805	18.4173
7379.847656	8.1687
7382.609863	13.272
7385.738770	1.29736
7388.158203	17.9529
7390.614746	8.60889
7393.560059	8.04679
7399.127441	54.0582
7405.586914	6.73498
7407.870605	8.78721
7409.836914	12.1479
7414.160156	5.307
7417.079590	4.42114
7420.309570	3.21722
7424.152832	2.6308
7427.008301	12.0899
7431.737305	76.4418
7439.177734	10.6691
7442.114258	21.3918
7444.379883	5.60539
7448.938477	7.72623
7451.757324	4.72474
7454.369141	16.1123
7456.799805	21.0291
7465.485840	10.3361
7468.948242	2.42415
7472.294922	14.1265
7478.295898	39.2571
7483.381836	18.7817
7485.758789	4.56723
7487.521484	0.378131
7489.000000	23.8605
7495.783691	2.10103
7499.617188	24.9569
7502.316406	13.6269
7504.765137	20.2474
7509.202637	2.96314
7512.141113	5.5788
7517.375488	5.82407
7520.180664	2.13376
7522.298340	0.74197
7525.183105	12.6465
7528.024414	5.82072
7529.566895	0.380122
7531.019043	3.75111
7533.563477	16.5773
7546.354004	65.1738
7555.046387	3.70424
7564.164063	15.823
7568.393066	18.644
7574.143066	12.5852
7576.038574	3.07559
7577.949707	3.65324
7580.029785	18.2745
7585.290527	1.2782
7587.049805	0.387097
7589.461426	28.6538
7599.385254	111.107
7605.459473	41.2718
7611.104492	16.983
7612.533691	23.1755
7620.215332	11.8027
7623.333496	6.24267
7626.091309	7.5404
7629.333984	17.5821
7634.316895	6.2154
7638.486816	65.4332
7650.723145	128.996
7661.488770	44.2871
7665.856445	14.0541
7668.402344	4.97139
7670.996094	16.5864
7678.186035	45.0155
7686.892578	12.642
7689.720703	1.33201
7692.758789	0.418835
7696.541992	1.91565
7699.939941	0.916164
7701.685547	0.206514
7703.428223	2.45425
7705.133789	0.076905
7707.156250	2.13814
7709.371094	0.945892
7713.773438	1.4945
7715.630859	1.74252
7717.605957	2.24615
7719.796875	2.51439
7723.334961	13.5651
7729.115234	2.9663
7732.382324	2.88966
7734.746094	2.72188
7737.789063	1.89783
7742.988281	0.566408
7746.748535	3.9082
7752.849609	61.2306
7765.408691	7.18702
7769.557617	28.9865
7776.406250	15.2176
7779.115234	3.67741
7781.555176	3.0074
7783.363281	12.7278
7788.376953	4.02022
7790.924316	7.03417
7793.918457	4.64503
7797.009277	11.595
7799.080078	10.6348
7803.511230	34.7433
7816.883301	51.9828
7828.859863	42.762
7838.473633	7.61351
7840.112305	7.74574
7846.480957	12.1981
7850.018066	1.18615
7854.725586	32.0928
7862.272461	25.4698
7867.305664	1.1584
7871.356445	2.90311
7877.666992	20.451
7879.420898	6.79124
7886.231934	7.25745
7888.617676	1.28307
7893.655762	61.0754
7908.849609	50.4652
7913.864746	1.95581
7916.014160	3.16182
7918.512695	9.75109
7923.378906	21.2983
7927.757813	97.7587
7939.282715	42.7717
7946.087402	20.2826
7950.709473	4.26134
7953.198730	18.0025
7961.620117	42.2203
7970.075684	10.5448
7973.513184	0.999772
7976.332520	1.68431
7979.079590	1.15111
7984.486816	4.75892
7990.101563	6.90755
7995.348633	10.3829
7999.604980	16.1085
8001.885254	5.50768
8005.620117	12.3104
8019.012695	5.7035
8021.365234	3.08031
8024.251953	3.30481
8027.015625	19.3553
8037.730957	3.37155
8040.528809	11.7562
8043.195313	1.78722
8046.544922	6.22772
8050.232910	1.48156
8052.906738	1.59516
8056.685059	1.05732
8064.623535	47.4054
8076.590332	29.5297
8083.426758	7.29899
8093.446289	6.08194
8098.025391	0.297201
8099.865723	2.70253
8101.267090	6.51601
8105.139648	6.99549
8107.813965	1.32451
8109.558594	1.22191
8111.447754	2.08543
8113.228516	5.79395
8116.766602	1.03739
8118.683105	2.77666
8121.641602	10.1933
8124.161133	2.70073
8127.941406	3.42035
8135.853027	6.9446
8141.784668	0.376457
8143.658203	2.29113
8144.858887	3.36282
8150.434082	2.25028
8152.289551	0.226621
8155.344727	4.08841
8162.047363	2.52876
8164.613770	1.91038
8167.614746	3.06492
8176.789063	1.03744
8181.033203	1.23378
8184.303223	0.276652
8187.944336	1.01559
8194.052734	1.32768
8200.039063	1.60593
8204.688477	0.744876
8207.166016	0.593791
8210.590820	0.275439
8218.270508	15.6047
8230.052734	6.24461
8234.696289	6.12869
8236.768555	7.18909
8245.870117	8.11029
8249.360352	0.0440078
8251.331055	0.681626
8252.604492	0.112795
8257.618164	1.55535
8259.486328	4.84487
8268.030273	9.45394
8277.952148	15.5022
8285.547852	14.0333
8289.048828	0.358228
8291.238281	6.81714
8300.456055	0.183059
8303.973633	0.10454
8314.008789	29.277
8327.939453	2.05707
8332.674805	12.1464
8342.479492	5.29379
8344.295898	0.688765
8346.530273	0.0614084
8350.385742	0.787797
8357.043945	0.526567
8377.448242	0.448696
8381.057617	0.269655
8383.800781	0.153111
8387.354492	0.620757
8391.301758	0.165537
8393.455078	1.16179
8396.816406	0.379101
8399.601563	0.3308
8402.919922	0.791746
8412.101563	17.9167
8417.713867	3.72295
8418.737305	0.238563
8420.520508	2.12812
8423.413086	0.592755
8426.894531	2.07015
8431.466797	4.51069
8434.169922	2.46334
8437.205078	0.559666
8452.704102	11.8325
8460.158203	0.0406478
8462.177734	0.145441
8465.361328	3.5902
8470.279297	4.99799
8493.750000	4.36682
8499.583984	1.88926
8502.895508	0.94761
8506.310547	0.45037
8508.640625	0.199523
8513.174805	2.17122
8522.565430	9.89731
8529.483398	4.5807
8531.795898	1.15872
8535.591797	0.960828
8537.680664	0.119033
8540.640625	0.192215
8545.969727	0.187759
8549.377930	0.421235
8552.249023	0.0700727
8555.573242	1.31132
8561.148438	1.18064
8569.029297	5.8251
8618.296875	17.4679
8631.200195	0.694767
8633.365234	0.0586024
8634.807617	0.232209
8636.870117	0.293421
8647.449219	2.28475
8655.458984	0.861482
8657.789063	0.00553415
8659.543945	0.476863
8662.503906	0.734762
8665.271484	1.28556
8668.801758	1.00902
8671.511719	0.468522
8674.934570	0.140466
8677.948242	0.601149
8692.531250	0.237669
8695.090820	0.231843
8696.700195	0.265191
8700.611328	0.299708
8703.383789	0.222831
8706.729492	0.133461
8709.395508	0.0210703
8724.886719	0.470187
8737.789063	0.545358
8742.183594	0.348212
8744.992188	0.189111
8748.180664	0.104858
8750.314453	0.0603121
8752.097656	0.0368517
8753.681641	0.0302878
8755.928711	0.0196432
8757.535156	0.0102906
8770.006836	0.215299
8779.856445	17.9006
8787.672852	0.00100036
8792.923828	2.22236
8797.708008	3.47796
8804.891602	0.000243675
8809.888672	0.127775
8813.409180	1.91269
8817.537109	0.0149195
8830.842773	0.00709459
8834.806641	1.41084
8841.671875	4.49685
8845.517578	0.436783
8848.361328	0.779998
8849.919922	0.752565
8852.996094	0.418978
8856.328125	0.253131
8859.114258	0.108637
8864.152344	15.4898
8870.747070	10.9968
8873.442383	1.45339
8877.409180	1.48389
8879.267578	0.394025
8881.127930	0.314855
8883.202148	0.208808
8884.770508	3.61774
8890.437500	0.000769549
8901.307617	0.0100367
8905.145508	1.09437
8910.835938	1.03446
8914.813477	0.90955
8917.273438	5.61334
