TITLE "<<K12_MSMS_8571.0000_1>> 4700 MS/MS Precursor 8571 Spec #1 MC=>AdvBC(32,0.5,0.0)=>NR(2.00)=>SM31=>CT[BP = 3713.7, 5525]" CENTROID
TYPE MASSSPEC
64.992752	28.5792
65.173271	0.00853126
65.654030	7.55621
66.194252	5.27333
66.351402	13.4793
66.813728	4.57271
67.019684	3.23579
67.323418	2.58488
67.523163	0.870334
67.838509	5.61921
68.049248	15.9469
68.554001	2.07677
68.836182	15.0137
69.014137	8.29869
69.857674	5.13058
70.067162	1.13047
70.403961	0.656974
70.836655	13.6291
71.696526	16.4686
72.139214	4.00448
72.351440	2.44062
72.571533	0.490659
72.684563	0.244604
72.879486	0.212048
73.274635	17.8637
76.131630	4.01655
76.958595	5.99368
77.373756	1.4925
77.577324	0.69382
77.735252	1.88034
78.033203	1.89335
78.271622	1.46643
78.546341	0.76023
78.760742	1.99133
79.027504	1.09082
79.265793	12.4194
79.914063	0.674858
80.091621	2.17925
80.267067	3.86064
80.510170	5.44255
80.808426	1.68843
81.112328	16.2247
82.182045	31.7867
83.060905	8.74189
83.877357	6.11722
84.260147	4.01153
84.548637	2.3499
84.834152	1.86968
85.325096	1.58679
85.493736	1.45199
85.661324	0.483294
85.808662	0.475646
86.060173	0.393133
86.211014	0.682851
86.470657	1.55633
86.692818	1.37925
86.868408	4.00823
87.222748	1.68538
87.477951	2.42072
87.783264	0.200675
88.355736	0.731081
88.744270	2.29812
89.121017	1.71187
89.395126	0.767223
89.804932	1.66967
92.155899	1.90558
92.624153	2.32761
92.886330	1.49115
93.067108	0.286271
93.244667	0.560845
93.652763	6.42543
93.920822	1.24793
94.271645	5.75559
95.325844	0.847526
95.636848	0.748619
95.835785	1.39018
95.986855	0.582305
96.060585	0.022593
96.217339	0.312471
96.387207	0.363299
96.549042	0.654348
97.389915	6.75523
97.986847	1.13174
98.300224	6.03285
99.346321	2.07111
99.544823	3.9704
99.892487	9.00857
100.231171	6.96628
100.514687	8.1678
100.814911	3.9352
101.584450	22.3971
102.443451	3.79821
102.649254	6.5621
104.269096	1.10298
104.698128	0.0672068
104.966606	0.582241
105.208588	0.305547
105.453506	5.04743
106.541977	2.10976
107.671448	4.47812
108.246796	4.48818
108.494621	7.7673
108.772903	6.8448
109.268730	17.9981
109.717285	6.45306
110.062057	1.81327
110.273071	0.280689
110.469818	0.766292
110.723000	0.60219
111.411285	109.935
114.972702	0.246555
115.182152	0.450107
117.042831	61.1163
117.481537	13.2742
117.751724	26.2469
118.425323	1.38399
118.606689	1.35861
118.802094	1.23539
119.087524	39.0481
122.730820	30.5034
125.683342	7.79103
126.133781	0.165501
126.300850	0.332291
126.603439	0.293507
126.769104	0.0951566
126.940941	0.104144
127.206818	4.89831
128.621277	1.34836
128.867630	0.463193
129.054810	0.210543
129.316391	0.229606
129.523468	0.164339
129.783432	1.18104
130.467575	0.209444
130.672760	0.0735798
130.919785	0.476015
131.157990	0.412051
131.326324	0.514248
131.495499	0.0838723
131.619583	0.137145
131.798111	0.146404
132.033890	2.10251
133.848526	1.3943
134.242188	0.282755
134.517990	1.99023
135.878387	38.1887
136.858353	26.5243
137.774780	7.42547
138.394119	0.944431
138.689316	0.885004
138.882889	0.703758
139.063004	0.799687
139.355179	0.360898
139.547165	1.30937
141.215714	14.0335
141.524750	3.07329
141.700287	0.622389
141.926834	2.58605
142.199768	3.8756
143.093704	2.17223
143.452271	4.51774
144.059464	4.99478
144.306366	7.67941
144.970169	5.57103
145.274094	1.41513
145.698685	0.794838
146.115280	6.40506
147.110413	31.1329
148.403473	20.2312
149.134521	9.54119
150.259460	1.1965
151.398697	33.7626
152.030884	0.0469917
152.710373	4.19006
153.868576	8.18484
155.309952	0.883356
155.864807	5.61243
156.338913	2.98598
156.575562	0.32579
156.788742	1.11756
157.096527	0.645102
157.282959	0.0313662
158.038147	1.15831
158.830093	0.233047
159.207397	1.59892
159.970230	0.742411
160.293747	0.20072
160.754517	0.147918
161.483994	3.37612
164.607712	5.26962
165.685211	17.2489
166.638840	19.7254
167.404892	4.35403
168.730957	9.60308
170.552521	7.69462
172.068237	1.39851
173.969772	5.68348
175.969711	3.66978
177.385895	1.13439
178.704666	3.98292
183.152222	1.60806
183.934280	3.29683
184.391724	1.76628
184.854813	1.12429
185.235352	0.42324
185.487198	0.105385
185.785568	0.0889443
186.451080	0.452226
186.959579	1.92532
187.703400	1.89844
188.032578	4.95448
190.096146	8.85997
194.111954	11.3983
194.368591	0.170929
194.730255	4.8317
195.209625	4.80489
195.615723	2.03359
196.029633	2.27284
196.421066	0.14412
196.602615	0.0170762
197.031494	2.67484
197.550217	2.3385
197.895309	4.23753
198.757660	2.93564
200.343781	13.0212
206.279968	11.7187
206.683578	0.854771
206.936981	0.674563
207.237762	0.655973
207.479523	0.167629
207.948639	6.70431
208.585068	1.84326
208.779480	0.0791596
209.047745	1.38292
209.502548	3.88266
211.304611	5.0397
211.863037	3.66415
212.312180	1.36393
212.940781	2.64365
215.125473	3.97876
216.169449	3.95063
216.656784	2.41704
217.138046	1.29037
217.627792	0.458935
218.189850	1.07837
218.785843	1.30486
219.142624	0.680557
219.749710	3.14558
219.955444	4.4255
220.757996	9.0265
221.433365	1.51142
221.721420	2.95221
222.290787	0.882373
222.873627	3.27248
223.302475	1.22471
223.697891	11.8821
224.580765	9.6297
224.929276	2.60243
225.498718	1.83748
225.866882	0.340873
226.219757	0.120156
227.322372	11.0199
228.805008	9.52023
229.863617	5.60585
231.293289	5.49826
232.715088	17.7583
233.688507	9.01334
234.014786	4.78908
234.931015	3.36199
235.862946	3.76284
237.330704	6.93125
238.217575	1.92104
239.214462	3.96512
240.539520	13.3947
241.711792	2.29869
242.675812	3.56198
243.565033	0.988458
244.356628	14.912
245.436981	3.2348
245.642075	0.460019
245.928421	1.54614
246.327377	0.371395
246.543991	0.112154
246.860672	0.680467
248.654449	30.916
251.999161	62.2064
254.661575	10.631
256.181824	13.7256
258.943024	3.52838
260.156219	20.923
261.329071	5.128
261.893311	1.35615
262.367218	1.25144
262.636566	0.0714846
263.389679	0.0537404
263.753021	0.110608
264.281342	0.747725
264.643524	0.578845
264.891937	0.170377
265.279510	0.251653
265.575684	0.179296
265.821350	0.0236799
268.252869	0.428354
269.529816	1.91825
270.712341	4.98984
271.250031	2.9571
271.781769	1.41961
272.208557	0.99721
272.553101	0.983518
272.882416	0.260567
273.173492	0.464205
273.462677	0.220782
273.737518	0.321757
274.410980	0.354348
274.822388	1.90267
276.084686	2.00899
277.239594	0.496591
279.754944	0.854625
281.361603	4.51826
283.144989	6.85057
284.058838	11.3775
285.669678	5.14332
286.135651	6.22829
286.689331	2.31668
287.109406	0.277171
287.856293	7.64276
289.332428	2.1861
290.815155	2.9588
292.057251	1.74653
293.526245	7.12993
302.386627	7.94438
304.072357	23.025
305.445740	20.9608
306.419067	1.60305
306.914734	0.772857
307.460938	7.95703
311.383575	15.0388
312.580231	8.13369
313.463562	2.15463
315.638580	4.18565
319.812500	1.29872
320.849243	0.454524
321.630676	0.37708
322.158905	0.249124
322.783203	0.142248
323.250946	0.0235585
324.181610	0.0291499
324.655792	0.09633
325.193512	0.143391
325.512024	0.095414
325.837555	0.0483986
326.249634	0.0484423
326.542236	0.0204872
328.431427	1.821
331.082855	4.26498
332.929749	7.38484
333.692535	2.29525
334.019318	0.273827
334.309784	1.26262
334.800659	0.746969
335.076599	0.567695
335.586578	0.31596
335.876129	0.0392971
336.309082	0.4008
337.186279	16.2071
340.008698	16.3592
342.134979	4.78538
343.809448	0.52151
344.932251	0.674298
345.833527	0.231429
346.424133	6.90778
349.234589	9.39881
349.616577	8.52869
349.921356	14.9689
350.688477	0.564945
351.628540	20.7462
353.326843	14.7115
356.068298	1.1299
359.566833	0.25908
360.650208	0.510248
361.293549	0.307817
361.919586	0.221636
362.521851	0.0771434
363.499176	0.177193
364.486420	2.74551
365.371674	1.80595
366.042023	1.19745
366.541229	3.33301
368.045471	7.37823
368.988403	2.12939
369.231415	0.119476
369.506378	0.915917
370.268555	1.28658
370.630554	0.174912
374.012756	8.68472
375.229248	4.16622
375.972137	1.52986
376.585602	1.32234
377.134186	0.340579
379.796143	4.38973
385.435913	12.6814
388.375153	1.72452
388.894165	1.94169
389.275604	3.44124
389.999634	0.150511
390.255249	0.0742288
391.796265	3.10881
392.770966	7.17011
394.363403	2.78369
394.833740	0.859823
395.443512	4.69959
397.485168	4.56116
398.805634	0.770939
399.922913	0.26148
401.217255	0.504908
401.800537	0.366301
402.279114	0.190959
402.609650	0.498223
403.043060	0.66257
403.397186	0.134947
403.745667	1.36758
404.638367	2.62497
405.076416	0.662566
405.770294	0.205367
406.148865	0.241172
406.510742	0.0721665
406.837036	0.100928
407.341614	0.041484
407.633087	0.0369205
408.477661	1.01181
409.001740	0.156141
409.361908	3.08896
410.093292	1.27683
410.750885	1.71615
411.419525	0.123897
412.363800	4.18528
419.267548	0.78583
419.857574	0.774047
420.213348	0.793777
420.678436	0.16252
421.046631	0.213008
421.541229	0.365586
422.087860	0.0181577
423.005219	0.0152212
423.867096	0.821484
425.049316	1.87695
425.735107	1.02933
426.445068	0.575608
427.066772	0.255122
431.880920	4.0732
433.269226	0.701439
433.691498	0.908251
433.992401	0.83911
434.238892	0.051958
434.537354	0.209899
434.874023	0.257041
435.154205	0.141984
435.573425	0.979984
437.515839	9.4585
439.222107	6.65353
440.482574	0.855825
441.309418	0.249266
441.946167	0.507447
442.385010	5.0262
443.222046	2.0131
443.894318	1.0595
444.600067	0.36093
445.466553	6.2729
450.096893	2.06923
450.616638	0.467808
450.982727	0.374825
451.452667	0.316569
451.876556	0.249111
452.453979	19.0481
454.841614	26.5369
456.162323	0.632458
457.589355	2.50385
458.405060	0.131445
459.200623	1.07906
460.379059	0.616506
461.323608	5.45518
462.136871	5.82215
462.732208	1.64234
463.532745	2.08348
463.972931	0.899659
465.247009	2.39559
465.978210	1.23616
466.702850	0.71686
467.376343	0.309256
467.881561	0.026108
470.215118	0.393989
473.114014	1.53601
475.573029	5.16492
476.978577	2.27095
477.606140	2.67829
478.329590	0.923921
478.992004	0.448447
479.487793	0.0381466
482.464172	9.70102
485.768219	1.29527
487.069397	13.467
489.679077	7.02463
491.447906	4.85664
492.099304	22.5384
495.137726	30.2669
497.349548	9.75004
498.919250	7.77998
500.326447	2.82357
500.797852	0.171179
501.837952	0.208668
502.758453	0.531541
503.266602	0.381951
503.590149	0.135645
504.137390	0.220746
504.541748	0.142183
504.823853	0.0118578
505.218750	0.0425085
509.740143	0.0409651
511.222473	0.957116
512.471802	0.796444
513.277161	2.66665
515.035278	7.64346
516.921875	6.38073
518.587585	0.445864
524.064819	1.14416
525.096313	0.769804
526.016235	0.278976
526.819092	3.88262
528.600586	2.59631
529.393066	8.0947
530.195862	7.59818
531.036072	2.13206
531.867920	2.51634
532.594543	0.251123
533.281311	0.064977
534.124878	0.512586
537.986206	0.282457
539.314209	1.10773
539.872742	0.4402
540.167480	0.115483
540.777527	0.200375
541.167175	0.0695437
541.542480	0.0660191
542.145630	0.0498646
546.479187	0.217117
550.413269	0.823843
551.411926	1.9544
552.375244	2.63916
552.961487	2.58574
553.351563	0.706333
553.833618	1.11065
554.307983	0.608879
555.107300	0.363255
564.863342	12.8726
584.345825	1.29525
585.756653	2.67478
586.550537	1.42707
587.356506	1.19775
588.069031	0.545412
588.595703	0.255809
590.840576	1.27632
592.723755	1.38415
594.142700	0.15851
594.693787	1.95136
596.641479	33.1369
598.569336	32.3501
600.416504	17.162
601.204285	2.85068
601.867310	6.69974
602.651245	2.06858
602.949280	0.156792
603.483948	0.927176
604.025940	0.156598
604.316345	0.046446
604.786377	0.0181778
605.627441	0.0440375
606.850952	1.55845
608.837708	6.86093
609.644043	5.34791
610.454590	2.22359
610.965149	0.256136
611.352600	9.29206
614.886597	19.9506
617.456299	11.2504
619.512146	1.95142
620.730408	3.54132
621.971558	4.03614
622.865234	2.38241
623.690735	1.08145
624.455078	0.537834
625.094421	0.0547511
626.174866	0.911005
630.992737	0.680704
631.558167	0.270737
632.036682	0.790028
632.700928	0.10685
632.977478	0.0653111
633.705017	0.16053
634.345093	0.0221429
638.282227	4.51199
639.982971	1.03745
640.449036	0.965061
640.736023	0.537612
641.456909	0.620164
642.271057	0.584738
643.081360	0.128039
643.683533	0.0133376
646.762817	1.81506
654.332825	0.258344
655.235535	0.621664
655.657959	0.428686
656.044434	0.0606463
656.277771	0.10913
656.713562	0.189789
657.096497	0.0911571
657.648560	0.237485
660.346680	0.443261
661.090820	0.893025
661.539246	0.579636
661.999146	0.309135
662.596069	0.241437
662.988281	0.115148
663.327820	0.0366473
664.036011	0.347222
664.618835	0.255769
664.993042	0.0915843
665.621826	0.142869
666.087463	0.0946685
666.416016	0.00857831
666.705383	0.000144303
668.946350	0.00954313
669.522034	0.0937647
670.291626	0.155081
670.741760	0.106262
671.828430	0.249656
672.495422	4.89248
677.689941	2.9918
679.460571	4.39319
681.234863	6.16911
683.866699	3.12338
684.374878	0.182166
684.694153	0.223774
685.835754	1.93734
686.586670	0.96864
686.979858	0.22904
687.513123	0.671896
688.083191	0.223733
689.320313	41.2185
696.471008	4.26132
698.253357	14.2741
699.387756	25.4458
700.974365	19.7072
704.905273	1.17424
706.053589	6.0569
707.200439	30.873
708.492432	0.0256303
710.633240	19.3389
713.331238	3.5516
714.306641	0.228829
714.989563	2.59447
717.988342	9.82693
720.172791	7.28174
722.009705	1.03062
723.279114	0.340738
733.709900	0.0268365
735.347656	0.69857
736.767944	0.62724
737.589722	2.76951
738.441895	2.56978
739.309143	0.976204
740.143494	0.35064
740.771790	0.0396606
751.466492	3.56256
756.182678	0.0567017
757.028625	0.318066
757.625488	0.191567
758.078125	0.34239
758.705627	0.160976
759.356262	4.49644
761.140930	1.21649
762.792847	22.5126
764.503967	1.5903
766.498718	9.55832
769.594055	2.7955
770.367615	1.7536
771.076477	2.22386
771.572510	0.175
772.008484	1.22725
772.766357	0.698607
773.098755	0.0242737
773.476257	0.0989165
773.836792	0.0266259
774.945679	0.120148
776.492920	0.0720431
778.135681	0.521744
779.494934	0.866149
780.254578	0.39529
780.744995	0.215021
781.353271	1.08851
781.901794	0.836157
782.442200	0.0967156
783.037170	0.170055
783.516968	0.0644532
784.392761	1.88359
790.154297	0.245758
791.717102	0.57242
792.669861	0.220236
793.526733	0.21834
794.437256	0.033575
797.061035	9.22723
800.931946	1.36672
801.552185	2.64344
802.396362	0.935998
804.249390	4.13354
811.101318	0.834776
812.362793	0.16052
812.998657	0.133431
813.415466	0.0476195
814.120667	0.0643817
814.629395	0.0519968
818.557922	3.0819
830.021423	18.6389
837.302856	0.188025
839.341614	7.97575
845.483459	4.41762
850.204712	0.283591
851.374878	0.399528
851.999695	1.08345
852.459106	0.406543
852.754883	0.0211176
853.080322	3.84796
854.603882	1.05208
855.535400	2.42462
855.920166	0.517619
856.433289	1.79037
857.174805	0.346494
857.597839	0.180152
858.932861	0.934871
861.364197	0.0418374
863.156555	0.000260222
866.975281	13.3256
874.892334	6.1254
876.416321	0.808962
877.454773	16.8456
878.774902	1.70652
879.291199	1.18352
879.701050	2.97095
881.124634	4.96177
885.471436	12.64
887.542236	13.1677
891.888489	2.03572
893.011047	1.11287
893.414368	1.28135
894.069580	1.83317
895.216003	0.787854
896.111755	2.97846
899.194275	1.38946
899.806885	0.749967
900.466064	0.426287
900.972717	0.717309
902.872986	1.78831
905.010010	0.207192
906.512756	0.0209541
907.605957	0.000384978
908.021851	7.36315e-006
908.654968	9.36021e-006
913.926636	0.0367759
914.997559	0.173854
915.682190	0.128658
916.120605	0.0463242
916.861938	0.0721518
917.409302	0.0488742
918.165222	0.378247
919.950928	3.3007
921.319031	2.23023
922.222778	1.16301
923.278076	0.843366
924.100586	0.111531
924.796265	0.00838324
925.640869	0.00841514
927.477844	0.278034
929.284363	0.523746
930.320679	0.294614
931.315430	0.191182
932.276794	0.0632544
933.036255	0.00666971
933.720642	0.000218441
934.107056	9.61371e-007
937.321350	0.00259832
938.181519	0.0962082
939.086914	0.161674
939.616028	0.104652
940.167847	0.054418
940.889465	0.04365
941.350098	0.0233109
941.694641	0.00078349
942.099670	3.97911e-005
943.270752	0.0136908
946.837219	0.147419
948.016724	0.470468
949.506104	3.31778
952.766663	1.98974
957.597473	3.78974
958.581665	0.396435
960.041565	13.0637
964.891479	0.0767627
966.360352	1.69956
967.194214	2.14305
967.834961	8.42793
969.234558	2.42224
969.932922	4.59646
971.136536	0.813401
972.665283	0.526491
974.132263	4.7382
974.739319	2.07343
975.971191	0.441367
977.660706	0.832851
978.193176	0.233343
978.895081	1.08549
979.594727	2.92467
980.774536	0.896191
981.744080	1.28374
982.802917	0.0944248
983.571838	0.0119357
984.192688	0.00939086
988.283264	4.38632
993.219421	1.85982
994.211792	0.832231
994.981323	1.66192
995.471313	0.545201
996.048950	1.03161
996.868042	2.14089
1000.198425	6.8103
1002.775696	2.23271
1005.297546	1.70991
1007.412415	0.161577
1009.073242	0.589473
1017.413879	0.545215
1019.289917	1.04815
1020.376038	0.589065
1021.418823	0.38341
1022.448242	0.128315
1023.174438	0.0122834
1031.158447	1.64397
1033.997070	1.96876
1035.342163	1.25886
1035.822998	0.02773
1036.488403	0.760398
1037.626953	1.04243
1038.568604	10.7793
1042.122681	3.9876
1042.894409	3.19848
1043.915527	0.457282
1046.573975	5.55859
1050.199463	2.88287
1053.606934	2.34031
1057.780884	5.0033
1061.806641	1.82762
1062.496948	1.40255
1062.963257	0.364552
1063.727051	0.79818
1064.359497	0.480003
1066.392090	1.46608
1069.338623	0.122014
1070.674561	0.0310429
1071.770752	0.173593
1072.512085	0.12873
1072.986938	0.0464046
1073.789795	0.0724434
1074.381348	0.0477075
1077.784058	5.35033
1104.860718	0.219267
1107.609009	0.821688
1117.117432	1.87326
1119.121460	0.16667
1119.873047	0.131209
1120.359497	0.048372
1121.185913	0.0697699
1121.784912	0.0490949
1122.226318	0.00428351
1128.167847	6.02558
1140.003052	0.846042
1141.077637	0.308539
1141.811401	2.5219
1143.004761	1.78155
1144.014404	1.51549
1145.101074	0.716113
1146.878906	0.48926
1148.342651	9.4073
1152.255249	29.0575
1154.746948	22.6604
1156.828735	4.02097
1161.655273	3.84598
1162.585205	0.341041
1163.721924	0.102326
1164.882690	0.625733
1169.479736	0.278498
1171.358154	0.554696
1172.532593	0.254525
1173.636841	0.159738
1174.676392	0.0467201
1175.543701	0.0901915
1179.317627	0.176339
1180.180664	0.438866
1180.776733	0.492896
1183.317017	12.4661
1185.720215	2.50484
1186.300781	0.942097
1186.688965	1.50728
1187.627686	0.22943
1188.840942	1.64069
1189.473145	0.0786578
1191.069580	0.11228
1199.365356	2.29362
1201.301270	0.062185
1202.323242	0.924386
1203.416138	0.782447
1204.546021	0.317045
1205.628784	0.139642
1206.418579	0.0133272
1209.589233	0.057355
1211.672363	0.284743
1213.740112	0.532185
1214.916016	0.273242
1216.339355	2.93076
1218.903442	0.880811
1219.787842	0.195785
1220.996582	0.116849
1221.890137	0.0663188
1222.727783	0.822852
1224.249268	0.734583
1225.089478	0.385925
1225.515381	0.100216
1226.474976	0.186876
1227.046387	0.0195884
1227.737183	0.367774
1232.734253	1.39441
1236.725464	4.66192
1239.539307	3.66053
1242.179810	0.681148
1247.935303	1.80836
1251.090332	12.0888
1253.187988	7.69625
1254.121094	3.18205
1255.642334	3.00617
1256.711304	0.250637
1258.020386	0.412823
1260.664917	0.18579
1262.285645	0.696265
1263.294312	0.580821
1263.913696	0.754112
1264.715942	0.134476
1265.396729	0.159378
1266.061157	1.23351
1267.585938	1.36416
1268.720459	0.458259
1269.983887	0.613669
1271.244141	0.0414998
1271.926880	0.00216808
1272.984131	0.351377
1276.985352	38.9201
1282.432373	85.6167
1287.138916	25.0309
1290.207764	14.9753
1293.875122	9.10452
1297.620605	8.80298
1298.321777	19.9169
1301.454346	16.2785
1304.100342	1.43926
1305.663818	0.0853029
1309.081787	1.47012
1314.268677	2.58857
1321.000366	5.26311
1324.058472	7.49437
1325.973267	3.24957
1326.562378	8.6793
1330.468140	19.567
1332.535278	0.634365
1334.639771	0.547734
1335.571167	0.224918
1336.317139	0.116051
1337.399780	1.63369
1339.216675	1.33546
1340.373047	0.406285
1341.647949	0.711361
1342.515991	0.0913146
1342.987549	0.0201358
1349.651611	104.357
1360.905396	7.11565
1363.414429	46.8683
1365.844238	32.8418
1368.263184	4.15421
1369.599121	0.0944883
1370.748779	4.83207
1371.743042	1.61924
1373.217651	1.41235
1373.777466	0.0180788
1374.484009	0.00426481
1379.845947	10.0422
1386.126709	1.02786
1388.727661	0.351901
1389.300415	3.03489
1390.186401	2.80429
1391.025391	1.16497
1391.615601	0.782321
1392.427979	0.791081
1393.659424	0.199015
1394.804810	1.65231
1405.757324	5.21829
1412.461304	2.8361
1413.952148	20.9979
1416.741333	15.8049
1417.909302	8.83099
1419.046021	7.08251
1420.042236	0.225411
1422.540527	17.4982
1424.139893	0.097177
1425.999878	14.106
1428.976807	18.8933
1431.460938	3.3217
1434.654785	3.9359
1437.548462	2.17292
1438.531494	1.25727
1439.270996	1.2441
1439.911987	0.428517
1440.781494	0.340699
1441.828369	1.9822
1443.805542	3.21175
1445.103516	1.63829
1446.357788	1.1599
1447.578247	0.334197
1448.498047	0.0356144
1454.210327	1.58154
1457.715454	1.19142
1462.469360	30.1282
1469.085571	9.77233
1471.727417	1.94062
1472.585693	2.1094
1473.964722	1.10134
1478.243408	3.50543
1479.383301	0.804139
1480.527100	3.96909
1483.743286	0.994119
1484.675049	6.77317
1489.011719	5.19762
1491.799683	0.323729
1495.547485	18.6934
1498.935669	1.59121
1500.346680	12.0032
1501.202148	2.12485
1503.441650	1.05602
1504.104736	0.468252
1504.666504	0.400365
1505.627441	0.137799
1506.212646	0.0264633
1508.826050	3.4232
1518.806274	2.84009
1520.156860	0.491532
1521.295776	0.651371
1522.012085	0.468352
1523.250610	12.7053
1526.524414	12.2427
1529.364014	1.20504
1530.793457	0.0655231
1532.604492	0.0901808
1534.694336	3.51551
1536.267334	1.65873
1536.968262	0.159757
1537.696167	0.869809
1538.666260	0.599786
1539.163696	0.054101
1539.961792	0.249273
1543.433472	3.40964
1546.734619	5.71168
1548.572144	3.13489
1549.730103	1.71095
1551.108765	1.30196
1552.219116	0.17483
1568.113525	3.76559
1573.143188	2.05115
1577.957642	10.5157
1580.145386	2.59201
1581.098633	2.08853
1582.665771	0.451594
1583.973511	0.425273
1586.824341	0.785424
1589.153076	0.285505
1591.443726	0.776305
1592.779785	0.373032
1594.173462	0.155774
1595.439087	0.251822
1597.363037	0.169275
1598.039307	0.56321
1598.980835	0.588679
1599.810303	0.0779451
1600.507324	0.150121
1601.493896	0.132319
1602.382813	0.0126158
1604.167969	0.115966
1605.345703	0.301474
1606.208374	0.240342
1606.850952	0.0647661
1607.753174	0.0765869
1608.544067	0.0410278
1609.061646	0.00424899
1609.509766	0.000141435
1625.676025	1.65508
1628.369141	0.340843
1631.540771	8.88201
1633.941406	7.60107
1635.527222	1.56963
1636.624878	2.65388
1637.890381	0.149555
1639.078491	0.520338
1640.002075	0.0286403
1641.244385	0.056125
1642.095581	7.08003e-005
1642.946289	0.00195961
1644.331299	0.0288148
1647.069824	0.0741928
1648.211548	0.144122
1648.828003	0.122042
1649.474854	0.113704
1649.919800	0.0110292
1652.030518	2.26808
1653.357178	0.41803
1654.127075	0.167325
1654.858643	0.251745
1655.779907	0.153886
1656.455078	0.139684
1663.603149	0.620203
1665.443970	0.165184
1666.153809	0.101942
1666.864136	0.0660217
1667.843384	0.0354561
1668.763428	0.353379
1677.611328	2.82174
1683.189697	1.40666
1684.296631	0.722574
1685.280884	1.3597
1686.245361	2.83016
1686.928589	0.2851
1687.783081	1.0162
1688.558472	0.328234
1690.007690	4.09719
1691.420776	2.20066
1692.575317	1.44861
1693.075317	0.501548
1693.960327	3.79036
1695.819092	2.38887
1696.966797	2.21896
1699.392456	2.55407
1700.968018	0.606649
1702.271606	0.48482
1703.567993	0.277958
1713.641113	2.16077
1714.848267	0.145153
1715.549194	0.0791056
1716.481445	0.0690949
1717.204346	0.0379765
1717.907837	5.87979
1720.300049	0.792717
1722.154785	45.4707
1724.406494	0.0359317
1727.195557	13.5646
1730.888306	9.35673
1733.447632	1.2656
1734.758911	0.630637
1735.369019	0.170558
1736.390381	0.678576
1737.195435	0.197958
1738.674561	22.2811
1751.474121	43.2034
1752.613403	27.9057
1755.348145	53.6394
1765.189575	44.6031
1766.630249	2.72291
1768.341553	0.357667
1768.717407	0.434314
1769.669067	1.21106
1771.300049	1.61115
1774.561157	0.600471
1775.949097	2.37463
1777.121826	18.8772
1784.676392	33.5394
1786.978149	1.96641
1788.648804	1.11106
1789.134644	0.14865
1790.078613	0.297152
1791.037842	0.0567859
1792.483521	10.1313
1795.956787	4.09558
1796.758179	3.0538
1798.643555	0.783683
1800.700317	11.7972
1802.905396	2.99582
1804.281494	1.18382
1805.918335	1.19025
1837.311768	59.7226
1843.039795	2.5674
1844.449585	11.8732
1845.484741	20.2034
1848.402466	13.0543
1849.987549	6.00485
1851.236206	5.91485
1852.606689	1.5919
1853.830078	2.3557
1855.388184	7.82018
1860.938477	3.76233
1861.807129	1.82463
1862.690918	2.49318
1863.600098	3.57609
1864.309326	0.802327
1865.696899	44.2758
1882.823242	58.0342
1884.022827	0.867358
1885.016113	2.25701
1886.620728	1.01922
1889.006592	103.783
1905.280396	31.7787
1906.694092	3.92054
1908.076782	1.74518
1909.735107	28.609
1918.529663	12.1073
1923.349487	0.133447
1926.084473	4.88332
1927.291138	0.767801
1930.148804	31.8345
1941.618042	47.7734
1942.881836	12.8182
1943.862427	4.22984
1944.365967	2.23116
1945.773560	174.994
1954.186890	18.4998
1957.908813	123.171
1960.880371	1168.48
1966.765015	4.33472
1972.051514	62.2814
1974.160034	1.09742
1975.195557	2.96802
1976.574951	1.07754
1977.720459	4.68732
1979.258179	3.8026
1982.243408	16.4489
1983.112427	1.10453
1983.683350	3.38866
1985.541504	3.58831
1987.169800	4.91794
1988.524048	1.35318
1990.152222	1.08428
1991.157715	0.0602433
1991.770142	0.0102331
1993.759766	0.541832
1994.515137	0.160917
1997.259644	39.8097
2003.851440	0.0933821
2004.816162	2.33214
2006.718628	1.27881
2008.216919	1.17703
2009.433594	0.238996
2010.176392	0.960032
2011.402954	0.847337
2013.018921	0.441097
2014.080566	0.135104
2014.614502	0.153359
2017.415894	1.65957
2020.055664	3.48994
2021.538330	2.20533
2023.088257	1.16529
2024.516968	0.436784
2025.345093	0.0967045
2026.456299	1.3374
2027.503174	0.969851
2028.224121	0.584092
2029.314697	0.40423
2030.039795	0.210226
2031.040771	0.379631
2032.866577	0.0947609
2033.924805	1.42812
2035.263306	0.0508705
2035.993164	1.07015
2037.241821	0.325189
2037.696533	0.36081
2039.185669	0.982197
2040.756592	0.0445995
2051.762207	4.9514
2063.161377	0.20671
2064.220947	0.537739
2064.892334	0.685295
2066.196777	2.69311
2067.540039	1.90033
2068.945801	3.65301
2073.982178	25.9522
2080.016602	3.73254
2085.316895	1.28554
2088.223877	0.33073
2092.896484	5.29467
2096.003174	0.812776
2096.930664	2.84083
2097.628418	3.31219
2099.679932	1.17167
2100.399902	0.327753
2101.115723	0.181953
2102.266113	0.0849369
2103.063965	0.131609
2103.592041	0.00969729
2105.226318	0.00886543
2106.285645	0.090687
2107.622070	0.160753
2108.426758	0.103941
2109.252197	0.0545642
2110.338867	0.0438881
2111.037598	0.0232644
2111.569336	0.000928331
2112.070068	3.15923e-005
2120.493408	0.0151328
2125.792969	0.432728
2130.867920	0.370904
2133.194336	0.294686
2133.960205	1.96466
2136.851074	2.79686
2137.998291	0.127121
2140.103760	0.751824
2148.606445	2.65307
2150.891846	0.435495
2151.623047	0.748293
2152.964844	0.492699
2156.153320	7.17527
2159.837402	0.466322
2162.052490	0.704716
2163.259033	0.802503
2164.928223	0.10584
2165.947510	0.682221
2171.031006	2.63022
2176.142578	4.86524
2179.333008	4.23401
2180.281738	1.58331
2181.528320	0.0505165
2182.194336	0.0852576
2183.731934	1.0937
2188.041748	5.16079
2190.730957	1.53541
2191.814453	0.404756
2192.753418	0.515519
2193.616699	0.630942
2194.602295	0.151469
2195.558594	0.177183
2196.311279	0.0902008
2208.258057	13.0526
2215.584961	0.133027
2216.360352	0.420977
2217.374023	0.207674
2218.772461	2.57529
2220.412109	2.93855
2221.967773	0.961253
2224.015137	20.108
2228.354492	36.1048
2229.789063	1.60842
2231.653320	1.37954
2233.090576	1.74688
2234.701416	0.899078
2236.115967	0.485369
2237.572266	0.256105
2240.101074	12.9073
2251.625000	1.48585
2253.602783	1.93243
2254.974365	0.965031
2256.736328	0.46102
2258.742676	12.9136
2263.077148	21.7295
2266.666748	4.42885
2269.538086	4.04169
2276.562744	27.0565
2280.510986	3.32699
2283.560791	2.2481
2285.202881	11.4543
2287.302246	30.9702
2288.502197	11.6077
2293.677490	39.6405
2298.754883	6.03681
2299.759766	1.55777
2301.753906	0.190199
2302.530029	0.0576948
2303.131592	0.00347611
2304.532959	0.285463
2305.218018	2.56969
2308.703125	1.9357
2311.108398	3.03382
2316.059570	84.1169
2320.416748	98.8255
2330.725342	37.8207
2334.300049	176.398
2335.671875	135.7
2340.555176	6.36803
2350.101318	213.715
2357.179688	4.31878
2357.956055	1.49116
2358.826660	0.542612
2359.909912	9.70739
2362.236328	5.61651
2363.486084	2.32698
2364.036133	0.780208
2365.365234	1.03262
2366.275146	0.350287
2369.764893	22.4394
2374.346680	0.161026
2375.085693	2.66058
2377.978760	78.7122
2381.492920	6.85596
2383.601074	22.0974
2386.205322	5.09074
2395.018311	29.8591
2396.329834	3.80114
2397.049561	0.412922
2398.252930	1.3491
2399.199707	0.891428
2399.837402	0.111724
2401.319824	0.116781
2402.166992	0.031401
2403.338623	0.367558
2404.968262	19.5863
2413.293945	421.448
2419.226318	2.01077
2420.834229	97.1893
2431.843750	1612.17
2439.723877	37.6696
2444.145752	121.749
2449.276855	25.1444
2450.659180	5.94485
2452.351563	3.13725
2453.482910	3.55945
2454.143555	0.453598
2454.704590	0.485096
2456.350098	51.3365
2465.131836	5.52665
2468.551758	39.7767
2472.442383	12
2474.439453	1.61188
2475.828613	0.303529
2477.089111	7.49981
2480.036133	5.63193
2488.162842	1.75647
2490.265381	2.7439
2491.881592	4.19514
2493.197021	5.03534
2494.849365	2.2947
2496.101563	2.66376
2497.907227	10.6809
2499.982422	10.9587
2501.289307	4.46472
2503.113525	1.40571
2504.183838	0.217522
2508.075195	2.21023
2509.134766	1.12513
2510.056885	0.6186
2510.893799	0.590559
2511.907715	0.355767
2516.700439	6.5948
2519.792236	0.142873
2522.057129	7.62063
2524.832275	1.54302
2525.897949	1.00902
2527.095215	0.196151
2527.881592	0.390071
2528.881592	0.516071
2530.424561	1.40408
2531.725586	1.28591
2532.725830	0.49644
2533.714111	0.447694
2534.637451	0.251092
2537.565430	13.5855
2543.448730	6.0015
2546.302979	41.2338
2551.449707	43.6573
2552.798096	21.7803
2558.936768	47.6687
2563.677734	77.2617
2566.456543	33.9936
2575.068848	78.8236
2580.322754	17.6375
2585.247314	82.5228
2587.708008	0.249697
2589.820801	9.72015
2590.968018	20.6179
2596.764893	11.1956
2598.447998	1.44386
2599.947998	25.8495
2601.171631	4.21408
2602.888672	14.3428
2605.887207	1.92455
2607.829346	3.53645
2609.104492	2.5693
2612.586426	11.2096
2618.923584	0.4054
2620.038086	0.469406
2620.924072	0.40676
2621.976318	0.164634
2623.134277	0.241925
2624.722656	1.57382
2626.082031	1.1023
2626.809814	0.201241
2628.003418	1.50642
2629.458252	0.666898
2632.194580	23.7963
2638.699951	13.6145
2640.305176	6.7092
2642.044189	3.72461
2643.927979	3.16964
2646.973633	3.38038
2649.671631	1.01457
2651.456055	0.78939
2653.490723	1.40805
2656.272217	6.44246
2658.171387	3.43689
2660.013916	1.93426
2661.072510	0.181021
2662.608887	8.7398
2664.869141	7.43862
2666.326660	2.15923
2668.773682	2.82923
2669.706299	0.0683819
2670.809082	0.559796
2672.351074	2.59067
2673.603271	1.05083
2674.119629	0.601372
2675.387939	3.39065
2678.251221	0.134501
2679.106934	0.9276
2680.750977	29.0188
2692.526367	22.2373
2694.082764	8.01299
2695.502197	33.7121
2706.218262	20.5707
2707.555176	1.24101
2708.776611	1.36329
2709.681396	0.223033
2710.712891	0.845363
2711.855225	0.207185
2715.986084	11.8568
2718.165771	0.952837
2720.042969	1.36198
2722.568604	27.8974
2730.666504	24.317
2735.250244	2.27159
2736.964355	3.16393
2738.242920	2.71685
2740.717529	1.59804
2742.269287	1.88417
2746.246582	19.437
2748.188232	0.940782
2749.860596	10.1404
2751.162598	0.587432
2752.704590	0.902967
2757.276855	8.34742
2763.709473	5.37847
2767.667969	7.58228
2769.948486	1.67226
2773.485596	6.96055
2778.088867	14.3255
2783.903809	8.66856
2785.865723	1.74407
2786.542236	0.927068
2788.033691	0.491423
2788.727051	0.133858
2789.443848	1.43144
2792.113770	1.10383
2794.429199	10.8203
2796.362061	13.06
2798.156738	11.6727
2799.816650	3.66077
2802.093506	3.24019
2802.919678	3.52602
2804.962891	2.35793
2806.383545	1.73107
2807.919922	0.0278239
2813.000244	58.9187
2818.909424	28.3358
2821.577637	3.27418
2822.584961	5.91616
2824.656494	0.485055
2825.864502	1.22911
2827.190918	0.496296
2829.389648	0.447598
2831.104980	0.174339
2832.776855	1.73748
2835.743652	4.46095
2837.836182	2.63386
2839.483643	0.375471
2841.919922	0.927099
2843.508789	1.48698
2847.746338	12.0912
2852.572510	38.7672
2858.448486	33.4557
2861.314697	1.1694
2863.298584	4.50944
2864.142090	3.70858
2866.490967	1.20316
2867.259033	1.88681
2870.656006	0.497971
2871.733154	0.350157
2872.952881	0.853343
2873.978271	0.533004
2876.290039	29.7788
2879.468750	3.3842
2880.345215	9.58244
2883.789307	3.79608
2890.143555	11.9287
2892.197510	1.59393
2894.585938	0.041036
2897.334961	10.9114
2904.116943	1.78639
2905.162109	0.65893
2906.321289	2.64389
2907.453125	2.6859
2908.260498	2.6353
2909.643066	1.36593
2910.561523	1.20208
2912.047363	9.89585
2914.710938	22.5862
2917.425537	0.160082
2921.397461	45.2815
2922.410645	14.1423
2927.571045	42.4224
2929.770996	14.4695
2931.440430	16.9729
2933.639160	175.626
2942.172119	25.5406
2949.116455	346.553
2962.236572	72.717
2966.370605	113.595
2974.257813	83.4697
2979.016357	13.9739
2985.470703	53.9611
2997.348389	2.42007
2999.200439	1.70624
3001.251465	3.00993
3004.244385	5.67481
3006.040527	8.23745
3007.932617	0.920927
3009.739502	3.05111
3010.646973	0.302767
3015.286377	38.6154
3019.606201	44.3724
3023.298096	13.745
3023.998535	1.6271
3025.734619	0.927896
3026.266846	2.47255
3027.818604	18.1412
3035.073242	27.0166
3037.583252	10.8127
3038.684570	3.25175
3039.308838	3.50764
3040.955322	21.1234
3045.725586	49.3949
3049.024902	24.5257
3055.970703	85.5077
3060.869873	29.6456
3064.061035	38.4631
3065.299561	67.2899
3070.038818	1.93834
3072.121826	1.05951
3074.429443	4.89707
3075.515625	0.527229
3076.409668	4.05833
3079.743896	1.26271
3080.907715	1.24688
3081.689209	0.878183
3083.817871	7.72124
3086.621826	17.3835
3088.166260	10.752
3089.967285	63.7904
3101.799072	75.2388
3105.575684	1.02252
3107.166016	0.932066
3109.360596	0.842665
3112.198242	2.62816
3118.404785	1.78735
3120.905273	1.33837
3122.162598	0.640817
3123.195557	0.222793
3124.365479	1.14123
3125.981445	1.66941
3127.084961	0.806694
3128.365234	2.24368
3129.465576	5.64769
3131.551270	0.238266
3134.340332	1.76509
3135.642334	1.36033
3136.932861	6.66706
3138.540283	5.82922
3139.991211	2.02236
3141.332764	9.06201
3142.354004	0.222698
3143.218506	3.33347
3144.843750	1.19721
3148.208008	12.2671
3154.812012	5.67524
3158.941895	2.12727
3161.633545	0.876097
3165.468262	4.49136
3166.224365	2.79428
3168.809326	8.72086
3170.099121	13.8257
3171.571045	100.126
3175.018311	20.7694
3176.153320	20.3005
3178.178955	5.65961
3180.509521	4.00217
3181.655029	5.49212
3183.272461	33.5007
3186.451660	2.25414
3193.598145	24.2602
3195.338623	5.8664
3196.729004	5.47054
3199.370117	3.63817
3201.085938	18.9238
3204.399902	14.4993
3212.920654	28.4511
3216.346191	16.7218
3219.237549	20.2482
3221.743408	1.69884
3222.833252	4.29994
3223.816162	5.42703
3225.261963	36.747
3228.082764	16.5268
3228.842041	11.8411
3231.097412	3.55077
3232.333984	12.821
3234.062500	1.72677
3235.233398	20.9245
3240.539551	32.952
3242.236328	52.533
3243.622070	108.051
3250.824951	7.95068
3256.033203	46.1534
3258.217041	4.83287
3259.397705	12.9388
3261.455811	2.15393
3262.915039	2.61311
3264.644531	8.98614
3268.495117	121.187
3273.082520	13.6747
3275.355469	21.1994
3277.407471	2.62149
3278.254639	1.62824
3279.720215	3.22435
3280.940918	18.9709
3284.581787	22.9397
3289.920654	96.4924
3295.649902	11.1908
3297.789307	40.9604
3301.554932	33.1602
3302.907471	33.252
3306.668701	9.79985
3308.543457	11.0625
3310.413086	6.07025
3311.870605	4.07467
3313.298828	13.6901
3314.813477	69.1147
3319.728516	17.5336
3320.278320	1.18661
3321.516113	11.7966
3323.992188	33.7498
3328.699463	6.78957
3329.673828	2.14903
3330.496094	5.46307
3333.275635	58.683
3339.777832	869.536
3357.705322	606.82
3365.067139	39.0367
3366.482178	39.8186
3370.594482	0.812166
3373.546631	13.7138
3375.101318	30.3694
3378.239014	16.5023
3390.415283	37.1929
3399.809082	53.1956
3403.544678	11.2893
3405.164307	7.03003
3406.986816	3.71543
3409.057373	0.508119
3410.530518	0.239037
3411.543213	0.163291
3412.565186	0.132966
3414.716064	6.92459
3417.437500	6.18444
3418.520264	1.70471
3419.666992	5.12889
3421.096924	0.3753
3421.967529	1.1258
3423.670654	3.3758
3425.664063	1.1294
3427.209717	0.491504
3428.091064	1.72498
3429.342285	2.11649
3433.085205	6.64479
3434.480957	55.8438
3439.285645	110.792
3442.620850	26.3789
3444.123047	16.8657
3446.186279	5.40405
3447.507568	1.30592
3448.764404	11.4736
3453.228271	2.01568
3454.914063	2.12629
3455.925049	1.42029
3457.302246	3.50917
3458.315430	8.48463
3460.676514	0.38286
3461.796875	15.7849
3465.409668	17.3151
3467.865967	10.3155
3469.367920	22.6294
3471.105957	13.9477
3473.292725	5.43084
3475.835938	4.40269
3477.980469	13.8223
3479.617432	4.70746
3481.913574	2.59789
3483.047852	0.828842
3484.407959	0.652693
3486.483154	35.8993
3497.660889	6.24082
3499.917725	0.372144
3501.458252	0.904329
3502.508545	1.63052
3503.865479	5.64919
3505.609131	3.31077
3507.868408	2.25293
3509.020264	0.233936
3514.437500	21.0273
3515.272217	0.551817
3518.841309	94.4566
3522.354980	23.175
3523.067871	9.02041
3524.668213	8.46825
3526.638428	15.9537
3528.934326	9.86378
3531.110352	5.27943
3532.891602	9.11363
3535.378418	1.56708
3537.817139	1.59352
3539.767334	1.834
3541.160645	0.728461
3542.478760	5.78209
3546.919434	28.5623
3551.143555	30.3837
3552.367432	7.42628
3556.648438	24.2722
3557.707031	1.50526
3558.385254	0.906092
3559.298584	2.44654
3561.226074	6.09603
3563.093750	14.0004
3567.212158	26.044
3571.449463	1.61724
3576.212402	11.3654
3581.377197	345.92
3585.923584	90.5666
3591.116211	0.773081
3599.476318	787.426
3603.375488	22.3119
3606.275391	38.602
3607.897949	18.8821
3608.674561	0.861377
3610.143555	36.3847
3614.198730	66.9715
3616.383789	153.059
3620.051514	102.085
3626.525391	261.85
3632.045410	49.9053
3637.419189	264.603
3640.513916	59.2052
3644.092041	1.90889
3645.325684	5.3816
3651.494385	169.736
3653.584717	59.7599
3654.557861	93
3656.803711	77.9999
3661.372559	129.998
3666.460938	13.4507
3672.814453	650.306
3674.304932	6.29048
3675.189209	1.00218
3678.424316	2046.98
3696.595947	5297.95
3704.446045	9.1097
3705.726563	5.14374
3707.107178	8.27861
3713.734375	5525.05
3721.031250	24.2208
3722.626709	29.6989
3724.424072	31.4475
3731.989258	422.384
3737.084961	101.221
3740.559326	3.01601
3741.850830	8.6642
3742.890869	55.276
3751.593018	74.9958
3752.635986	21.5886
3754.854736	28.0119
3757.188477	6.75093
3759.198730	13.2884
3761.007568	33.9415
3762.987061	8.33941
3765.106689	4.39466
3770.614014	165.067
3772.318604	83.0749
3775.815918	3.24397
3777.086670	0.674024
3778.132324	2.48076
3779.190918	3.64875
3780.273438	7.55224
3781.697754	4.02724
3782.726318	4.9448
3784.202393	17.2464
3785.389893	0.963872
3786.745850	7.05487
3787.272705	3.07965
3788.393799	18.2354
3790.739746	3.47338
3794.299561	127.463
3796.253906	327.468
3811.702881	1292.45
3820.377441	16.9068
3829.201172	511.392
3835.511719	1.01024
3837.301758	19.8069
3841.260986	13.387
3843.303467	35.015
3849.239014	5.11709
3852.601807	26.211
3853.566650	18.5917
3857.331299	47.4304
3860.936523	17.8894
3862.946777	139.956
3867.581543	1.53971
3869.329590	0.729681
3870.900635	3.17013
3872.006104	1.52341
3872.814697	8.56997
3876.692139	8.92799
3878.889893	25.2089
3880.252197	3.77315
3881.788330	97.7955
3886.796143	0.0990855
3888.139404	1.695
3890.542725	12.3795
3893.124268	9.59933
3895.531006	22.3729
3897.204590	81.2578
3900.369629	6.53415
3902.831299	2.91819
3904.134033	8.26246
3905.189941	2.35698
3906.627197	0.152671
3908.902344	33.5735
3911.119629	23.4279
3912.751465	31.3005
3915.673340	172.661
3922.501709	55.6669
3925.951172	86.1031
3927.793701	92.5481
3928.745850	6.16507
3929.849365	464.505
3938.723389	28.9827
3942.115967	23.0819
3944.212891	22.9745
3945.969238	19.0872
3947.372803	2.45569
3948.663330	49.6087
3952.803223	2.45057
3953.750732	1.34646
3955.492676	20.7757
3958.507813	7.03469
3959.714355	0.402658
3961.325439	5.71883
3962.875000	3.59755
3963.981201	10.5928
3964.995117	9.09432
3967.399902	11.7403
3968.276611	16.6329
3970.988037	5.1
3972.407471	7.49739
3977.726563	29.4471
3981.384033	1.50011
3983.725342	30.0876
3988.053223	28.781
3989.267578	36.4046
3993.308105	8.02796
3995.703125	132.129
4005.133545	88.7786
4009.556885	12.3633
4010.569580	0.30265
4011.652100	15.0726
4014.870850	26.9293
4017.219727	5.26422
4019.354004	4.07494
4021.564209	23.0419
4025.004150	29.4555
4028.107422	0.408992
4031.356445	133.093
4040.710938	235.845
4044.704346	105.628
4056.598145	126.453
4058.360596	168.039
4063.303467	0.40584
4068.903076	13.1784
4070.480713	11.6349
4073.688965	36.4244
4075.945801	26.9714
4078.034668	10.2716
4079.759033	6.95377
4082.586914	1.60379
4085.007813	2.89119
4087.443848	9.85756
4089.505859	14.4648
4091.019531	2.09612
4091.759033	17.4739
4094.951660	23.9742
4096.833008	16.766
4099.770996	7.55522
4101.012207	1.05256
4102.213867	6.29997
4103.432129	6.32316
4105.904785	1.36369
4108.065430	10.6562
4109.679199	2.12296
4112.776855	144.613
4118.775391	59.8223
4122.749023	6.1321
4124.795898	27.0309
4127.022949	38.8718
4130.199707	259.206
4134.364258	17.9658
4135.486328	16.6817
4137.971680	21.237
4142.621582	48.448
4148.812500	0.666238
4150.280273	1.72493
4151.892578	8.1457
4154.927734	43.8542
4156.605469	9.85419
4158.946777	12.5222
4160.491699	6.16922
4161.470703	1.34768
4162.816895	23.7218
4165.505371	10.3048
4167.446777	3.67697
4170.091797	4.36308
4172.607910	8.26107
4174.018066	0.243564
4174.919434	0.205774
4176.731934	5.99873
4179.888184	80.9455
4181.240723	118.699
4185.343262	1.85842
4188.077637	4.5683
4190.476074	21.061
4197.634277	201.335
4199.399414	289.691
4205.135742	11.7521
4206.121094	1.37847
4207.375977	35.606
4213.963867	74.2607
4215.143066	6.69354
4216.699707	3.55786
4220.670898	89.9984
4222.013184	158.589
4226.759277	213.366
4240.606445	2476.07
4253.674316	384.271
4257.791992	1149.23
4259.376953	1969.82
4267.273438	4.69981
4269.363281	57.6912
4270.640625	13.8958
4278.375000	538.389
4280.295410	474.882
4287.819336	9.74568
4288.881348	8.33725
4296.981445	1968.28
4308.171387	215.631
4313.498535	321.724
4315.080566	173.435
4317.846680	13.9949
4320.073730	187.123
4327.011230	0.170228
4331.287109	51.2572
4333.402344	18.5974
4336.143066	64.5775
4338.011230	206.036
4345.180176	20.9525
4346.971680	1.6933
4350.965332	59.2604
4356.962891	243.315
4362.922363	0.742949
4366.621094	63.5124
4371.222656	84.9035
4376.406738	28.5936
4378.787598	0.288928
4379.879395	4.74294
4381.834961	13.5424
4384.038574	9.22299
4385.876465	27.9915
4392.583008	11.5392
4395.817383	7.57165
4397.985840	10.8343
4401.155273	56.2191
4404.285156	15.7288
4406.207031	103.1
4415.968262	64.6473
4419.582031	21.4949
4421.734375	11.3702
4423.740723	7.61364
4427.199219	4.33644
4428.296875	13.3692
4431.801270	8.49895
4432.974609	5.64292
4434.066406	2.53788
4435.375488	11.664
4438.069336	7.95048
4439.501465	16.4223
4444.784668	72.7668
4449.314941	8.53202
4450.898926	7.64999
4453.714355	47.094
4455.705078	9.41522
4457.804688	11.776
4459.243652	5.73787
4460.754883	6.65187
4461.670410	0.980566
4463.266602	3.43682
4464.913574	17.0432
4467.219238	12.1261
4469.357910	190.104
4478.415039	84.2253
4483.212402	311.807
4488.897461	2.42119
4490.672852	1.36779
4493.882813	67.7636
4498.633789	282.861
4502.618652	1.48963
4503.988281	15.9619
4504.990234	37.6809
4509.156738	29.1497
4513.178711	22.571
4515.213867	94.2451
4519.499512	90.4849
4530.150391	41.9426
4535.079102	60.0394
4537.871094	96.8316
4547.437500	101.848
4549.619629	35.3985
4553.574707	0.643869
4557.007324	24.2248
4558.308594	9.10717
4559.714844	40.9315
4564.437012	32.4972
4566.549805	107.609
4578.945313	115.446
4584.101074	622.511
4598.233887	215.719
4602.240234	50.2395
4605.963379	5.27074
4608.109375	13.9251
4610.328125	16.3673
4612.062988	14.5649
4614.678223	115.271
4618.105469	3.42557
4620.953125	12.045
4624.631836	91.486
4626.764648	8.2473
4628.976074	22.657
4630.986816	75.7933
4635.844727	4.63957
4637.772949	8.83125
4641.316895	10.1441
4643.083984	9.79355
4643.935547	0.769199
4645.468750	9.91127
4647.601563	12.0866
4649.270020	131.131
4658.698730	102.251
4660.771973	12.3525
4662.542969	66.3852
4665.558594	5.43865
4666.938965	66.9834
4671.818848	5.4441
4675.365234	133.03
4677.210449	20.3558
4679.759766	21.2941
4682.157227	6.90444
4683.486328	45.8778
4687.444824	12.4726
4690.542480	5.91822
4692.661133	29.8658
4693.711426	3.79276
4694.662109	91.1076
4698.361816	25.6515
4700.207031	7.13584
4702.530273	6.7708
4705.285156	44.9346
4707.119629	8.63498
4708.114746	17.4249
4710.977539	60.9294
4718.325684	223.876
4719.943359	2.94606
4720.998535	12.9516
4725.510742	445.328
4727.509277	562.921
4733.902344	12.844
4736.855469	1.09751
4743.340820	1054.02
4756.969727	151.122
4760.628906	18.2819
4762.366211	15.911
4764.975098	7.13409
4768.017578	12.0701
4770.419922	22.1792
4772.041504	68.9724
4775.925781	5.51358
4777.498535	38.9489
4784.887695	197.512
4786.503906	106.466
4788.869141	13.161
4791.231934	126.324
4794.411133	1.91582
4795.672363	12.3436
4797.868652	8.89938
4805.864746	1557.61
4815.325684	101.012
4823.327637	2978.72
4833.065918	17.9233
4840.975586	3253.28
4848.476074	15.9852
4851.098633	5.33493
4858.274902	2299.88
4867.162109	38.3096
4876.100098	123.325
4878.599121	63.0452
4880.094727	60.4193
4884.958496	15.6532
4887.004395	151.551
4892.858887	35.4408
4893.796387	3.59945
4895.339355	13.6056
4897.681641	7.27959
4899.234863	2.18878
4901.266602	3.56138
4903.290039	2.49622
4904.281250	0.303032
4905.721191	3.12871
4908.391602	22.6958
4910.910156	22.7003
4913.561523	38.4383
4916.304199	4.52693
4917.940430	21.4094
4920.865234	444.086
4930.931152	17.8669
4933.946777	50.9374
4939.006348	184.265
4940.643066	243.694
4946.870605	0.984529
4948.617188	18.3721
4955.968262	83.3618
4959.092773	9.39179
4961.354004	56.0509
4968.082031	1.83738
4971.671387	8.5885
4972.887695	2.16497
4973.988770	1.38065
4975.196777	6.9827
4976.962402	11.7817
4981.378418	10.2416
4984.059082	0.742163
4987.115723	4.85563
4990.746094	88.8934
4995.515137	4.56549
4999.571777	52.9008
5001.191895	89.2767
5005.436523	5.79507
5008.277832	8.92907
5011.058594	31.3211
5016.047852	123.464
5025.927734	65.6161
5028.174316	2.81158
5032.844727	16.0274
5034.179199	3.83394
5035.386230	7.06717
5039.864746	139.192
5049.984375	21.4316
5053.330078	19.0726
5055.174805	4.36189
5057.671875	18.7274
5064.228027	9.84574
5066.086426	10.9685
5067.027344	2.1788
5068.224121	5.47545
5070.043945	0.391029
5072.369141	58.8787
5079.413086	41.0048
5084.418457	2.64821
5086.979980	114.213
5092.430664	34.1127
5094.320313	10.4582
5096.434082	21.7242
5098.409180	0.948815
5100.487305	41.4544
5106.524902	15.9343
5108.498047	53.1657
5115.051758	18.9211
5117.221680	33.6794
5121.146484	20.0574
5125.238770	20.2715
5127.337402	5.84759
5129.974609	3.59441
5132.239258	25.7464
5137.452148	60.6261
5139.094238	87.2048
5144.578613	4.19725
5146.731445	4.43838
5149.590332	54.3852
5154.323730	29.0443
5156.172363	2.15704
5158.416504	17.178
5161.243652	15.0656
5163.289551	18.3681
5165.285156	7.44466
5167.044922	1.1464
5168.186523	44.9783
5173.626953	14.6934
5176.843262	41.7776
5179.391602	53.2588
5181.435547	201.14
5187.608398	2.01
5191.007813	18.3108
5192.324707	3.52966
5194.058105	0.810483
5196.279785	24.1445
5199.049805	44.6065
5200.277344	35.549
5204.562500	12.9261
5206.974121	8.34123
5209.844727	17.1876
5211.199707	2.09249
5212.274414	2.16124
5213.605469	7.81311
5215.482422	13.3763
5217.465332	94.3967
5228.775391	54.3833
5232.442383	2.18338
5234.194336	57.0749
5239.989258	77.7366
5243.537598	2.82128
5245.739258	0.398019
5250.022949	37.7858
5252.269043	14.1925
5253.210449	0.698592
5256.363770	29.4502
5258.633789	20.9179
5260.989746	27.3814
5262.881836	14.2893
5268.466309	196.911
5272.884277	13.4925
5277.485352	49.3302
5280.564941	8.64819
5281.871094	37.3058
5285.712891	9.01737
5288.324707	0.509399
5290.105957	8.36794
5292.463867	28.6745
5295.025879	47.6243
5297.149414	19.8216
5301.948242	86.9203
5306.972656	27.6637
5309.561523	17.04
5312.125488	0.627432
5313.920898	28.95
5319.043945	20.5536
5321.140625	33.2273
5322.973633	33.1018
5324.464355	3.72303
5325.709473	10.1848
5327.313965	4.21389
5329.072266	27.4155
5333.630859	0.789773
5336.179688	32.7205
5339.738770	1.82654
5341.426758	14.6802
5345.047852	0.0832429
5347.576660	3.80061
5349.032715	2.74015
5349.878418	1.18628
5351.957520	5.06293
5355.306641	14.0226
5356.306641	24.023
5363.922363	52.3795
5364.978027	10.9453
5366.714844	32.5958
5371.563477	20.7048
5373.953613	22.3496
5376.273926	14.2813
5378.641113	25.2727
5380.918945	4.74919
5382.640625	40.4653
5386.812500	1.34673
5388.623535	18.0406
5389.870605	82.2761
5397.654785	84.8633
5403.727539	45.1035
5409.498535	55.5548
5414.181641	40.2325
5415.670410	17.1739
5418.110840	19.8545
5420.366699	7.00725
5422.187500	1.44005
5424.188965	21.7799
5426.778320	8.06301
5429.482910	5.38399
5431.745117	6.52332
5434.816406	1.37016
5437.683105	1.80787
5439.666992	0.387853
5441.762207	3.05194
5444.075684	0.277615
5445.393066	2.80704
5447.847656	5.03626
5450.089844	3.05362
5454.712891	9.54302
5456.008301	7.39083
5457.420898	8.00779
5459.177734	4.13488
5460.577637	6.66445
5462.073730	9.15771
5463.347168	4.59288
5464.929688	5.27245
5466.989746	153.612
5480.007324	110.994
5483.499512	6.04782
5485.532715	13.2917
5487.771484	3.42231
5489.592773	1.59166
5490.394043	1.73295
5492.492188	2.34152
5494.982910	13.3235
5499.506348	8.58519
5501.902344	16.2301
5508.181641	40.8029
5512.846680	17.6138
5517.546387	38.758
5520.353516	21.4617
5523.775879	20.5217
5529.499512	3.46595
5530.657715	0.665088
5532.287109	1.22006
5533.665527	1.71705
5534.826660	4.9691
5537.985840	0.212415
5540.349121	1.11205
5542.275879	8.01391
5544.331055	20.3633
5546.816895	3.96909
5550.154785	11.8173
5551.957031	6.02507
5553.844238	6.12944
5555.147949	0.363544
5556.687012	3.32837
5558.053223	3.20441
5559.950195	0.69265
5561.395508	4.21095
5562.940430	9.02906
5564.377441	6.49108
5565.741211	20.0735
5568.695313	2.26183
5571.460449	2.82383
5572.888672	5.68694
5573.802246	5.87269
5576.410645	0.70366
5578.460938	41.5184
5584.886230	0.760951
5586.925293	42.2039
5589.058594	14.4114
5593.154297	61.3761
5596.530762	2.27054
5598.164551	9.26215
5599.200684	4.93649
5601.327637	0.832779
5602.565918	6.03327
5605.100586	21.598
5607.091797	45.8243
5611.252441	49.9259
5616.199707	7.57077
5620.996582	5.94314
5622.462402	4.48186
5624.314941	3.89756
5626.547363	6.5989
5628.141602	4.45476
5629.289063	2.31062
5630.751465	10.8187
5633.578613	6.68446
5634.774414	15.1166
5637.680664	0.202106
5638.651855	0.263368
5639.876953	4.71939
5642.387695	2.71196
5645.789551	9.7673
5648.673828	52.6408
5653.702637	37.5992
5658.233398	41.7353
5660.323242	6.78748
5663.252441	7.18227
5666.233398	3.21309
5667.076172	0.804026
5668.926270	2.06544
5670.064453	2.52102
5671.215820	2.10886
5672.191406	1.0753
5673.755859	13.4369
5677.721191	28.9572
5679.134277	15.9832
5682.031250	0.285185
5683.548340	1.02518
5685.388184	1.54893
5686.821777	4.41143
5688.841309	1.9074
5690.238770	1.46764
5692.285156	15.3131
5697.613770	35.1078
5702.102539	16.1504
5703.867188	5.86064
5705.461914	4.5093
5707.483887	8.87749
5709.959473	1.94787
5717.314941	32.1752
5718.592285	2.38031
5719.887695	1.01988
5721.549316	15.7481
5724.192383	7.44055
5726.522461	10.1106
5729.074219	5.14466
5732.169922	0.0789573
5736.817871	25.3797
5738.480957	26.3656
5742.645508	13.5253
5745.467773	71.3506
5751.309570	21.4539
5756.552246	6.34625
5758.754395	51.5884
5761.834961	27.3495
5764.074707	15.6604
5766.693848	85.8824
5774.474121	133.715
5780.343750	22.4728
5781.923828	62.3701
5789.685547	26.1662
5791.698730	11.7873
5794.244141	2.84906
5796.670410	8.11334
5797.541992	5.91332
5799.539063	15.4579
5802.487793	3.1594
5806.180664	24.2829
5810.830566	43.2297
5813.102051	14.2103
5815.421875	16.9791
5817.551270	9.67687
5822.644043	148.931
5826.983398	3.19833
5830.044922	2.19902
5834.632813	73.0599
5837.309082	11.7223
5840.010742	2.6658
5841.641602	6.41994
5842.944824	24.0283
5846.425293	34.0932
5848.305176	11.053
5851.091797	19.526
5856.113770	1.79333
5858.865234	6.06193
5860.622559	3.69956
5863.203125	1.72322
5865.371582	10.3367
5869.512207	1.87852
5870.739746	5.43604
5873.870605	5.41166
5876.542969	7.41053
5879.686035	9.34336
5883.511230	60.0986
5888.471680	64.8279
5893.212891	11.6025
5898.783691	25.0758
5902.835938	63.2398
5906.698242	0.29656
5910.689941	4.43444
5914.555664	10.2564
5916.727539	35.7068
5922.464844	32.1327
5924.875488	22.1075
5928.277832	10.0145
5930.167969	17.021
5934.255859	12.1217
5937.597168	23.3053
5940.478027	125.934
5945.330078	17.8065
5946.383301	1.16372
5948.224609	19.8831
5950.670898	37.104
5956.438477	71.6899
5961.923828	61.7278
5967.246094	9.91251
5971.826660	2.71241
5973.312500	1.8219
5975.308105	1.2247
5977.707520	2.48316
5979.365234	2.4082
5980.782227	3.27922
5982.440430	11.5971
5985.222656	0.648465
5987.675781	3.5375
5994.413086	16.8704
5995.652832	3.205
5997.559082	10.3698
5998.946777	14.7008
6001.798828	32.0147
6003.878418	62.9816
6011.866699	128.663
6014.979980	1.39229
6018.522461	107.396
6025.615723	15.3422
6030.825195	12.2232
6033.407715	6.60651
6035.246094	4.11484
6036.806152	4.53872
6039.522461	4.48609
6041.696777	11.4649
6043.129395	15.1741
6044.388184	34.4806
6047.322266	14.0436
6051.666504	5.39193
6053.766602	70.5204
6063.009277	14.9136
6064.465332	1.23336
6065.694824	5.23102
6068.532715	9.43827
6069.897461	0.511846
6071.470215	4.37749
6073.363770	9.92349
6076.209473	12.3944
6078.435059	16.4842
6081.312500	162.688
6082.998047	90.5962
6088.380371	16.9205
6090.748535	61.2477
6095.832031	33.6068
6097.442871	32.7957
6102.013184	36.5639
6104.771973	78.2641
6106.581055	74.2316
6109.505859	24.6486
6113.450684	45.0717
6121.895508	123.661
6124.214844	58.1553
6126.800781	31.37
6129.661133	8.28999
6133.768555	48.794
6137.359863	4.46842
6139.892578	39.2851
6142.088867	97.1259
6159.353027	46.2341
6160.722168	5.8927
6164.367188	139.734
6174.598145	64.3546
6179.409668	18.1534
6181.026855	10.2662
6183.972656	5.56561
6186.172363	4.30633
6189.693359	5.41338
6192.309570	14.0897
6194.687500	6.4386
6197.340820	3.54734
6200.003906	2.59354
6204.874023	105.483
6211.991699	0.468615
6217.545410	69.8671
6218.901367	77.335
6227.778809	148.946
6237.921875	105.845
6242.031738	2.31579
6244.650391	1.60142
6247.578125	7.61801
6250.427246	1.99211
6253.901367	36.1768
6255.079590	45.911
6259.101563	7.59693
6261.059570	12.7147
6265.525391	23.2338
6269.962891	5.23799
6271.903809	5.48147
6275.805176	10.6975
6278.296387	8.08619
6280.936035	6.98206
6283.315918	1.83734
6285.184082	1.79159
6289.296875	1.18011
6291.385254	4.04994
6293.774414	7.43777
6296.167969	2.11889
6298.803223	2.78561
6300.898438	2.85992
6302.123047	0.406017
6303.765137	6.37485
6307.840332	6.37759
6310.664551	0.565345
6313.466797	3.03652
6315.665039	0.944159
6317.366699	0.254021
6320.570801	9.54584
6324.555664	1.04644
6326.526855	2.63513
6329.362793	0.221671
6334.460449	15.7467
6338.536133	13.6744
6341.258789	16.2287
6343.632324	18.8775
6350.953613	71.2542
6353.170898	16.1636
6355.531738	10.3805
6358.247070	4.13855
6360.534668	19.582
6363.600098	16.498
6365.228027	34.1072
6372.112305	31.3344
6375.453613	4.27072
6377.624512	11.8446
6380.244141	1.67137
6381.952637	1.27653
6383.690430	2.20323
6386.026367	10.4651
6394.031250	70.7164
6400.069824	29.1833
6404.126465	91.2732
6409.278320	5.63796
6412.729980	31.3892
6418.891113	57.6321
6425.905762	10.722
6429.517578	46.5917
6436.877930	44.505
6440.555664	27.7009
6442.449707	12.6888
6445.228027	9.94704
6448.247070	16.4535
6450.830566	2.24293
6454.951660	9.70429
6456.270508	4.95179
6459.665527	11.0209
6460.661621	2.14327
6462.187988	10.3438
6465.755371	38.7199
6471.233887	46.1433
6476.021484	45.0777
6483.391602	91.8929
6491.356934	14.9352
6494.543945	14.2435
6497.482422	5.82534
6501.025879	98.2169
6518.998535	112.376
6525.459473	18.1577
6527.340332	28.2062
6530.356445	1.48931
6532.940918	56.5222
6535.113770	3.86
6538.636230	15.553
6540.923340	23.0975
6545.738281	3.08697
6550.276367	28.9845
6553.994629	107.057
6557.638672	17.7486
6559.215820	28.2085
6562.343750	6.41132
6564.168945	12.946
6567.540527	6.15805
6570.250488	17.072
6575.766113	245.062
6577.930664	319.584
6593.544434	304.719
6595.696777	179.157
6603.647949	25.8537
6611.094238	95.3225
6612.773926	107.545
6619.842285	132.415
6639.160156	33.894
6642.343262	20.9924
6644.485840	45.0034
6654.345215	145.653
6662.113770	11.4308
6663.919922	2.28711
6665.457031	6.82329
6668.079102	12.4628
6671.153320	16.0279
6673.066895	22.6874
6678.295410	86.1356
6681.772949	3.25883
6685.062500	58.7322
6688.500488	3.07238
6690.903809	38.9733
6694.897461	22.429
6697.033203	16.8024
6699.792969	4.51842
6703.894531	19.0986
6709.750977	23.3088
6712.982422	2.82417
6716.104492	5.33206
6718.351074	6.41624
6720.573242	17.5378
6723.511230	32.2802
6731.346680	116.532
6741.575684	17.9977
6748.355957	8.96832
6755.375977	11.2674
6757.865234	9.97437
6762.273438	55.0979
6768.163086	21.0154
6773.400391	4.32009
6779.971680	68.3921
6785.166992	3.39545
6788.186523	4.87056
6791.437500	32.2074
6796.469238	1.37592
6800.623535	21.8007
6804.299805	84.0083
6810.989746	50.514
6815.650391	16.1202
6821.248535	26.7971
6829.301270	27.8938
6833.600098	0.0141147
6837.752441	23.9644
6840.391113	1.70275
6843.139648	10.2087
6845.256836	2.87071
6846.974609	3.57764
6848.729492	1.62067
6850.493164	10.9842
6853.665039	10.1428
6856.026367	10.1185
6858.801758	2.88724
6861.301758	5.05357
6866.208008	10.4402
6870.030762	3.16062
6872.852539	1.4748
6877.653809	5.63447
6878.869141	0.0891263
6883.457031	5.96778
6885.916016	4.47587
6889.847656	27.4071
6894.432617	21.7114
6896.537598	8.45457
6899.475586	3.82345
6901.170898	1.77585
6902.810547	1.26919
6904.326172	1.50815
6905.866699	0.856757
6909.134277	1.90477
6911.060547	22.4857
6915.321777	0.951511
6920.053223	57.6806
6927.061035	29.8949
6931.597168	4.03016
6934.467773	0.541521
6936.101563	0.674407
6937.923828	1.79061
6939.528320	0.392231
6941.275391	0.17213
6944.991211	25.2728
6949.746582	10.8538
6952.335449	19.4752
6955.125488	17.8278
6958.012695	15.5141
6961.836426	16.5254
6963.407715	49.0983
6968.828125	67.1814
6972.847168	3.82546
6974.853027	7.75915
6977.995605	1.81773
6979.712891	0.685465
6981.318359	7.15196
6988.893066	27.1518
6994.671387	34.0973
6997.062012	40.0529
7005.708008	254.85
7009.600586	76.0066
7017.968262	215.518
7028.533691	158.393
7031.747070	18.0642
7034.511719	41.6542
7037.296387	5.03551
7039.539551	9.96408
7040.752930	46.9176
7044.569824	38.0041
7047.556641	18.8203
7052.972656	9.13831
7056.176270	20.1026
7061.187500	136.517
7068.362305	48.2185
7071.631836	3.31974
7073.971680	70.9383
7082.965332	56.7125
7087.657715	14.2321
7090.543457	16.0266
7094.423828	6.44457
7097.712402	26.1484
7099.820801	2.65312
7104.210449	213.977
7113.143066	24.6292
7115.404297	25.2108
7117.830078	29.1994
7121.152344	16.4112
7125.112305	7.07153
7128.207031	16.1188
7130.943359	21.8372
7134.005859	15.5087
7136.358398	3.55522
7138.083984	8.6071
7142.809082	261.146
7154.395508	133.979
7156.517578	152.887
7165.298828	21.415
7167.538086	14.7853
7173.120117	315.435
7185.016113	35.9528
7186.827148	1.76151
7188.320801	15.8054
7192.482910	17.0669
7195.089844	15.1087
7200.369629	3.61447
7202.939941	4.0077
7205.387695	1.12636
7207.095703	1.34303
7208.984375	5.62256
7211.333984	0.235041
7213.202637	5.52776
7216.938965	26.0237
7218.487793	20.5257
7221.988281	19.2537
7224.674316	17.7574
7227.201660	4.44169
7230.305664	4.39268
7231.531738	0.611457
7232.936035	0.915517
7235.250000	0.286494
7237.558105	6.64302
7240.986328	2.83578
7243.068848	1.34692
7243.968262	1.01737
7246.081543	3.07535
7249.196777	1.15254
7253.522461	14.2923
7256.446289	2.50438
7259.073730	6.42594
7261.715332	1.78874
7264.097168	16.3904
7266.516602	2.55104
7268.369141	3.5118
7272.763672	25.9517
7277.239258	40.7007
7281.072266	9.79935
7283.731445	7.34905
7285.952148	24.685
7291.878906	36.3002
7297.118652	15.7572
7298.762695	2.79476
7302.954590	47.8664
7310.160645	12.75
7313.256836	40.3523
7317.013184	42.0724
7324.810547	40.9935
7327.331055	79.1751
7336.820801	28.3488
7343.424805	9.82885
7346.066895	8.9203
7350.610352	85.8938
7354.444824	18.6467
7357.600586	11.4906
7360.104004	13.9643
7363.531250	4.40168
7365.422852	2.80694
7371.089355	64.1322
7378.562012	8.14296
7380.866211	2.4648
7383.259766	3.42294
7385.631348	0.778648
7387.235352	1.91391
7389.400879	3.22378
7391.725098	1.14123
7394.143555	6.70619
7396.478027	3.93398
7398.630371	17.096
7401.560059	4.39697
7404.384766	5.52671
7406.744141	0.636058
7417.958984	115.484
7424.922852	74.8282
7432.814941	73.625
7438.459961	3.33261
7443.588379	3.14695
7446.946289	9.87242
7449.978516	37.7941
7452.818848	8.76358
7456.262695	12.11
7459.174805	22.1792
7461.335449	43.5035
7464.940430	7.5136
7466.502441	56.9109
7471.589844	4.55243
7478.019043	69.6804
7480.427734	33.4378
7488.071289	40.0903
7490.077148	11.32
7494.018555	24.5325
7498.791992	4.1253
7502.736816	26.9509
7510.018066	10.4328
7511.989746	11.1165
7514.054688	15.6936
7517.493652	35.578
7528.020996	189.419
7542.874512	73.6399
7546.743652	3.92878
7550.230469	43.2892
7554.822754	6.43396
7556.619629	5.47314
7559.983398	1.51841
7566.469727	13.7889
7568.800781	4.51588
7572.343750	4.39663
7574.577148	2.15363
7576.837402	6.07986
7579.226074	1.83211
7581.870117	10.6867
7584.710449	14.6454
7587.444824	5.01435
7590.256348	9.86959
7594.573242	7.34107
7597.620605	21.0271
7599.791992	13.3732
7606.238281	21.6737
7609.377441	2.6469
7613.254395	9.79254
7616.182129	5.87827
7618.873535	16.6252
7622.391602	20.3842
7625.249023	11.1896
7627.331055	11.079
7628.904785	3.84815
7630.632813	3.97074
7632.392090	7.01629
7635.373047	2.34697
7636.897461	1.83555
7639.275391	5.7098
7642.536621	24.67
7645.050781	41.8438
7650.282227	25.4966
7652.338867	8.95337
7655.528809	6.63802
7667.520996	17.8185
7670.326660	7.70004
7672.561523	1.28279
7673.688477	1.46338
7677.471680	33.0258
7686.704590	3.16884
7689.295898	1.40333
7694.809570	16.9227
7699.254395	10.2961
7709.214844	51.5668
7710.829102	36.124
7717.479004	60.2508
7724.205566	31.8502
7728.715332	14.5161
7730.595215	4.62349
7732.400391	8.03493
7735.991699	3.7188
7738.295898	1.88644
7743.247070	33.2116
7749.193359	7.60488
7751.940918	14.6117
7755.122559	12.733
7758.020020	2.92396
7761.472656	3.05197
7766.772461	0.741269
7774.193359	5.79193
7776.570801	2.59422
7780.147461	6.48283
7782.532715	0.754941
7786.629395	6.07967
7789.929688	9.27791
7792.369629	23.71
7799.392090	17.1443
7805.677246	2.52793
7816.080566	13.4868
7824.111328	49.7461
7830.944824	18.201
7838.319824	7.91535
7843.630371	10.8547
7846.910645	5.04634
7849.297363	3.53026
7852.527832	13.0963
7859.142090	35.6777
7866.811523	11.1996
7871.222656	16.0879
7877.242188	1.7302
7882.555664	16.6111
7885.241699	0.829386
7887.835449	2.81175
7891.834473	14.6787
7896.563477	6.93846
7899.606445	8.86071
7901.502441	17.9019
7906.280273	2.76977
7908.081055	2.35768
7909.737305	1.29256
7913.481445	9.13375
7915.815430	10.9639
7919.017578	7.28617
7923.474609	62.7971
7929.311523	6.40635
7933.261719	3.96382
7934.755371	2.1412
7937.934570	0.378561
7941.163086	15.5567
7949.632813	1.04714
7953.643066	4.93194
7956.960449	92.4244
7966.813477	24.6777
7969.310547	4.98741
7970.749512	1.47041
7973.591797	5.74739
7976.311035	4.67064
7979.381348	28.5957
7982.204590	85.223
7991.248047	43.3867
7993.469238	9.4734
7995.198242	0.261301
7996.539063	23.8812
8003.605957	15.2536
8011.524414	22.1333
8015.340332	4.07393
8017.489746	5.09184
8020.554199	13.0706
8023.247559	2.81504
8026.854004	5.95674
8030.088867	1.77087
8032.079590	0.68513
8033.450195	0.401887
8035.355469	0.28169
8037.217773	2.59331
8039.394043	2.75032
8040.876465	0.125494
8042.782715	1.22923
8044.846191	1.19271
8050.319824	1.59113
8052.503906	0.487243
8054.456055	0.549129
8056.410156	1.82623
8059.075684	1.76287
8062.430664	0.491415
8067.853027	1.78085
8070.295410	1.73398
8074.790527	35.7108
8083.402344	44.3741
8088.120117	0.17407
8093.129395	7.02108
8095.573242	3.88494
8100.604980	2.53608
8104.060059	6.6528
8105.877441	9.13761
8111.696289	14.6913
8116.784668	3.88265
8119.165527	1.91375
8122.598145	1.37938
8126.507324	9.45458
8130.321777	8.55326
8133.312988	4.72335
8137.971680	23.2535
8148.124023	28.8766
8156.046875	3.47365
8158.820313	7.99445
8161.499512	10.7046
8171.520020	5.75072
8176.101563	7.91641
8180.239746	9.93076
8182.662598	2.96084
8189.157715	9.29205
8196.227539	4.71667
8198.034180	0.723402
8200.540039	0.103667
8203.919922	7.99366
8209.276367	1.83636
8214.398438	63.9722
8225.204102	21.7089
8226.933594	5.32966
8230.634766	13.3109
8239.435547	56.9694
8250.752930	34.0655
8257.499023	28.6093
8273.887695	22.3544
8277.516602	5.35959
8279.670898	2.34884
8281.121094	0.913092
8282.955078	6.18848
8289.352539	9.93425
8295.368164	3.91351
8298.601563	4.21508
8301.741211	2.37039
8303.969727	0.336938
8307.506836	1.02659
8310.597656	2.31511
8313.431641	0.915135
8316.857422	1.95713
8320.243164	5.40459
8326.123047	0.911634
8328.498047	0.807149
8330.601563	4.3176
8333.375977	2.68689
8336.212891	0.636428
8338.200195	1.98165
8341.248047	3.32915
8344.201172	1.2094
8347.090820	5.19918
8355.442383	10.5619
8360.606445	2.90473
8362.355469	0.381033
8363.823242	0.781296
8366.014648	0.36417
8368.438477	0.47027
8369.957031	0.589507
8371.846680	0.671897
8373.429688	0.207878
8375.510742	0.323783
8377.251953	0.150858
8379.262695	0.571788
8389.343750	0.244452
8392.247070	3.04049
8397.137695	4.94737
8403.816406	18.4878
8411.201172	10.0719
8416.381836	2.92023
8429.041016	2.54299
8433.692383	5.51484
8436.879883	3.52234
8439.374023	3.84849
8443.717773	2.38351
8446.637695	6.19985
8450.163086	1.25957
8452.845703	1.72557
8456.487305	0.368948
8459.242188	5.68914
8467.235352	6.77426
8477.496094	6.12089
8486.546875	22.455
8492.331055	41.8807
8498.557617	12.318
8503.481445	6.76477
8510.214844	4.47162
8519.364258	1.30022
8522.416016	1.43746
8525.992188	3.28112
8529.648438	9.78609
8535.984375	5.05509
8538.099609	0.877943
8541.760742	1.24431
8543.823242	0.642605
8545.826172	0.415181
8548.288086	8.94494
8569.895508	0.233367
8573.983398	0.536676
8577.051758	0.288163
8580.022461	0.173405
8583.219727	0.736424
8590.304688	1.98035
8595.668945	3.59291
8598.934570	1.95604
8601.976563	1.32853
8604.969727	0.386313
8607.044922	0.0578384
8617.119141	25.655
8646.051758	6.68439
8649.451172	0.0414446
8651.680664	0.89277
8653.647461	0.682728
8655.141602	0.153938
8657.401367	0.284699
8659.213867	0.0916362
8675.863281	44.4717
8733.631836	6.20032
8739.938477	1.19361
8741.781250	1.12707
8745.144531	0.0988033
8747.073242	0.351889
8748.883789	0.237961
8750.571289	0.139869
8752.753906	0.132301
8754.709961	0.12634
8762.061523	0.0407946
8763.535156	0.138137
8765.434570	0.29634
8767.389648	0.245888
8769.111328	0.109225
8771.147461	0.150121
8775.815430	12.3059
8790.253906	5.2606
8795.516602	0.634536
8796.720703	0.0147522
8797.776367	0.0897242
8800.008789	0.729033
8803.341797	4.52035
8808.016602	12.8035
8810.356445	5.5835
8814.110352	1.81948
8819.695313	24.3984
8848.419922	6.35578
8852.529297	0.435097
8857.509766	5.42568
8861.603516	3.90598
8864.237305	1.70095
8867.129883	0.268729
8874.138672	2.24474
8876.729492	0.200394
8880.802734	0.0623431
8886.460938	17.8907
8923.632813	195.032
8942.418945	0.0021733
8944.275391	0.0284112
8947.650391	2.63482
8952.369141	0.893233
8955.611328	1.41755
8958.503906	1.12543
8961.602539	0.459396
8963.971680	0.00115985
8966.081055	1.1026e-007
8967.322266	3.67533e-008
8967.943359	3.67533e-008
8968.874023	7.35065e-008
8970.348633	1.01071e-007
8971.590820	4.59416e-008
8972.289063	3.67533e-008
8972.833008	2.75649e-008
8973.763672	8.26948e-008
8974.944336	0.0140124
8977.055664	0.581169
8979.732422	3.34341
8984.371094	3.20827
8987.085938	0.666431
8989.473633	0.132075
8991.238281	1.28636e-007
8993.102539	9.18831e-008
8994.035156	1.83766e-008
8994.579102	4.59416e-008
8995.666992	8.26948e-008
8996.911133	6.43182e-008
8998.101563	0.00795855
9001.127930	0.90638
9005.299805	0.000482117
9006.969727	0.0178864
9010.498047	1.80012
9014.782227	0.00103991
9016.275391	7.35065e-008
9017.910156	1.19448e-007
9019.465820	6.43182e-008
9021.178711	8.26948e-008
9020.244141	2.75649e-008
9022.364258	0.0195542
9025.946289	36.6303
9033.653320	22.0974
9036.813477	0.444829
9038.778320	4.59416e-008
9037.999023	4.59416e-008
9039.479492	3.67533e-008
9040.414063	7.35065e-008
9041.583008	6.43182e-008
9042.751953	7.35065e-008
9043.999023	7.35065e-008
9045.532227	0.42365
9047.541016	8.26555
