TITLE "<<230126_YS_CKF_C14_PM9122_RM6607W_ThermoSIN_MSMS1kVPos_Sen_MetON_RedTrx_XCal_TIS_100Da_10K_6800hv>> 4700 MS/MS Precursor 9122 Spec #1=>AdvBC(32,0.5,0.0)=>NR(2.00)=>SM31=>CT[BP = 7250.7, 1624]" CENTROID
TYPE MASSSPEC
9.975488	15.0132
10.858182	0.395331
11.023239	0.0785879
11.120401	0.208547
11.176319	0.128214
11.234570	0.029241
11.316913	0.0258727
11.359931	0.00820949
11.401108	0.000691653
12.059957	2.23925
16.049564	5.72043
18.205002	0.167596
18.287863	0.0549059
18.336000	0.0531515
18.378311	0.00702729
18.462818	0.0101766
18.520657	0.00771688
18.562170	0.00446776
18.690311	0.396033
19.656677	1.45451
19.844564	0.119754
19.969299	0.0670622
20.139284	0.0318012
20.516867	0.464348
20.672001	0.121332
20.743690	0.0597814
20.837887	0.247229
20.922264	0.172509
21.000885	0.0418402
21.105467	0.0431083
21.168802	0.0140276
21.242481	0.0130869
21.471315	0.0480735
21.577328	0.175061
21.695091	0.565998
21.780142	0.715933
21.886787	0.0497365
21.963652	0.172601
22.076210	0.261237
22.187031	0.0257662
23.042316	8.34832
23.791967	0.0677304
23.871082	0.097266
23.980843	0.120329
24.181150	0.11624
24.360607	0.865702
25.112764	0.0671628
25.250895	0.0852024
25.336159	0.0574359
25.429348	0.0235587
25.540701	0.0294944
25.934881	0.282835
26.033815	0.0159687
26.199783	0.0720174
26.412012	0.11767
26.503399	0.361381
26.606075	0.373657
26.722685	0.00996099
26.806673	0.0596347
26.931950	0.073668
27.207594	0.0839392
27.330832	0.369067
27.484509	0.779485
27.576218	0.550419
27.668581	0.198987
27.787308	0.188848
27.889553	0.0876421
28.446955	6.75085
29.905838	4.85367
30.022236	1.63413
30.307762	1.43907
30.781893	0.500538
31.135580	0.768555
31.293106	0.549092
31.497776	0.489654
31.726290	4.41669
33.356964	0.181424
33.518520	0.215618
33.616966	0.122407
33.714146	0.0634568
33.854088	0.0413502
33.942337	0.0238315
34.887371	2.70469
36.894402	7.45869
37.766212	26.1279
38.426281	3.20947
38.727985	62.1096
39.124973	2.57053
39.538895	4.54764
40.173496	4.7354
40.679363	1.05014
42.708981	14.4617
42.962070	0.444268
43.085594	0.428361
43.204987	0.184256
43.336979	0.250205
43.456467	0.124636
43.574757	0.163725
43.730534	0.107689
43.811977	0.0135887
43.876862	0.0191319
43.984867	0.0342207
44.189854	6.5913
44.704311	5.0247
45.145950	1.53231
45.487404	0.896209
45.716843	0.339868
45.924110	0.762298
46.095818	0.465324
46.354862	0.134368
46.515350	2.22647
48.976780	18.9759
49.419334	12.078
49.848648	28.0979
50.736523	0.116409
50.915462	5.7152
51.599236	0.476324
52.163609	13.2012
53.299267	5.30591
54.523285	0.236195
54.633095	0.109644
54.943886	0.426375
56.931995	31.1615
57.457527	6.55616
58.503361	9.29898
58.822388	6.31047
58.937469	1.26703
59.443123	132.862
59.589134	43.3246
59.668671	3.46707
59.788387	49.1374
60.028263	82.8823
60.214344	8.54567
60.326088	28.815
60.511452	3.02894
60.633606	37.0188
60.796875	15.4648
60.979324	18.264
61.192364	54.653
61.480587	5.52949
61.566223	0.458308
61.767426	34.8851
61.904980	4.73943
62.042534	14.127
62.313793	13.6467
62.599739	46.1747
62.904686	0.971404
62.990299	1.08048
63.207474	15.4039
63.362339	16.9178
63.868523	67.5039
64.455627	37.7093
64.966255	1.15177
65.369225	28.1122
66.027618	32.1466
66.642845	22.1974
67.276352	21.7394
67.778931	2.07043
68.027252	0.553013
68.283478	1.45386
68.792984	3.79891
69.194427	0.505911
69.433289	4.53652
70.094154	10.6024
71.128479	3.83013
71.756874	8.14514
72.357155	5.70663
73.042152	0.0258525
73.375954	0.816156
73.778519	16.1154
74.792931	8.94328
75.392952	1.74452
75.611633	0.161288
76.026230	3.71144
77.303352	2.48344
77.705116	2.42046
77.937180	3.75494
78.491882	10.866
78.685654	3.42883
79.091049	1.00405
79.320580	0.699655
79.486702	0.434779
79.642105	2.37404
80.104477	0.325676
80.629402	34.9901
80.959229	2.42641
81.205040	8.66061
81.629326	51.4587
82.630493	56.7761
82.882668	45.9951
83.856392	36.371
84.473534	0.353352
85.070862	5.7559
85.687843	1.35765
85.959885	2.80534
86.296112	1.82164
86.567131	0.819735
86.963806	8.25962
89.018211	0.691149
89.357468	0.542159
89.674088	0.254438
89.922569	0.417406
90.723679	2.64996
92.156532	2.75801
92.426765	1.05774
92.762894	0.423487
92.971443	0.759991
93.159920	1.1942
93.303307	1.58658
93.564819	4.55566
93.857109	2.74795
94.119255	2.10332
94.809357	1.62095
94.960793	0.178438
95.506775	2.27889
95.942146	4.11365
96.206154	4.15708
96.526314	1.30129
96.699684	0.185416
96.886101	3.43662
97.310425	4.40678
97.616699	0.604042
98.007889	10.2876
98.355057	8.94414
98.646103	5.57346
98.827179	0.723389
98.982170	2.38394
99.184807	22.016
100.160683	10.5043
100.401199	2.33179
100.741890	0.67579
100.984726	0.294167
101.125832	0.46243
101.470901	5.49562
102.067741	1.01571
102.758247	0.384741
103.068985	0.185358
103.294998	0.110308
104.070877	1.11686
104.272758	0.443494
104.546410	0.256041
104.775040	0.91907
104.938629	0.0396007
105.152649	0.206663
105.920685	2.58051
106.649811	5.78702
106.907936	0.491569
107.086037	1.10172
107.310585	8.44041
108.306114	2.63435
109.419182	1.88561
109.670776	1.21027
110.007744	1.9282
110.308563	0.897869
110.638702	1.58276
111.581131	10.5067
112.337746	5.71155
113.018814	4.4615
113.326790	1.83368
113.908928	9.76707
114.661804	4.90948
114.941956	1.19456
115.311531	5.21028
115.891685	0.945062
116.075516	3.60081
116.276421	2.18933
116.503784	6.37447
116.691696	1.88468
116.876968	1.53888
117.143005	10.9926
118.000420	0.0892739
118.235634	0.738725
118.412086	0.598373
118.636185	0.395016
118.824173	1.43861
119.634575	3.01848
120.313843	21.6635
120.953690	10.7425
121.698151	4.59784
122.027092	2.08541
122.231720	1.10441
122.379761	0.654951
122.588707	3.07916
123.209541	2.4979
123.386757	14.5658
124.751175	16.5001
125.095451	4.60269
125.527657	3.8833
125.715195	0.806412
125.943001	0.973678
126.140076	0.664288
126.341400	2.04013
126.769562	0.301459
127.073563	12.7742
128.870865	22.8421
129.232513	40.5486
130.388596	17.0701
131.089355	17.8736
132.254715	0.595757
132.607071	1.90126
132.960464	1.03778
133.223999	0.39622
133.379349	1.60891
133.891434	0.78481
134.185822	3.2018
134.514969	0.129048
134.671066	0.0371347
134.882706	0.0925253
135.140488	2.34576
135.666397	1.46596
136.000214	1.53478
136.400742	1.05544
136.716202	0.612215
137.032593	0.244207
137.204086	0.169732
137.472733	0.309783
137.670197	0.665281
138.447159	4.16304
138.766083	1.03983
139.165314	0.901255
139.751938	1.53524
139.982376	0.541321
140.270233	4.78447
141.390137	16.6276
144.569244	15.1013
144.887283	2.91371
145.207108	24.1918
147.600601	18.4782
148.054352	1.70203
148.360260	2.28694
148.549957	7.75801
149.158234	10.5424
149.371765	11.5192
150.082870	8.75523
150.420212	2.40794
150.792770	2.0596
151.183884	0.790136
151.496613	5.4305
153.010574	0.361754
153.311935	9.93883
155.229370	26.0936
156.517593	13.5569
157.277802	10.2645
159.327972	3.82134
159.663773	1.73093
160.354614	8.42633
161.113861	14.4673
162.909058	7.57966
163.168747	9.70231
163.929459	0.270381
164.706985	14.529
165.893509	1.11302
166.341797	0.0595058
166.659500	0.171781
166.880310	0.125771
167.107651	0.0585559
167.397644	0.0500457
167.612457	0.0218969
168.667114	0.228926
168.926239	0.045245
169.161072	2.469
169.910278	5.25973
170.785889	2.20973
171.052948	0.123014
171.429367	0.0245506
171.619873	0.291457
171.885361	0.215227
172.064011	0.0433232
172.393143	0.074501
172.589172	0.0192691
172.814270	0.115221
173.054321	0.0505928
173.253998	0.0419291
173.586166	0.0218702
173.928238	0.864387
175.983231	1.53635
176.767059	1.13937
177.341049	5.01469
178.005371	3.05756
178.396164	0.927104
178.840012	0.598587
179.384583	0.174301
179.587662	0.0542825
179.802063	0.136176
180.169418	0.0124647
180.315460	0.0170236
180.473297	0.00124621
181.969238	3.99547
183.317276	0.635654
184.349823	2.70483
185.131195	2.45774
185.391907	1.00007
186.002304	0.550565
186.310822	0.929491
186.440994	0.120391
186.891388	9.00511
188.445984	0.227487
189.098175	13.9796
189.347488	14.5643
189.848816	0.791871
190.790741	11.7787
191.590744	2.97006
192.347183	0.644294
192.542130	1.21062
193.098236	0.103974
193.278091	0.0185477
193.584686	2.45068
194.438522	0.110059
194.770859	1.14805
195.209106	0.316899
195.752945	6.13266
198.549530	1.01771
198.883530	0.00987442
199.066849	0.0307454
200.425705	1.0992
200.751892	0.363139
200.995880	0.290953
201.227478	0.158619
201.532623	0.138907
201.799316	0.0985583
202.085632	0.135562
202.253647	1.44305
202.875137	3.08637
203.234818	2.59408
203.711502	0.646802
204.214905	0.687287
204.663773	0.417138
204.870560	0.139738
205.280228	5.51646
205.865585	4.21822
206.194305	3.93926
206.617477	3.08793
206.852341	0.223568
207.096329	1.21878
207.456772	0.534248
207.653137	0.141084
207.938065	0.126523
208.959946	0.0843106
209.268890	0.0454201
209.471710	0.356831
209.846100	0.727069
210.124298	0.633243
210.358444	0.559834
210.650803	0.190259
211.015259	0.88359
211.419357	0.703885
211.921219	0.305881
212.642365	6.04593
214.264694	8.00854
214.900192	0.490798
215.312103	6.24122
215.872208	0.0106381
216.843933	3.76228
218.135040	0.758938
218.487381	0.203383
219.035263	0.205899
219.457108	0.0968845
219.866928	0.908397
220.364105	0.42512
220.763046	0.311985
221.239410	0.21489
221.535477	0.300237
221.751068	0.0159414
222.097168	0.105293
222.382416	0.0531481
222.619598	0.0202977
223.013901	1.05318
224.560593	24.9642
225.780136	11.9882
226.146957	2.08096
226.738510	2.04653
226.939301	0.35732
227.516144	6.3017
229.370575	17.4848
231.043900	1.61126
232.578415	4.68477
233.926270	1.71227
235.910736	0.0301552
236.280502	0.13978
236.773407	2.25304
238.121338	2.96208
239.182983	1.3856
240.549164	0.737185
240.957870	3.9203
243.188309	6.05402
244.883057	4.9374
246.277405	1.06299
247.733017	0.0090474
248.145706	0.0511942
248.410141	0.0374271
249.041794	0.163785
249.397217	0.221172
250.600571	0.0490957
251.718369	1.9591
252.587799	0.223415
252.995392	0.189019
254.161636	2.76056
254.899246	1.64066
257.051575	2.09826
260.143951	0.254584
260.456177	0.0132681
260.851685	0.102262
261.205109	0.0740644
261.444977	0.0226559
261.817535	0.0405238
262.109314	0.0209235
262.386658	0.0764826
263.067871	0.00693356
263.271057	0.0390478
263.947266	0.00418761
267.181793	0.826559
268.132050	0.145604
268.572418	0.340919
269.295074	0.231903
269.504883	0.311619
269.896545	0.597051
270.600128	1.44255
271.168518	1.66528
271.646240	0.794742
272.179596	4.68979
274.829132	4.88916
275.494751	1.16615
275.992065	2.06898
276.684937	11.5209
278.525757	0.178197
279.489288	12.2339
281.141510	6.82124
281.789581	4.84163
282.496124	5.4945
283.000702	1.73889
283.646149	1.63609
283.925812	0.0075821
284.149414	0.0030225
284.318298	0.0163899
284.595703	0.592501
285.353607	0.0835967
285.676697	0.0571534
286.047882	0.0483458
286.350952	0.0289562
287.958527	1.15176
288.241211	0.229023
288.566742	0.373277
288.895264	2.01601
289.841095	0.0128741
291.233826	2.73491
292.422119	0.148325
293.133301	1.37492
295.098236	0.998032
297.037354	0.0947099
297.516388	0.193523
297.822754	0.115085
298.111053	0.0359985
298.525909	0.0356855
298.767731	0.0230016
299.019501	0.0261771
301.667480	2.19681
304.021179	0.722914
305.587738	1.74321
307.186096	2.18618
309.014191	11.7455
310.122986	2.62718
310.318298	0.0555833
310.641113	1.32944
311.596130	2.7918
312.153656	1.32802
312.980743	1.99598
313.630249	0.218175
313.969696	0.295153
314.256500	0.202255
315.218567	0.310071
316.190918	0.360226
316.759155	0.0319564
316.980957	0.156826
317.604126	0.144284
318.144043	0.1127
318.741852	0.0434829
319.351105	0.15051
319.875305	0.0961419
320.186829	0.140825
320.601898	0.0214845
320.886597	0.0373855
321.305878	0.0641797
321.836090	0.0451181
323.298950	0.370129
324.323853	1.06088
324.916870	0.525248
325.516205	0.272703
326.085022	0.173086
326.602844	0.087745
326.922485	0.0524828
327.228149	0.0258632
327.652710	0.0203698
327.917114	0.00948879
328.265289	0.018011
332.193237	0.0267025
332.593323	0.0100642
332.834076	0.0256711
334.424011	2.24821
336.907166	2.8766
337.567047	2.27041
338.108582	0.737288
338.567841	0.193017
339.980408	3.2464
341.323364	0.119918
341.987305	0.368647
342.421967	0.308563
344.242035	1.58953
345.051178	0.66657
345.573639	0.180113
346.397675	0.306927
347.712524	0.73846
350.951782	0.0188248
351.170990	0.0134018
351.327240	0.0221398
351.983978	0.000871859
352.151794	0.01204
356.067230	0.352636
356.592041	0.149578
356.912842	0.177647
357.355835	0.0355104
357.677490	0.0401994
358.109558	0.0944218
358.922089	0.201369
359.423370	0.351293
359.746063	0.233395
360.077240	0.0989098
360.553467	0.140739
360.945038	0.0134783
361.193542	0.0268685
361.406830	0.0157791
361.692230	0.0866224
361.896118	0.0762231
362.493134	0.0147323
362.726135	0.0179404
362.894073	0.0182842
363.588715	3.7116
368.070465	0.178342
369.832886	0.600617
371.284637	0.583115
372.380493	0.506943
378.265991	1.65613
381.954285	0.0991944
382.502655	0.17327
382.835754	0.113096
383.188477	0.0473301
383.632416	0.0556454
383.925690	0.0244788
385.053833	0.860531
386.885986	0.301018
387.683807	0.240226
388.058838	0.218529
388.457306	0.763888
389.203064	6.87184
390.879150	3.41772
391.145233	2.91448
392.001068	0.403538
392.344604	0.782815
393.831177	0.756188
394.995544	1.8443
398.880157	2.34943
400.301941	1.09559
401.024933	1.93447
401.454163	2.13137
402.397217	0.107316
403.691528	0.439957
405.598602	0.878094
411.011353	3.04955
412.348114	0.210687
412.727234	0.0797462
412.943420	0.071867
413.560913	0.0529233
413.852631	0.167832
418.165344	0.48843
419.245270	0.0102027
419.513885	0.00648551
419.708496	0.0129515
420.468475	0.157512
421.150177	0.0590046
421.857391	0.0710132
422.276398	0.431393
422.788452	0.397661
423.032867	0.0165696
423.519135	0.2416
423.859680	0.263418
424.243317	0.516318
424.708008	0.0530192
425.029846	0.104707
425.528595	0.106198
426.533936	0.201575
428.022156	0.820966
430.335938	0.690221
432.048309	0.0460737
432.627350	0.00702143
432.923462	0.00601508
433.101593	0.000512695
433.234283	1.0584e-005
433.480072	0.000761895
433.788910	0.00760342
434.022980	0.00674503
434.177185	1.16267e-005
434.307312	3.68205e-006
434.552063	5.73905e-006
435.245209	1.36218e-005
436.107971	3.74329e-006
436.622650	4.0994e-007
436.995728	5.47753e-007
437.436493	5.8938e-007
437.893707	5.89485e-007
438.236847	2.9475e-007
438.465637	2.9475e-007
438.678192	2.52643e-007
438.808990	8.42142e-008
438.874390	8.42142e-008
438.939819	8.42142e-008
439.005249	8.42142e-008
439.070679	8.42142e-008
439.234253	1.68428e-007
439.136108	8.42142e-008
439.430603	1.68428e-007
439.332428	8.42142e-008
439.659760	4.21071e-007
439.856201	8.42142e-008
439.921692	8.42142e-008
439.987183	8.42142e-008
440.052673	8.42142e-008
440.118195	8.42142e-008
440.183716	8.42142e-008
440.249207	8.42142e-008
440.314728	8.42142e-008
440.380280	8.42142e-008
440.445801	8.42142e-008
440.511322	8.42142e-008
440.576874	8.42142e-008
440.642426	8.42142e-008
440.740753	1.68428e-007
440.839081	8.42142e-008
440.937439	1.68428e-007
441.035797	8.42142e-008
441.101379	8.42142e-008
441.166962	8.42142e-008
441.232544	8.42142e-008
441.298157	8.42142e-008
441.363739	8.42142e-008
441.527771	1.68428e-007
441.429352	8.42142e-008
441.626190	8.42142e-008
441.691833	8.42142e-008
441.757446	8.42142e-008
441.823090	8.42142e-008
441.888733	8.42142e-008
441.954376	8.42142e-008
442.020020	8.42142e-008
442.085663	8.42142e-008
442.151337	8.42142e-008
442.249817	1.68428e-007
442.348328	8.42142e-008
442.414001	8.42142e-008
442.512543	1.68428e-007
442.611084	8.42142e-008
442.758911	2.9475e-007
443.038208	4.21071e-007
443.251831	1.26321e-007
443.334015	8.42142e-008
443.399780	8.42142e-008
443.498413	1.68428e-007
443.597046	8.42142e-008
443.662842	8.42142e-008
443.728607	8.42142e-008
443.860168	2.52642e-007
443.991760	8.42142e-008
444.057556	8.42142e-008
444.156281	1.68428e-007
444.255005	8.42142e-008
444.320801	8.42142e-008
444.419556	1.68428e-007
444.584137	2.52642e-007
444.715851	8.42142e-008
444.847565	2.52642e-007
445.127502	4.63178e-007
445.391083	2.10535e-007
445.506439	8.42142e-008
445.638245	2.52642e-007
445.770111	8.42142e-008
445.901978	2.52642e-007
446.132813	3.36857e-007
446.297699	8.42142e-008
446.495636	4.21071e-007
446.693634	8.42142e-008
446.759613	8.42142e-008
446.825623	8.42142e-008
446.891632	8.42142e-008
447.056702	3.36857e-007
447.304321	2.9475e-007
447.535522	2.9475e-007
447.684174	8.42142e-008
447.783295	1.68428e-007
447.882416	8.42142e-008
447.948517	8.42142e-008
448.080688	2.52642e-007
448.212921	8.42142e-008
448.279022	8.42142e-008
448.378204	1.68428e-007
448.477386	8.42142e-008
448.560059	1.26321e-007
449.482880	0.0115624
453.672394	0.875042
456.617279	0.0462427
456.990387	0.0361866
457.886383	0.121858
458.726868	1.67728
460.312073	0.554522
461.095245	0.563937
461.678162	0.565969
462.308258	0.116422
464.078827	0.480657
465.273773	2.31622
467.575073	0.446813
468.279419	0.140347
468.569824	0.948196
469.201141	4.00473
469.583282	0.0670968
469.830353	0.43714
470.498535	0.150823
471.012848	0.0978816
471.578522	0.604521
473.106293	0.0710946
473.587067	0.302448
473.826935	0.0231427
474.348145	0.0943095
474.858917	0.350768
476.044373	0.515826
476.917633	2.51816
477.637573	2.64997
478.378021	0.625782
479.101868	0.679989
479.652985	0.0358296
480.187012	0.000625476
480.688385	0.0191893
480.971252	0.0152231
481.155029	0.0195808
482.018280	0.650086
482.562164	0.274887
482.864136	0.0506807
483.417755	0.19091
483.919922	0.177752
484.267303	0.729478
485.974304	2.04533
488.434296	1.45564
489.381683	0.411305
490.112244	0.132492
490.742676	0.0423943
491.433594	0.198518
494.000397	0.358599
495.241333	1.69915
495.906250	0.84724
496.209503	0.0424126
496.745453	0.208098
497.155731	0.0844494
498.320374	0.27967
499.490936	0.0898062
499.886108	0.0589583
500.169342	0.0210973
500.334137	0.0145975
500.782898	0.0258574
501.106415	0.0126919
502.357666	0.0531329
503.691284	0.212571
504.556396	0.850792
505.091888	0.930437
505.810974	0.0914035
506.037201	0.0821083
506.596191	0.184327
506.960815	0.00641861
507.179352	0.0140276
507.765228	0.0048314
508.166260	0.00491989
508.427063	0.00899415
509.103455	0.00854352
509.412018	0.0539228
509.816559	0.0625101
510.123840	0.0207539
510.377533	0.00102354
510.729095	0.0275866
511.066254	0.0229311
511.349823	0.00225172
513.499329	1.12365
522.654480	0.0141852
523.157776	0.0232136
523.485596	0.0200357
524.030273	0.0173563
524.427979	0.0105422
524.826843	0.00513615
525.723816	0.0743379
526.373779	0.219714
526.758606	0.133371
527.159363	0.0305289
527.730530	0.0252073
528.023132	0.00715049
528.286682	0.000614625
528.530334	2.77558e-005
530.988220	0.468541
536.764526	0.399966
538.458191	0.754422
539.268372	0.316753
539.599426	0.0302146
540.115845	0.123505
540.605225	0.0489634
540.925598	0.0193589
541.556091	0.00525299
547.299866	2.55362
563.639282	0.0248409
564.313965	0.0434996
564.715942	0.0279684
565.134644	0.0146449
565.683289	0.0116595
566.033020	0.00622575
566.294739	0.000207813
568.478333	1.03108
576.618530	0.276726
577.652832	0.0773812
578.358643	0.127992
578.768005	0.0848225
579.192688	0.0419387
579.744751	0.0359301
580.132019	0.0192193
580.404236	0.000745031
581.067566	0.00171006
581.563965	0.0266638
582.219788	0.0168713
582.397400	0.0421315
582.664795	0.0611051
583.097412	0.00887763
583.712097	0.00771417
584.012024	0.00120226
584.287659	0.000226924
586.515869	0.31499
592.502441	0.01757
593.167358	0.314164
593.688232	0.209355
594.069519	0.0684037
594.682617	0.0282872
595.081421	0.0222985
595.795898	0.195436
607.218384	1.0581
611.928345	0.0248805
612.392212	0.0165185
612.653076	0.0158695
613.425720	0.00221864
613.739319	0.00376057
614.000610	0.00424674
617.894714	0.155302
619.042664	0.0416203
619.466858	0.0281484
619.907837	0.0136219
620.476624	0.0121128
620.878845	0.0063932
622.189514	0.00441058
622.743896	0.0189354
623.110474	0.0160076
623.328735	0.00201329
623.774292	0.00161908
624.159668	0.010301
624.437134	0.00931497
624.634338	0.00012123
625.873352	0.0322155
627.699158	0.148745
628.413574	0.448303
628.832153	0.269683
629.267700	0.0580692
629.895142	0.0456533
630.211914	0.0144503
630.901306	0.122433
634.615723	0.0262879
635.324219	0.045156
635.752808	0.0267693
636.181763	0.0170158
636.777893	0.0105385
637.393372	0.0835007
649.137024	0.0228911
649.374451	0.300837
650.102417	0.330142
650.898865	0.155429
651.443787	0.0206064
651.710205	0.0091451
652.295959	0.00633436
652.865723	0.000172009
653.184387	1.31429e-006
653.518494	2.68344e-007
653.784790	2.15829e-007
653.984741	1.43818e-007
654.124695	1.07866e-007
655.317627	0.0061247
660.454224	0.347519
666.316467	1.48332
670.235779	1.83422
671.686890	0.203411
672.097595	0.0835791
672.752258	0.0634261
673.126831	0.0397426
673.455750	0.0079786
675.395081	0.0284337
677.438293	0.000704489
678.331665	4.37033e-006
679.230652	7.18308e-006
680.359924	7.54e-007
680.989319	3.898e-007
681.456970	4.31778e-007
681.987915	5.03312e-007
682.559631	5.03366e-007
682.988647	2.51686e-007
683.274780	2.51686e-007
683.520020	1.79776e-007
683.867554	4.31462e-007
684.358337	4.31462e-007
684.931152	5.75283e-007
685.422363	2.87641e-007
685.749878	2.87641e-007
685.954651	7.19104e-008
686.200378	3.59552e-007
686.548645	2.51686e-007
687.061340	0.0039334
688.603394	0.0961872
689.802734	0.0316596
690.396851	0.0467845
691.011719	0.464028
696.383179	0.509192
701.043152	0.0484342
703.017639	0.149291
704.521973	0.314281
705.350708	0.399325
705.832336	0.414435
706.329651	0.17096
706.875732	0.132375
707.336060	0.12183
707.776855	0.00735842
714.220520	3.05144
722.919495	0.387991
723.877014	0.344837
724.649414	0.323977
725.215881	0.245689
725.606628	0.108971
726.200195	0.12159
726.802734	0.936165
730.506348	3.61604
732.637329	3.23117
734.139526	0.20972
741.454712	2.3147
742.640503	0.713196
743.548218	0.155174
744.336243	0.224116
745.099915	0.133866
745.911438	0.108138
746.722290	0.0644116
747.511658	0.145951
750.874756	0.343128
751.408936	0.395375
753.306519	0.564732
754.282898	0.270377
754.927185	0.481724
755.556580	3.33981
756.496765	0.304571
758.631592	2.11129
760.841187	0.0649474
772.164124	1.84347
779.191345	4.22987e-007
779.715515	3.57912e-007
780.086914	1.95225e-007
780.545776	4.88062e-007
781.104614	0.00151372
781.897034	0.0517909
782.706909	0.139966
783.179688	0.0851315
783.667908	0.0202063
784.361938	0.0168669
784.721619	0.00533326
785.050537	0.000444591
785.409729	2.12166e-005
785.843811	9.73413e-008
785.975342	9.76124e-008
786.194641	2.27762e-007
786.523743	2.603e-007
786.765076	9.76124e-008
787.357605	7.80899e-007
788.323792	6.50749e-007
789.114685	5.20599e-007
789.818054	5.20599e-007
790.521790	5.20599e-007
791.225769	5.20599e-007
791.930115	5.20599e-007
792.634766	5.20599e-007
793.163452	2.603e-007
793.515991	2.603e-007
794.331604	9.43587e-007
795.125549	2.27762e-007
795.390320	1.62687e-007
795.544739	6.50749e-008
795.632996	6.50749e-008
796.074402	5.85674e-007
796.626343	2.27762e-007
796.957581	2.603e-007
797.222656	1.3015e-007
797.554016	3.57912e-007
797.841248	6.50749e-008
798.040161	2.27762e-007
798.349609	2.27762e-007
798.872803	0.00168051
800.391907	0.0744594
802.038452	0.140259
802.983032	0.0788957
803.939026	0.0741861
804.921204	0.104804
805.419128	0.0580993
805.921326	0.0183143
806.589294	0.0389312
806.904236	0.0219768
807.301453	9.99639e-005
807.665955	2.51754e-005
808.105774	9.70927e-008
808.239136	9.76073e-008
808.550537	3.57912e-007
808.862000	9.76124e-008
809.062744	1.95938e-007
809.623962	0.00984908
810.613037	0.0465582
811.245361	0.0344545
811.650269	0.0124063
812.334961	0.0193322
812.839417	0.0128558
813.194702	0.00114584
813.510315	1.60372e-005
813.864258	2.23319e-007
814.077881	9.59775e-008
814.233521	1.30175e-007
814.367493	6.50749e-008
814.702454	4.22987e-007
815.350220	5.20599e-007
816.065308	5.20599e-007
817.071411	9.43587e-007
817.876709	2.27762e-007
818.145264	1.62687e-007
818.301941	6.50749e-008
818.391479	6.50749e-008
818.839172	5.85674e-007
819.398987	2.27762e-007
819.734985	2.603e-007
820.003845	1.3015e-007
820.250305	2.27762e-007
821.214172	1.17135e-006
822.066406	6.50749e-008
822.268372	2.27762e-007
822.470276	6.50749e-008
822.774719	0.258792
823.951233	0.0369107
824.689758	0.279462
825.472900	0.0135706
826.740173	0.0809166
828.157837	0.00561262
829.183228	0.000103468
829.566467	1.63479e-006
830.289551	0.0105783
831.856934	0.416792
833.557312	1.08872
834.505493	0.808586
835.347046	0.439483
836.417358	0.073355
836.887207	0.0301117
837.290100	0.000872907
837.588379	8.3955e-005
838.035156	6.00324e-006
838.401184	2.59127e-007
838.706421	1.91285e-007
838.910522	9.55512e-008
839.069214	1.27416e-007
839.205200	6.37078e-008
839.658630	5.73371e-007
840.444458	0.00168049
842.002319	0.0805112
843.460571	0.0471587
844.059204	0.24383
844.612915	0.228921
845.238281	0.0236565
845.757507	0.0378217
846.275146	0.0150173
846.489319	0.00218482
847.200928	0.00176346
847.840759	5.80992e-005
848.205383	3.04394e-007
848.590515	2.28998e-007
848.889954	1.91151e-007
849.095154	9.556e-008
849.254761	1.27416e-007
849.391602	6.37078e-008
853.204651	5.2559e-006
857.347046	5.09663e-007
857.988770	3.82247e-007
858.355591	1.27416e-007
858.493164	6.37078e-008
858.676575	1.91124e-007
860.397339	2.19792e-006
862.669128	0.00356958
865.711853	0.19901
869.203247	0.529829
871.559753	0.140259
872.544739	0.0788976
873.490112	0.0511991
874.403992	0.0169392
875.125916	0.00178547
875.776489	5.80897e-005
876.147095	2.99609e-007
876.538452	2.24213e-007
876.842957	1.87049e-007
877.051575	9.35094e-008
877.213806	1.24682e-007
877.352905	6.23408e-008
877.700684	4.05215e-007
878.141296	1.87022e-007
878.512390	3.11704e-007
879.115662	4.98726e-007
879.556641	9.35111e-008
879.974487	4.67556e-007
880.647888	4.36385e-007
881.112488	1.87022e-007
881.484253	3.11704e-007
882.088562	4.98726e-007
882.530273	9.35111e-008
882.948792	4.67556e-007
883.623413	4.36385e-007
884.088745	1.87022e-007
884.461182	3.11704e-007
885.602112	1.21564e-006
886.767090	3.42874e-007
887.303223	3.74045e-007
887.769592	2.49363e-007
888.189392	3.11704e-007
888.842651	5.61067e-007
889.589539	4.36385e-007
890.056519	1.87022e-007
890.430176	3.11704e-007
891.037537	4.98726e-007
891.481506	9.35111e-008
891.902222	4.67556e-007
892.580200	4.36385e-007
893.047974	1.87022e-007
893.422241	3.11704e-007
894.030640	4.98726e-007
894.475403	9.35111e-008
894.896790	4.67556e-007
895.575989	4.36385e-007
896.044495	1.87022e-007
896.419434	3.11704e-007
897.568115	1.21564e-006
898.717529	3.11704e-007
899.398193	5.92237e-007
899.914673	9.35111e-008
900.243469	3.42874e-007
900.830688	4.36385e-007
901.253601	1.24682e-007
901.676636	4.36385e-007
902.334900	4.36385e-007
902.805176	1.87022e-007
903.181519	3.11704e-007
903.840332	5.61067e-007
904.593567	4.36385e-007
905.064453	1.87022e-007
905.441284	3.11704e-007
906.430786	9.97452e-007
907.397339	2.80533e-007
910.394409	3.6781e-006
913.420105	3.11704e-007
914.698120	1.3715e-006
916.576599	0.22194
919.106995	1.82921e-007
918.917175	6.09737e-008
919.344360	1.21947e-007
919.676697	3.04868e-007
919.961548	6.09737e-008
920.104065	1.21947e-007
920.388977	2.43895e-007
920.674011	1.21947e-007
920.935303	2.13408e-007
921.315430	2.74382e-007
921.719421	2.43895e-007
922.147278	3.04868e-007
922.575256	2.43895e-007
922.813049	6.09737e-008
922.908142	6.09737e-008
923.003296	6.09737e-008
923.145996	1.21947e-007
923.431396	2.43895e-007
923.716919	1.21947e-007
923.978638	2.13408e-007
924.359436	2.74382e-007
924.764099	2.43895e-007
925.192627	3.04868e-007
925.621277	2.43895e-007
925.859497	6.09737e-008
925.954773	6.09737e-008
926.050049	6.09737e-008
926.192993	1.21947e-007
926.478943	2.43895e-007
926.764893	1.21947e-007
927.027039	2.13408e-007
927.408447	2.74382e-007
927.813782	2.43895e-007
928.243042	3.04868e-007
928.672424	2.43895e-007
929.054199	2.43895e-007
929.555359	3.96329e-007
930.008911	1.82921e-007
930.295410	1.82921e-007
930.629700	2.43895e-007
931.155212	4.26816e-007
932.158813	8.53631e-007
932.923828	1.21947e-007
933.593445	7.31684e-007
934.406921	3.04868e-007
935.077148	5.48763e-007
935.699646	2.43895e-007
935.987061	1.21947e-007
936.657837	7.31684e-007
937.472656	3.04868e-007
938.143921	5.48763e-007
938.767517	2.43895e-007
939.055359	1.21947e-007
939.727234	7.31684e-007
940.543396	3.04868e-007
941.215820	5.48763e-007
941.840393	2.43895e-007
942.128723	1.21947e-007
942.801697	7.31684e-007
943.619263	3.04868e-007
944.292725	5.48763e-007
944.918396	2.43895e-007
945.207214	1.21947e-007
945.881287	7.31684e-007
946.700134	3.04868e-007
947.374756	5.48763e-007
948.001404	2.43895e-007
948.290710	1.21947e-007
948.965881	7.31684e-007
949.786072	3.04868e-007
950.461792	5.48763e-007
951.089478	2.43895e-007
951.379272	1.21947e-007
952.055603	7.31684e-007
952.901306	3.35355e-007
953.481445	3.96329e-007
954.303589	6.40224e-007
955.053528	3.04868e-007
955.489136	2.43895e-007
955.949036	3.35355e-007
956.312134	1.21947e-007
956.481628	9.14605e-008
956.748047	2.43895e-007
957.256653	3.96329e-007
957.741211	2.13408e-007
958.080505	2.13408e-007
958.541016	3.65842e-007
959.074402	3.04868e-007
959.753418	5.48763e-007
960.384216	2.43895e-007
960.675415	1.21947e-007
960.966675	2.43895e-007
961.573547	5.18276e-007
962.083496	1.21947e-007
962.229187	6.09737e-008
962.326355	6.09737e-008
962.423523	6.09737e-008
962.520691	6.09737e-008
962.617859	6.09737e-008
962.715027	6.09737e-008
962.812195	6.09737e-008
962.909363	6.09737e-008
963.006592	6.09737e-008
963.103760	6.09737e-008
963.200989	6.09737e-008
963.298157	6.09737e-008
963.395386	6.09737e-008
963.492554	6.09737e-008
963.638428	1.21947e-007
963.873901	0.000256694
964.318909	0.00979983
964.778076	0.00805198
965.042969	0.000564917
965.243286	3.30103e-005
965.603088	0.000826438
966.084778	0.00524683
966.457336	0.0814021
968.189026	8.94099e-008
968.310852	5.96066e-008
968.676331	3.87443e-007
969.651367	8.04689e-007
970.626953	3.87443e-007
971.285706	4.17246e-007
972.286499	8.04689e-007
973.190063	2.98033e-007
973.532043	1.19213e-007
973.776428	1.7882e-007
974.020752	1.19213e-007
974.191833	8.94099e-008
974.792603	0.00630179
976.201355	0.0721505
977.040405	0.149036
977.586243	0.077764
978.175049	0.249373
978.930725	0.145901
979.374084	0.0264043
980.135254	0.0604231
980.799561	0.0246893
981.234497	0.00398272
981.937561	0.00221982
982.641174	5.8065e-005
983.033813	2.90039e-007
983.448730	2.14644e-007
983.771423	1.78847e-007
983.992493	8.94081e-008
984.164429	1.19213e-007
984.311829	5.96066e-008
984.704956	4.17246e-007
985.098145	5.96066e-008
985.417725	3.27836e-007
986.081543	4.76853e-007
986.622559	1.7882e-007
987.089966	3.87443e-007
987.557495	1.7882e-007
987.877380	2.08623e-007
988.172791	1.49016e-007
988.862122	6.85476e-007
989.576416	1.7882e-007
989.921326	2.38426e-007
990.167725	5.96066e-008
990.266235	5.96066e-008
990.364807	5.96066e-008
990.882446	5.66262e-007
991.696045	4.17246e-007
992.090637	5.96066e-008
992.362000	2.6823e-007
992.707397	1.49016e-007
993.003479	2.08623e-007
993.225586	5.96066e-008
993.324280	5.96066e-008
993.423035	5.96066e-008
993.521790	5.96066e-008
994.040161	5.66262e-007
994.855103	4.17246e-007
995.250366	5.96066e-008
995.522156	2.6823e-007
995.868103	1.49016e-007
996.164673	2.08623e-007
996.387085	5.96066e-008
996.485962	5.96066e-008
996.584900	5.96066e-008
996.683777	5.96066e-008
997.079346	4.17246e-007
998.019226	7.15279e-007
998.934814	3.87443e-007
999.603210	4.17246e-007
1000.717712	9.23902e-007
1001.882385	4.76853e-007
1002.427795	1.7882e-007
1002.898987	3.87443e-007
1003.370239	1.7882e-007
1003.692749	2.08623e-007
1003.990479	1.49016e-007
1004.685425	6.85476e-007
1005.405396	1.7882e-007
1005.703613	1.78979e-007
1006.770874	0.0521211
1008.810120	0.0326432
1009.320862	0.709276
1010.249451	0.926776
1011.339355	0.109052
1012.331177	0.134739
1013.220825	0.00994283
1013.936646	0.000748678
1014.513611	1.14095e-005
1014.882813	2.41425e-007
1015.261963	1.79397e-007
1015.562561	1.78846e-007
1015.787231	8.94093e-008
1015.937012	8.94099e-008
1016.261536	2.98033e-007
1016.611084	1.19213e-007
1017.035645	3.87443e-007
1017.535278	2.08623e-007
1018.009949	3.57639e-007
1018.509827	2.38426e-007
1018.759766	5.96066e-008
1018.859741	5.96066e-008
1019.234802	3.87443e-007
1020.235168	8.04689e-007
1021.236084	3.87443e-007
1021.911926	4.17246e-007
1022.938721	8.04689e-007
1023.865784	2.98033e-007
1024.216675	1.19213e-007
1024.467285	1.7882e-007
1024.718018	1.19213e-007
1024.893555	8.94099e-008
1025.169312	2.38426e-007
1025.721069	4.17246e-007
1026.348267	3.27836e-007
1026.800049	2.08623e-007
1027.703735	8.64295e-007
1028.632935	2.38426e-007
1029.210815	4.47049e-007
1030.316650	8.64295e-007
1031.473511	5.06656e-007
1031.951416	5.96066e-008
1032.152710	1.7882e-007
1032.505005	2.38426e-007
1032.807129	1.19213e-007
1033.209839	3.57639e-007
1033.713501	2.38426e-007
1034.116455	2.38426e-007
1034.418701	1.19213e-007
1034.821777	3.57639e-007
1035.577759	5.36459e-007
1036.081909	5.96066e-008
1036.409790	3.27836e-007
1037.090698	4.76853e-007
1037.645630	1.7882e-007
1038.125122	3.87443e-007
1038.604614	1.7882e-007
1038.932861	2.08623e-007
1039.235840	1.49016e-007
1039.942993	6.85476e-007
1040.675537	1.7882e-007
1041.029419	2.38426e-007
1041.282104	5.96066e-008
1041.383179	5.96066e-008
1041.484253	5.96066e-008
1042.015259	5.66262e-007
1042.849731	4.17246e-007
1043.254517	5.96066e-008
1043.532837	2.6823e-007
1043.887085	1.49016e-007
1044.190796	2.08623e-007
1044.418579	5.96066e-008
1044.519897	5.96066e-008
1044.621094	5.96066e-008
1044.722412	5.96066e-008
1045.254150	5.66262e-007
1046.089966	4.17246e-007
1046.495361	5.96066e-008
1046.774170	2.6823e-007
1047.128906	1.49016e-007
1047.433105	2.08623e-007
1047.661255	5.96066e-008
1047.762695	5.96066e-008
1047.864136	5.96066e-008
1047.965576	5.96066e-008
1048.371338	4.17246e-007
1049.335327	7.15279e-007
1050.274292	3.87443e-007
1050.959839	4.17246e-007
1052.102905	9.23902e-007
1053.297363	4.76853e-007
1053.856689	1.7882e-007
1054.339966	3.87443e-007
1054.823242	1.7882e-007
1055.154053	2.08623e-007
1055.459351	1.49016e-007
1056.171997	6.85476e-007
1056.910400	1.7882e-007
1057.190552	1.49016e-007
1057.462769	0.000256689
1057.929077	0.00979982
1058.410278	0.00805198
1058.687866	0.000564914
1058.897705	3.30075e-005
1059.274780	0.000826432
1059.779541	0.00524682
1060.139893	0.00470006
1060.376709	1.24301e-005
1060.580688	4.02259e-006
1060.784790	1.42541e-007
1061.040039	5.96066e-008
1061.550415	5.36459e-007
1062.367310	4.17246e-007
1062.775757	5.96066e-008
1063.056763	2.6823e-007
1063.414307	1.49016e-007
1063.720947	2.08623e-007
1063.950806	5.96066e-008
1064.053101	5.96066e-008
1064.155273	5.96066e-008
1064.692017	5.66263e-007
1065.407837	2.6823e-007
1065.816895	2.08623e-007
1066.072754	8.94099e-008
1066.302856	1.7882e-007
1066.635498	2.08623e-007
1066.916870	1.19213e-007
1067.275146	2.98033e-007
1067.915039	4.47049e-007
1068.401489	1.19213e-007
1068.836792	3.87443e-007
1069.349121	2.08623e-007
1069.835938	3.57639e-007
1070.348389	2.38426e-007
1070.604736	5.96066e-008
1070.707275	5.96066e-008
1071.091797	3.87443e-007
1072.117554	8.04689e-007
1073.143799	3.87443e-007
1073.836792	4.17246e-007
1074.761230	6.55672e-007
1075.754150	0.00336336
1077.534058	0.191458
1079.372192	0.781355
1080.244385	0.325771
1080.727173	0.0403717
1081.527954	0.157622
1082.136963	0.0880484
1082.562134	0.0274442
1083.384766	0.00536221
1083.993042	0.00270729
1084.276733	0.000215315
1084.491211	1.23343e-005
1084.697632	6.48264e-007
1085.031128	1.51316e-007
1085.317017	1.78874e-007
1085.549316	8.94063e-008
1085.729980	1.19213e-007
1085.988159	1.7882e-007
1086.349609	2.38426e-007
1086.659424	1.19213e-007
1087.072754	3.57639e-007
1087.847778	5.36459e-007
1088.364624	5.96066e-008
1088.700684	3.27836e-007
1089.398682	4.76853e-007
1089.967651	1.7882e-007
1090.459229	3.87443e-007
1090.950806	1.7882e-007
1091.287231	2.08623e-007
1091.597778	1.49016e-007
1092.322632	6.85476e-007
1093.073730	1.7882e-007
1093.436401	2.38426e-007
1093.695435	5.96066e-008
1093.799072	5.96066e-008
1093.902710	5.96066e-008
1094.447021	5.66262e-007
1095.302490	4.17246e-007
1095.717407	5.96066e-008
1096.002686	2.6823e-007
1096.365845	1.49016e-007
1096.677124	2.08623e-007
1096.910645	5.96066e-008
1097.014404	5.96066e-008
1097.118286	5.96066e-008
1097.222046	5.96066e-008
1097.767090	5.66262e-007
1098.623901	4.17246e-007
1099.039429	5.96066e-008
1099.325195	2.6823e-007
1099.688843	1.49016e-007
1100.000732	2.08623e-007
1100.234619	5.96066e-008
1100.338501	5.96066e-008
1100.442505	5.96066e-008
1100.546387	5.96066e-008
1100.962402	4.17246e-007
1101.950439	7.15279e-007
1102.912964	3.87443e-007
1103.615601	4.17246e-007
1104.787231	9.23902e-007
1106.011475	4.76853e-007
1106.584839	1.7882e-007
1107.080078	3.87443e-007
1107.575439	1.7882e-007
1107.914429	2.08623e-007
1108.227417	1.49016e-007
1108.957886	6.85476e-007
1109.714722	1.7882e-007
1110.080078	2.38426e-007
1110.341187	5.96066e-008
1110.445557	5.96066e-008
1110.550049	5.96066e-008
1111.098389	5.66262e-007
1111.960449	4.17246e-007
1112.378540	5.96066e-008
1112.666016	2.6823e-007
1113.031982	1.49016e-007
1113.345703	2.08623e-007
1113.580933	5.96066e-008
1113.685547	5.96066e-008
1113.790161	5.96066e-008
1113.894775	5.96066e-008
1114.443970	5.66262e-007
1115.307373	4.17246e-007
1115.726074	5.96066e-008
1116.013916	2.6823e-007
1116.380371	1.49016e-007
1116.694580	2.08623e-007
1116.930298	5.96066e-008
1117.035034	5.96066e-008
1117.166016	8.94099e-008
1117.393311	0.000512186
1117.872925	0.0195981
1118.367676	0.0161028
1118.653076	0.00112968
1118.868896	6.58959e-005
1119.256592	0.0016526
1119.775513	0.0104944
1120.146118	0.00940083
1120.389526	2.4741e-005
1120.599365	7.92597e-006
1120.809204	1.6587e-007
1121.202759	2.08623e-007
1121.491333	1.19213e-007
1121.743896	0.0142143
1124.187378	1.00407
1129.112427	1.11178
1132.550903	0.299695
1133.690063	0.115685
1134.279053	0.0809941
1134.892700	0.0292042
1135.628906	0.0255609
1136.162842	0.00462448
1136.927368	0.0510865
1137.957764	0.00874039
1138.681519	0.126538
1139.843872	0.077966
1140.921387	0.0510239
1141.987671	0.0171169
1142.775391	0.00175425
1146.395264	1.91653
1159.345825	0.0215627
1159.835815	0.0167496
1160.176758	0.0135627
1160.477295	0.00461264
1161.225098	0.0162099
1161.657715	0.0124909
1162.196899	0.0694209
1171.006958	0.220961
1178.839111	1.55281
1179.996094	0.00902826
1180.915039	1.94206
1185.043091	0.633129
1185.511963	0.0262003
1186.099121	0.122041
1187.104858	0.513472
1193.715088	0.35875
1197.827271	0.00738963
1199.277954	0.0769287
1201.330811	0.137083
1202.488037	0.0809061
1203.605835	0.0547138
1204.709595	0.0192787
1221.399292	3.42097
1235.634399	2.35196
1270.394653	0.680268
1272.854858	0.11427
1273.448730	0.0902131
1274.108887	0.0376843
1274.864502	0.0294215
1275.456177	0.00555485
1280.475220	0.0458083
1283.578979	0.080911
1284.381104	0.0583165
1284.914185	0.0126658
1285.816406	0.0123345
1286.407593	0.00778014
1286.995850	0.0086879
1290.432861	0.139859
1291.294312	0.0376229
1291.834106	0.00102209
1292.266602	0.00420747
1292.808838	0.0245562
1293.203979	0.02059
1294.583252	0.326162
1304.988770	0.03391
1307.250732	0.0296997
1307.938599	0.203482
1308.874390	0.176537
1309.469360	0.792802
1310.524170	0.148671
1310.866577	0.0909746
1311.790161	0.241199
1312.782227	0.0252694
1313.559082	0.00172243
1334.164063	1.53842
1338.529785	0.0195452
1339.070923	0.0158293
1339.383789	0.000427546
1339.904663	0.0401153
1340.872681	0.112133
1341.510864	0.0778386
1342.152710	0.0305995
1342.980469	0.0238916
1343.552979	0.00604215
1344.304077	0.0185993
1347.184814	0.0257953
1347.829224	0.0435163
1348.463867	0.052047
1349.324463	0.0435083
1349.911499	0.0135379
1350.864746	0.0604308
1354.374390	0.449413
1356.496094	1.52108
1357.660400	0.815027
1359.057251	0.224722
1360.032227	0.131492
1361.161865	0.0398278
1367.404785	0.040417
1368.584473	0.250097
1369.401611	0.177384
1369.945923	0.103017
1370.832397	0.0970263
1371.486816	0.0660931
1371.949829	0.00568757
1372.375610	0.000101317
1372.913086	0.00736305
1374.740601	0.527653
1376.919067	1.46408
1378.106812	0.742825
1379.457764	0.307263
1380.486450	0.177847
1381.362793	0.0125994
1397.004028	1.168
1403.768066	0.0766039
1405.944458	0.266712
1407.106323	0.769746
1410.065796	1.17467
1411.408203	2.81889
1413.072266	6.36348
1418.321899	7.72482
1422.914673	0.243498
1426.413818	0.0271789
1429.353149	0.000667708
1430.652100	4.32131e-006
1431.964111	7.09644e-006
1433.615112	6.686e-007
1434.527832	3.52214e-007
1435.208618	3.90766e-007
1435.981812	4.55465e-007
1436.814331	4.55518e-007
1437.438965	2.27762e-007
1437.855469	2.27762e-007
1438.271973	2.27762e-007
1438.718384	2.603e-007
1439.135010	1.95225e-007
1439.551758	2.603e-007
1440.142944	3.85841e-007
1440.789917	0.00277996
1441.839233	0.103051
1442.939453	0.216781
1443.591553	0.146923
1444.265869	0.0596778
1445.129028	0.0477763
1445.708618	0.0189592
1446.134521	0.000947491
1446.542236	3.40869e-005
1446.881958	2.06015e-007
1447.243530	1.30505e-007
1447.451294	9.7596e-008
1447.630493	9.76124e-008
1447.899170	1.95225e-007
1448.138062	6.50749e-008
1448.436646	2.60306e-007
1452.895020	0.091765
1463.953369	0.0680465
1467.353516	0.191471
1470.336670	0.268806
1477.843872	0.0263546
1478.925537	0.0692813
1479.582886	0.0400671
1480.236938	0.0123492
1481.206909	0.00699204
1481.949341	0.0254586
1484.230713	0.153923
1484.986694	0.110174
1485.645386	0.0114364
1486.119507	0.00371349
1486.619385	0.0183606
1487.221924	0.0199573
1487.741211	0.00103593
1488.277588	0.00193004
1493.211914	0.244394
1495.788696	1.43812
1497.510376	0.976912
1498.636597	0.526099
1499.963501	0.370322
1501.009644	0.0489299
1520.934082	1.93903
1531.591675	0.792682
1535.473999	4.63842
1537.871948	1.5123
1538.955444	0.752822
1540.465820	0.542874
1541.548340	0.0398207
1543.281738	0.0349427
1544.740723	0.00041052
1545.271240	7.97584e-006
1546.090942	1.01608e-005
1546.980347	1.90491e-006
1547.655762	3.78991e-007
1548.211304	2.42182e-007
1548.643799	2.42117e-007
1549.014404	1.72941e-007
1549.292480	1.38352e-007
1549.632324	2.42117e-007
1550.157715	3.45881e-007
1550.621338	1.72941e-007
1550.961304	2.07529e-007
1551.455933	3.45881e-007
1551.950684	2.07529e-007
1552.290894	1.72941e-007
1552.661987	2.42117e-007
1553.280640	4.49645e-007
1554.115967	4.84233e-007
1554.827759	3.11293e-007
1555.354004	2.76705e-007
1555.663574	6.91762e-008
1556.097046	4.15057e-007
1556.561523	1.03764e-007
1557.088013	4.84233e-007
1557.707642	2.07529e-007
1557.986450	1.03764e-007
1558.296265	2.42117e-007
1558.730103	2.42117e-007
1559.071045	1.38352e-007
1559.473999	3.11293e-007
1560.435059	7.60938e-007
1561.799683	7.60938e-007
1562.699463	2.42117e-007
1563.164917	2.76705e-007
1563.661499	2.76705e-007
1564.251343	3.80469e-007
1564.705444	1.28024e-007
1565.018677	0.000266452
1565.585693	0.00958153
1566.163452	0.00819952
1566.538208	0.00192674
1567.254883	0.00073497
1567.838257	0.00543221
1568.282471	0.00494488
1568.596680	5.1292e-005
1568.880737	5.51486e-007
1569.222046	1.14471e-007
1569.440430	6.91762e-008
1569.626953	1.38352e-007
1570.000244	2.76705e-007
1570.591187	3.80469e-007
1570.995728	6.91762e-008
1571.213501	1.72941e-007
1571.493530	1.3846e-007
1573.805176	0.125986
1579.055542	1.6572
1581.630615	0.120692
1582.848999	1.57819
1585.802246	0.562757
1588.092529	0.0321375
1590.202515	0.0181989
1596.386963	0.547455
1602.928955	1.09537
1605.243408	0.0469619
1606.250610	0.26636
1606.928711	0.436001
1607.716309	7.98879
1609.986084	5.35725
1610.930542	1.72264
1613.288208	4.90374
1616.989746	6.72105
1621.311768	1.33269
1624.480591	4.08193
1628.543823	1.96154
1634.523560	0.633448
1636.524536	0.0043366
1636.913208	0.00133998
1637.777222	0.000267022
1638.251709	0.00553123
1638.697876	0.00491784
1639.018677	4.14973e-005
1640.685303	0.0656261
1655.264282	0.168501
1660.178101	0.360789
1660.744019	7.60116e-008
1660.904053	1.14017e-007
1661.160034	1.90029e-007
1661.672241	1.90029e-007
1661.416138	1.14017e-007
1661.928223	1.14017e-007
1662.280396	3.04047e-007
1662.952881	4.94076e-007
1663.593384	2.66041e-007
1664.041748	2.66041e-007
1664.426147	1.90029e-007
1665.034912	5.32081e-007
1665.836060	4.18064e-007
1666.252808	7.60116e-008
1666.509155	2.28035e-007
1667.022217	3.80058e-007
1667.406982	7.60116e-008
1667.695557	2.66041e-007
1668.144531	2.66041e-007
1668.529419	1.90029e-007
1668.882324	2.28035e-007
1669.171021	1.14017e-007
1669.331421	7.60116e-008
1669.908936	6.08093e-007
1670.550903	1.52023e-007
1671.224976	6.46099e-007
1672.284546	6.08093e-007
1672.862549	7.60116e-008
1673.280151	4.18064e-007
1674.083374	5.32081e-007
1674.917114	4.53766e-007
1675.612671	0.0013903
1676.745239	0.0514336
1677.936890	0.0860966
1678.639404	0.0556692
1679.360229	0.0292233
1680.308960	0.0235055
1680.919067	0.0124612
1681.383179	0.000496984
1681.820923	1.71937e-005
1682.278687	2.11693e-007
1682.577148	1.52201e-007
1683.124268	2.66041e-007
1682.802124	1.14009e-007
1683.639893	3.42052e-007
1684.348877	4.94076e-007
1684.962036	2.29488e-007
1686.354980	0.0782491
1689.213623	0.310574
1691.077393	0.337428
1692.115479	0.310622
1693.645264	0.0836412
1694.665039	0.0685867
1695.782349	0.00587823
1696.677612	0.000365747
1697.426636	6.53951e-006
1697.984009	2.8104e-007
1698.430542	2.66122e-007
1698.819214	1.90041e-007
1699.110596	1.52023e-007
1699.337158	1.14017e-007
1700.049438	7.22111e-007
1700.956299	3.42052e-007
1701.409790	1.90029e-007
1702.219727	3.04047e-007
1701.766113	2.28035e-007
1703.065674	0.00702491
1703.799316	0.0309846
1704.257935	0.0273608
1704.582397	0.000279612
1704.877808	9.94337e-005
1705.456055	0.00622775
1706.056396	0.00821526
1706.453247	0.00793809
1707.018799	2.27771e-007
1707.375732	1.06409e-007
1707.732788	3.04047e-007
1708.284546	3.42052e-007
1708.836426	3.04047e-007
1709.291016	2.28035e-007
1709.648193	1.90029e-007
1710.037842	2.66041e-007
1710.557617	3.42052e-007
1711.239746	4.5607e-007
1711.889648	3.04047e-007
1712.409668	3.04047e-007
1713.124756	5.32081e-007
1713.905029	3.80058e-007
1714.522827	3.42052e-007
1715.075684	3.04047e-007
1715.563599	2.66041e-007
1715.888916	1.14017e-007
1716.118530	1.56365e-007
1716.873047	0.0100251
1718.298584	0.0622762
1718.868652	0.0393106
1719.257935	0.0596442
1719.860474	0.0163526
1720.659302	0.0147667
1721.071899	0.0102809
1721.565796	0.0174082
1722.094116	0.00117456
1722.554321	3.34278e-005
1722.890991	3.06685e-007
1723.413696	1.53283e-007
1723.673584	1.51998e-007
1723.869263	7.60116e-008
1724.232788	4.94615e-006
1725.688965	0.345016
1731.401611	1.18648
1736.621094	0.932041
1737.543579	0.931749
1739.142944	1.4836
1739.866943	0.229117
1740.481812	0.391119
1741.801025	0.16448
1742.812378	2.50911
1745.555420	1.64516
1746.362793	3.87153
1747.797729	0.287481
1750.726196	5.13136
1753.671143	0.343627
1765.879272	2.01828
1780.584106	0.728593
1782.457275	0.361162
1783.377808	0.282688
1784.140991	0.0940156
1785.033325	0.11833
1785.812378	0.0994222
1787.449341	0.762279
1794.293457	1.04359
1796.621582	0.0386254
1798.336182	0.0303727
1801.492554	0.0264689
1802.684082	0.0661063
1803.402832	0.0496961
1804.154175	0.0227421
1805.276123	0.0464225
1805.921143	0.0089744
1806.317139	0.0199047
1806.923462	0.0174471
1807.787720	0.00641146
1808.164063	0.00718224
1808.685303	0.0130632
1809.496216	0.0268843
1845.529541	1.5923
1850.914307	0.0299024
1852.147827	0.136502
1852.684204	0.0992868
1853.056763	0.00197203
1853.739502	0.0274142
1854.546509	0.0226176
1854.980347	0.0109549
1856.124634	0.550831
1858.290039	0.165478
1859.106812	0.847801
1860.168457	2.58895
1861.646973	0.201629
1864.321777	9.32273
1867.313232	1.78672
1869.565308	0.433049
1870.433350	0.54611
1871.023682	0.0216426
1872.081055	0.225067
1873.031860	0.119638
1873.429932	0.0477557
1875.023804	0.421725
1878.438599	0.57016
1879.420044	0.181419
1879.944946	0.919856
1881.291626	1.88002
1882.340820	1.07106
1882.821289	0.39617
1883.921265	0.388058
1884.724976	0.56771
1893.820190	8.07096
1900.588379	0.0273504
1901.133179	0.252679
1904.765137	36.9564
1918.345581	3.95883
1921.248047	2.23462
1924.663940	142.292
1936.448730	20.4324
1940.010010	0.784035
1940.890869	0.0772936
1941.361572	0.142233
1942.755493	7.06251
1958.196411	0.108815
1959.637085	0.0150843
1960.874512	0.0398585
1961.640625	0.0386799
1967.173218	3.14467
1969.808594	0.186277
1971.061279	0.106457
1973.176880	0.374077
1974.116821	0.0506433
1975.503174	0.259037
1976.856567	0.157706
1978.605103	0.131521
1979.490356	0.0467167
1980.306885	0.0138311
1981.254883	0.0131542
1983.191406	4.6026
1990.793457	0.232835
1992.389038	0.797304
2001.012451	2.33561
2007.704468	8.09364
2014.242920	0.254943
2015.872437	0.0955463
2017.916504	2.10025
2019.076416	1.14744
2019.905273	0.113976
2020.848999	0.393859
2021.765625	0.368457
2023.150635	1.45213
2032.504517	3.60333
2034.889038	8.30078
2038.659546	3.46007
2039.313965	4.77194
2041.124146	0.157129
2043.538452	2.54638
2051.876953	14.5753
2066.864258	35.4057
2067.836670	13.3015
2071.988770	38.2439
2081.790527	0.382408
2082.839600	0.231808
2083.928223	2.59921
2092.668213	93.9087
2094.623047	39.3439
2102.945068	18.8455
2107.527832	1.89836
2109.267090	3.23936
2110.558105	0.905484
2112.094727	7.76078
2122.021484	0.790313
2126.858398	0.770491
2132.985840	0.394523
2135.034424	0.506668
2136.464844	0.282463
2137.468994	0.0817745
2138.114746	0.0723718
2139.190918	0.033666
2140.439697	0.955977
2143.842041	0.27088
2144.764160	0.427505
2145.416992	0.142295
2146.498535	0.171701
2147.364014	0.483585
2150.464111	0.868009
2151.994873	0.214259
2153.344727	0.111066
2155.151611	0.0796503
2158.672607	0.929395
2160.773926	1.80555
2162.499023	0.780609
2163.039063	0.0409394
2163.934814	0.610064
2165.266602	2.3087
2168.527344	0.791467
2171.045410	0.0761508
2171.681396	0.0448471
2172.898438	0.0210035
2176.613281	1.17558
2178.208740	0.118107
2179.356934	0.197736
2182.206787	11.8761
2185.252197	0.0187285
2186.675049	0.0500226
2187.279785	0.0329398
2192.494385	2.47312
2194.804199	0.203306
2195.556641	0.149264
2196.357178	0.068923
2197.530273	0.0325544
2198.305908	0.567124
2204.371094	0.575526
2205.277344	0.47103
2205.922119	0.0118607
2206.878418	0.197669
2207.958984	0.592429
2213.794678	0.907212
2217.803223	0.313718
2218.792236	0.139148
2219.535889	0.0491259
2220.671387	0.0600674
2221.460205	0.0358543
2223.049072	2.41749
2232.230469	9.89271
2235.929443	0.107648
2236.724365	0.076142
2237.940674	0.0248301
2238.595459	0.0210024
2239.350342	0.121745
2242.253418	0.113292
2244.483154	0.885695
2245.972412	0.355701
2247.688477	0.260427
2249.209229	1.62633
2255.281494	0.0990656
2257.090576	0.167256
2261.775146	4.07489
2262.918457	0.0618623
2264.255615	6.23108
2268.321045	0.285282
2270.249512	1.56623
2271.283691	0.25093
2276.158691	48.0225
2289.129883	3.22224
2291.631836	72.6811
2303.217773	9.22589
2304.634766	0.0231375
2306.902344	0.469627
2308.287598	0.160118
2309.089355	0.518307
2310.317871	0.0801776
2310.956543	0.117039
2312.379883	0.296164
2314.028320	0.0155462
2321.909668	0.427874
2324.031250	0.014175
2324.550781	0.0140308
2324.963379	8.35014e-005
2326.016846	0.0038666
2326.665527	0.00394233
2327.111572	0.00374662
2329.367920	0.00257604
2331.087158	0.0513566
2332.496582	0.119428
2333.333496	0.0711648
2334.150635	0.0248316
2335.349121	0.017994
2335.972900	0.0104871
2337.388428	0.181234
2342.796875	0.0445104
2343.481689	0.00860632
2343.929199	0.0169682
2344.604004	0.0110622
2345.736572	0.0269248
2346.908691	0.0929365
2350.710205	0.0166793
2352.369873	0.274499
2354.083740	0.230785
2355.426270	0.0635409
2355.911133	0.0328947
2357.184570	0.0872033
2358.074951	0.0300207
2358.460205	0.00348596
2359.531494	0.00609002
2360.190674	0.00438796
2360.656738	0.000871219
2361.446777	0.0602856
2373.531006	0.15712
2376.426025	1.64673
2378.152832	0.650393
2378.970215	0.122416
2380.065918	0.275703
2380.942139	0.137833
2381.869873	0.149425
2387.177002	0.603635
2393.249756	1.00129
2396.143555	0.814756
2397.517822	1.75508
2399.070801	0.467402
2400.800293	0.99797
2401.792236	0.0186046
2402.862061	0.37332
2404.391602	0.465889
2405.813477	0.47025
2407.196045	0.353192
2410.032959	0.446117
2412.552979	8.66348
2415.271240	1.40193
2422.617920	11.4474
2431.010010	1.97747
2436.078125	2.74924
2439.048096	21.4981
2443.280273	1.06157
2449.197266	3.03441
2454.582275	1.94166
2456.358887	0.0871552
2457.456299	0.0679202
2459.323242	1.1087
2460.501221	2.17498
2465.436768	0.0266772
2468.849365	1.22358
2470.657715	0.221343
2471.860840	0.172792
2472.843018	0.0802302
2473.788818	0.0706011
2474.820313	0.0768005
2477.094727	1.01408
2488.119873	0.03386
2490.173584	0.0469394
2491.299072	0.0342757
2492.104980	0.0191801
2493.282959	0.0195458
2494.152588	0.0143908
2497.797119	0.776883
2503.190430	1.66575
2505.337891	0.211199
2506.660889	3.60172
2509.325684	2.18909
2510.076660	0.834297
2511.107422	2.0467
2512.497070	0.801965
2512.929688	0.596807
2514.215576	0.781214
2515.551514	0.208118
2517.237549	0.0487931
2520.338623	3.55658
2523.558838	0.551547
2524.561768	1.03587
2526.636475	0.41712
2528.636719	0.0967518
2529.283691	0.420974
2531.430176	0.0360482
2538.230957	14.7949
2542.119873	4.37725
2549.457764	1.4521
2550.843750	0.489057
2551.444824	0.075999
2552.002686	1.58172
2553.659668	4.9531
2555.119141	1.70225
2557.190674	3.77416
2564.275879	0.218372
2565.717285	0.253934
2566.481689	0.0696294
2567.764648	0.376836
2568.471191	0.0632122
2570.076660	2.40002
2580.481934	3.23038
2588.770020	0.176334
2590.362305	0.0287569
2591.199463	0.0297186
2591.803955	0.0770992
2592.688477	0.0596291
2593.400879	0.0111837
2593.948486	0.0266988
2594.736084	0.050896
2595.601074	0.013646
2598.404785	0.0226553
2600.163818	0.0828577
2601.316406	0.0673795
2602.011719	0.0417101
2603.278076	0.0296495
2604.179443	0.0224995
2604.880127	0.00223853
2605.983398	0.00327231
2613.015625	0.383838
2615.379883	0.560019
2616.509766	0.561029
2617.619873	0.0273548
2618.432617	0.187164
2619.348389	0.0275134
2620.308594	0.478298
2621.437012	1.08992
2622.721436	0.814697
2624.456543	0.167512
2626.040283	2.36177
2632.742920	0.496993
2634.806396	1.48542
2635.912354	1.00678
2636.478027	0.00487795
2637.112305	0.0374229
2637.854004	0.223486
2639.485596	2.82596
2646.043701	0.687147
2647.132568	0.789671
2649.079346	1.24734
2650.182861	3.28788
2654.186768	2.73257
2655.324219	1.79311
2657.250000	3.08903
2666.528809	79.1285
2669.825439	2.61841
2671.129395	7.82395
2678.548584	4.34236
2679.618652	0.246262
2683.426270	1.53833
2685.290771	0.581614
2687.472168	0.0488122
2688.700928	0.00671029
2693.590820	3.00825
2702.713867	3.17731
2704.262695	0.362426
2704.914063	0.295242
2706.407959	0.629463
2707.089355	0.356245
2708.839600	0.201692
2710.136475	0.419074
2713.782959	13.5811
2722.003662	5.41792
2723.325684	3.61298
2728.444580	1.91148
2730.713135	0.186906
2732.182373	0.192802
2733.198730	0.203065
2737.107178	2.40151
2740.396729	1.15714
2743.438477	3.01198
2745.666260	3.90937
2747.226807	1.91223
2749.376709	4.52748
2750.407715	0.18753
2751.689209	1.39684
2755.478271	0.0477542
2756.017334	0.0748239
2757.078857	3.75482
2760.175537	0.0850835
2767.552734	83.6637
2768.402100	1.65675
2770.790771	128.935
2777.621094	35.8629
2778.983643	83.6567
2789.467285	1.48525
2795.711914	951.03
2802.449707	38.7832
2812.168213	39.8613
2813.356689	23.7076
2820.928955	0.831659
2822.736816	8.31652
2826.363525	2.37462
2829.938477	0.213926
2830.955811	0.157404
2834.943848	5.83147
2836.136475	5.57538
2838.666992	1.27284
2839.894775	1.45413
2841.707031	0.143851
2842.274414	0.029148
2843.057373	0.0797541
2843.887939	0.00714323
2848.871094	5.59145
2850.036621	1.06074
2850.877930	1.24839
2852.165771	13.7822
2857.828369	0.208936
2858.798340	0.309436
2859.481689	0.128152
2864.054688	6.66027
2866.583008	5.46635
2868.027832	1.62065
2870.043457	27.8052
2876.044678	0.215766
2880.664307	4.46535
2883.952393	34.9644
2891.844482	6.99514
2896.704590	10.2792
2906.208008	1.83984
2908.955811	1.58426
2914.368896	5.18158
2917.770996	2.65166
2919.091309	1.39554
2921.243896	0.745091
2925.015137	0.573139
2929.718262	0.267904
2934.219482	1.32352
2939.772217	0.983903
2941.514404	0.701595
2943.101807	1.07836
2950.749756	0.948483
2952.132813	0.537371
2953.403809	1.05266
2954.329834	0.128136
2955.276367	0.277483
2957.783203	1.11401
2960.084473	1.69618
2962.297852	3.18714
2963.552490	0.776082
2965.490967	0.749872
2968.616211	0.103446
2969.749512	0.0822738
2970.514160	0.067073
2976.159180	11.0462
2979.209473	7.93712
2982.531738	1.1267
2984.488770	0.365449
2985.619629	0.77891
2986.954102	6.197
2989.673584	0.0145398
2994.126953	66.8683
2995.286621	103.497
3004.377930	27.3391
3005.911133	2.20555
3007.525879	8.29838
3016.162354	12.1897
3021.358887	1.67637
3022.871582	2.80479
3024.067383	5.61771
3034.686523	1.68674
3036.282715	0.072031
3039.127686	1.08176
3040.511475	3.53738
3050.950439	2.82021
3053.087402	4.28686
3054.621582	23.1255
3060.434570	8.43017
3061.596924	2.62099
3063.572754	0.622307
3065.113037	0.0679563
3067.655518	1.52401
3069.148438	0.482556
3069.994385	0.140295
3071.020020	0.346318
3072.319824	0.0979123
3073.368408	0.903169
3093.063232	4.39958
3095.010010	0.337544
3095.966553	0.292204
3096.841553	0.128047
3097.540527	0.0524967
3098.273926	0.0741175
3099.085449	0.0739699
3099.882813	0.0236792
3100.610840	0.0680672
3101.814697	1.36323
3112.817871	4.84705
3116.072510	0.143732
3117.042725	0.0782788
3118.035645	0.0413059
3119.356445	0.0452027
3120.343750	0.020985
3121.011475	0.0127328
3121.689209	0.0372452
3123.335938	0.00721384
3127.248779	0.141634
3128.835693	0.485758
3129.760254	0.375446
3130.945801	0.152229
3132.085938	0.130588
3132.925293	0.0751781
3134.375000	1.62116
3139.517334	0.173525
3140.303955	0.00453837
3141.237305	0.0711018
3142.059326	0.0967925
3142.941650	0.152881
3144.374268	0.0151676
3146.782227	1.53488
3148.385010	0.721375
3151.118164	1.69656
3152.934814	1.57288
3155.064209	1.18189
3156.901855	1.55484
3158.136963	0.568137
3158.801270	0.512005
3160.190430	5.08485
3165.936035	1.19719
3170.067627	1.33964
3171.326172	1.79709
3174.740967	12.9749
3180.228271	1.17179
3182.264648	3.06294
3183.791260	4.03309
3193.499023	3.88181
3195.377441	3.65092
3196.937012	4.21884
3197.531006	0.492063
3198.926758	1.5151
3200.867432	2.18849
3202.051025	0.237443
3203.022217	2.65192
3207.805908	1.02081
3209.268311	0.341717
3212.114746	8.37128
3215.245117	5.88077
3216.372803	20.7066
3220.771973	11.6026
3231.894287	9.84405
3233.945557	0.713259
3237.161621	15.0915
3240.897949	30.8361
3245.439209	15.4744
3255.026855	120.817
3270.377686	102.224
3279.055176	19.2462
3281.133301	0.0276241
3282.441650	0.592141
3284.226318	18.2724
3301.110596	4.27191
3304.507813	45.6145
3318.102295	62.555
3319.382324	25.9268
3323.357910	18.7663
3337.557861	3.91884
3339.228760	2.13493
3339.949219	0.212001
3342.868408	14.4316
3346.239014	6.22401
3349.829834	19.6261
3353.927490	7.77837
3357.225830	3.34226
3358.938721	1.96051
3360.643066	0.990569
3368.478516	50.38
3375.331299	1.43742
3376.504395	1.9008
3376.984619	0.0620123
3378.437500	0.968494
3379.548828	0.142454
3380.536865	4.10814
3383.941162	0.496914
3385.758789	18.1645
3389.194336	3.83708
3392.500244	1.6456
3394.626953	1.35771
3396.342529	0.362741
3400.633789	6.08915
3408.179443	1.00692
3411.541504	0.540007
3413.641846	1.67959
3418.371826	0.616775
3419.763184	1.48251
3423.568359	3.05318
3424.547119	0.221128
3426.509277	1.49676
3428.176758	6.51858
3429.676270	2.25105
3431.639893	9.51942
3440.163330	0.396475
3441.324463	0.310746
3444.384766	2.0363
3445.048584	0.0154592
3445.963867	0.889168
3447.434082	1.76002
3449.354248	0.726237
3453.090820	4.99978
3454.777832	1.39999
3456.874268	0.86649
3458.949707	0.45979
3459.889893	1.37025
3464.014893	0.31566
3467.576416	4.00812
3469.008301	1.71711
3469.917969	0.9086
3472.320068	15.3992
3475.304932	3.35347
3476.786377	30.9224
3483.528564	0.832031
3485.142334	4.68614
3486.015625	1.44902
3488.202393	3.35636
3489.574707	19.8427
3494.082764	1.02255
3495.017822	0.284055
3496.173096	1.15966
3497.884033	0.062187
3498.761719	0.626361
3500.113525	17.0464
3504.567139	4.90419
3506.402100	15.0999
3516.530029	416.873
3526.273438	2.16414
3530.814453	0.4685
3533.332520	2.29094
3535.678223	1.64716
3537.531006	1.11544
3539.697754	0.56423
3548.754883	14.7926
3550.494141	0.081145
3555.974365	1.88823
3559.038086	1.84097
3560.456787	0.183812
3562.942871	0.300912
3564.855957	4.1511
3576.063965	15.5959
3582.629150	12.4796
3584.624512	0.505777
3585.503662	0.173305
3585.974365	0.188704
3587.394043	0.323189
3589.573242	17.2233
3599.598877	1.25212
3601.684814	7.99576
3603.435791	8.25688
3605.064209	20.3454
3611.403076	4.05916
3612.964844	4.3534
3616.253906	6.27689
3617.837158	2.11194
3620.494873	1.45736
3622.125732	1.68635
3627.189453	2.59087
3641.089844	3.42454
3644.078369	4.25476
3646.070068	1.19211
3647.685059	3.12585
3649.613037	1.4625
3651.110352	12.4852
3662.731689	10.2757
3664.432861	1.02227
3666.810547	0.832471
3668.207520	0.710549
3669.097900	4.40273
3673.251465	3.4207
3678.816650	10.0083
3686.229736	5.15412
3689.707764	1.05109
3690.656250	0.765865
3695.408936	1.47226
3700.931152	0.643109
3703.095703	1.56855
3704.705566	0.398574
3705.687500	0.355778
3706.996582	3.5057
3711.016846	10.8268
3715.218506	4.98691
3719.077148	2.98136
3723.868652	2.80502
3729.874023	1.88566
3730.976318	0.742379
3732.544678	0.0890517
3733.325439	0.057761
3734.625000	1.88027
3743.438477	2.04129
3745.368652	2.57607
3747.931641	2.70891
3748.832520	0.566856
3750.094971	0.12716
3751.216064	0.245722
3752.682373	0.470764
3754.356201	1.59761
3757.999268	0.379602
3760.894531	0.422553
3763.287842	0.690451
3766.259521	1.83151
3770.000977	3.18949
3780.323975	1.94617
3783.171143	0.352961
3785.791992	3.59988
3787.140625	11.6343
3792.637207	38.4332
3802.196777	51.5816
3805.268555	1.51203
3808.078125	13.8112
3820.622559	0.858706
3826.740479	11.5215
3828.005371	1.9686
3829.577148	4.08589
3831.446289	6.93506
3837.828369	6.46891
3842.899414	1.05519
3846.614990	4.15877
3848.442383	0.504833
3849.551758	0.309276
3850.935303	0.303093
3851.822021	0.438468
3853.748047	1.01752
3855.874756	8.12932
3861.943848	6.84588
3863.310791	4.31758
3867.033936	4.10963
3868.731201	2.98864
3870.965820	1.11498
3872.396484	1.49174
3878.251221	14.1603
3882.167236	20.4664
3888.074219	44.4298
3891.838867	3.34406
3896.514404	30.6606
3901.593018	23.1995
3904.428223	0.0673684
3905.858154	10.0868
3913.497559	1.3567
3914.953125	1.31785
3917.251709	0.35748
3918.606689	0.172788
3919.927979	5.04573
3925.682129	0.77939
3929.631836	20.13
3935.017578	4.10997
3936.312256	0.127997
3938.020996	13.3949
3945.296631	57.6662
3947.798096	125.626
3955.016846	9.72779
3956.475830	2.67892
3961.324951	6.14171
3963.436768	11.4445
3971.086426	5.01273
3974.257324	3.74413
3976.089600	18.0066
3980.334717	1.56101
3981.425049	0.125689
3984.456543	0.691647
3987.331787	0.548665
3989.927246	9.19216
3992.751465	1.48612
3995.050293	4.95433
3997.474121	2.43562
4000.061768	65.2188
4006.424561	39.8226
4012.011230	1.28662
4016.477051	26.734
4018.615479	6.66413
4020.403320	62.9063
4034.625244	226.011
4050.812988	39.3449
4053.097412	0.217839
4055.387939	2.51378
4057.232178	1.28796
4058.510254	0.41319
4059.699707	10.0425
4064.749268	0.168006
4073.485107	51.3753
4081.891113	8.11074
4082.949707	10.4517
4085.683838	9.79058
4091.196289	20.2124
4098.919922	1.45816
4104.684570	37.4905
4112.532227	8.98744
4116.612305	29.1825
4120.840332	7.12802
4132.036621	634.424
4149.244141	6.98653
4157.434082	13.8093
4159.686523	0.811182
4161.921875	0.703346
4164.290527	0.97056
4166.792480	3.23515
4170.016113	4.04244
4171.680176	0.771341
4172.743652	0.175944
4174.199707	3.98239
4176.411621	2.35355
4178.411133	1.84068
4180.233398	1.94944
4185.777832	17.7105
4187.297852	0.48773
4188.887207	19.6151
4190.530762	10.2525
4192.722168	0.492483
4194.366211	4.07399
4195.359375	10.9476
4202.253906	13.583
4209.506348	0.125407
4210.505859	1.04945
4213.209473	0.0986731
4215.717285	2.72114
4220.402344	0.825416
4223.528809	0.581051
4227.598633	12.2672
4230.699219	8.45193
4232.612793	2.42822
4234.960938	1.41674
4237.125488	0.120958
4238.527832	0.1954
4241.031250	1.20199
4241.940918	0.100897
4243.878906	1.30548
4246.522461	1.05448
4248.857910	1.00173
4250.206543	0.049187
4251.252441	0.432038
4252.915039	3.38504
4255.625488	0.0336519
4256.581055	0.340014
4257.747070	0.163151
4259.109375	0.058301
4261.224609	0.457302
4263.454102	0.283639
4264.828613	0.359481
4267.487793	0.745191
4268.603027	0.0734355
4271.058105	1.6696
4273.063965	1.17377
4275.145508	1.68128
4277.085449	0.851627
4278.848145	1.42719
4284.395508	0.985396
4285.223145	0.813218
4286.632813	2.71043
4287.813477	1.22019
4289.108887	3.5961
4291.158691	3.09732
4293.028320	2.07045
4294.879395	1.39277
4298.041504	10.7743
4302.162598	0.809626
4303.181641	2.80722
4308.618164	23.3327
4317.216797	93.3858
4322.459473	7.71949
4327.468750	7.68386
4330.520508	0.146677
4333.828613	17.705
4335.323730	5.66594
4337.441895	1.91764
4339.705078	51.0285
4356.845703	42.429
4358.657715	11.4176
4361.027344	1.13541
4362.754883	1.12891
4364.255371	1.61403
4367.922363	1.61477
4370.020020	4.74161
4372.050293	1.28452
4374.037598	0.581381
4376.153320	4.84716
4378.036133	7.42799
4382.603516	0.445432
4383.940918	0.89762
4385.056641	1.27072
4386.339844	1.68972
4388.509277	1.84732
4390.338379	2.65261
4392.396973	2.85961
4397.142090	0.548658
4403.111816	18.0457
4405.986816	44.8783
4413.520020	15.2123
4415.614746	0.384222
4416.706055	0.00954599
4418.113770	1.28318
4420.375488	2.93629
4423.523926	17.4595
4424.587402	19.3171
4431.568359	9.02051
4439.301758	4.96827
4449.352051	18.7121
4451.989258	0.0445206
4453.118164	0.0441027
4454.657227	0.891815
4456.426758	4.30051
4461.070313	2.25121
4464.504395	0.826119
4466.464355	4.42537
4469.853027	0.707628
4472.279297	4.56232
4474.056641	10.0914
4475.252441	1.99251
4476.772461	65.593
4484.662598	0.246353
4486.503906	0.0454122
4491.111328	18.383
4492.451172	34.2198
4506.807129	2.96088
4511.347168	12.4786
4518.572754	9.74418
4526.587402	3.86146
4528.841797	5.17837
4530.855469	1.92181
4532.041992	0.180671
4533.807129	2.18542
4536.007324	2.21982
4538.490723	3.14117
4540.957520	0.251976
4543.038574	4.06256
4551.110840	0.975357
4558.103027	5.11059
4559.875000	1.15997
4563.540039	31.9201
4572.783691	4.51432
4584.837891	8.02246
4587.019043	5.52457
4589.233398	1.77097
4591.622559	15.3727
4605.984863	22.7579
4613.997559	6.67763
4616.285156	0.303478
4618.784180	1.06179
4620.887695	3.59264
4632.462891	10.845
4633.555664	1.57689
4635.541504	0.283983
4636.914551	6.72597
4640.546387	1.21329
4642.485840	0.893066
4644.625488	5.02205
4650.148438	47.7925
4655.018555	4.02773
4662.096191	14.3808
4665.486328	3.17167
4668.716797	0.0443096
4670.111328	2.45273
4672.959961	5.98686
4674.529785	0.929437
4677.258301	0.837523
4679.489258	0.22167
4681.275391	0.237481
4683.760742	0.0327566
4688.643555	3.43551
4697.390137	0.267143
4701.939453	0.277347
4704.687500	1.14906
4706.697266	3.06011
4708.734863	2.71668
4711.026367	0.766442
4715.083984	2.64592
4718.125977	0.166553
4719.213867	0.17997
4720.227051	0.241457
4721.990234	0.527324
4724.851563	5.40277
4734.936035	16.6222
4742.358887	6.53173
4748.125977	4.93609
4754.421875	2.00971
4759.596680	85.7291
4769.483887	1.68728
4771.824219	0.242602
4776.387207	18.0324
4779.681152	0.524539
4781.356934	1.80122
4784.093262	1.19886
4785.499512	0.304156
4786.514648	0.15171
4788.464355	4.79177
4796.028320	11.7259
4801.458008	21.5573
4806.749512	9.19966
4811.684570	3.23458
4813.593262	1.11136
4815.892090	1.97442
4817.815918	0.28914
4821.649414	0.554285
4822.810547	0.441478
4827.689453	1.35126
4830.430664	0.169749
4831.491211	0.320072
4833.001465	0.0855307
4834.370605	0.271807
4835.852539	0.513192
4838.477051	0.467526
4842.449707	0.0636778
4844.330566	0.166633
4845.428223	0.173232
4846.540527	0.287718
4848.240234	0.150826
4849.309082	0.0852221
4850.459473	1.17512
4853.602051	2.59458
4855.882813	1.93392
4856.721680	3.91751
4862.340332	3.28594
4866.107910	3.34691
4869.329590	0.701351
4871.178711	2.03418
4873.619629	0.715625
4875.802246	0.518521
4877.665039	0.326222
4882.239746	0.299751
4884.988281	0.0246385
4886.742676	0.827907
4888.761719	2.93568
4890.670898	0.168204
4891.476074	0.0257335
4892.421875	0.894355
4894.229004	7.99562
4897.903809	0.656998
4900.402344	0.491675
4903.345215	3.48182
4904.866211	5.58515
4907.852539	3.97778
4908.869629	0.328212
4910.222656	3.68009
4917.208984	19.4985
4922.577637	0.917227
4926.235352	4.85517
4930.044922	2.64107
4932.273926	1.31333
4933.793457	0.993368
4935.302734	0.660283
4936.726563	0.280744
4940.129395	15.0924
4946.186035	0.150256
4950.395508	8.56854
4957.346191	1.70429
4959.515137	4.84792
4963.909668	0.324297
4966.518066	4.97513
4971.303223	1.35392
4972.341797	0.465268
4974.180664	0.685698
4976.306152	0.116659
4978.580078	0.372102
4980.070313	1.50076
4981.218262	0.318722
4982.637695	0.470937
4983.937012	0.0563215
4985.174805	0.511109
4987.317871	2.8568
4996.853027	4.55813
5001.944336	0.256851
5003.336426	0.344016
5005.201660	0.627694
5007.424316	0.170854
5008.376465	0.0790942
5009.544434	0.293276
5010.399902	0.0187928
5011.475098	0.0235962
5012.212891	0.0613067
5013.282227	0.0441151
5015.564453	0.22525
5017.731934	0.74191
5019.517578	1.1224
5021.147461	0.388423
5022.141602	0.317355
5023.892090	0.168257
5025.197266	0.566441
5027.252930	0.478526
5029.895508	0.322316
5031.576172	0.0963193
5032.563477	0.0603449
5033.433105	0.171306
5038.824219	5.55411
5043.826172	4.0218
5046.201660	3.32377
5048.470215	1.35892
5050.697754	0.619868
5051.416504	0.0173922
5053.335938	0.635727
5055.004883	1.26642
5057.865723	0.0544651
5059.282715	0.503713
5063.076172	1.30264
5065.561035	8.4408
5070.717773	3.2636
5073.159668	0.698945
5075.297363	1.1003
5079.239746	4.13398
5081.669434	3.46439
5083.728516	2.6116
5085.604004	1.01248
5087.475586	2.86337
5089.523926	2.04469
5092.088379	7.90718
5100.615234	3.49724
5102.225586	2.25661
5103.201660	9.94587
5107.645020	41.6467
5110.380859	0.680451
5111.930664	12.4289
5121.118652	7.49388
5122.587402	1.34189
5123.891113	0.655662
5125.365234	0.4835
5126.609375	1.94069
5128.406738	3.86724
5131.077148	0.391969
5133.491211	0.472674
5135.274414	0.295921
5136.982910	0.658775
5139.087891	1.55305
5139.961426	1.0675
5142.895996	0.156844
5144.377441	0.173213
5145.883789	0.333334
5147.104492	0.611808
5148.585938	0.611953
5149.947266	0.150946
5151.091797	0.14255
5152.214355	0.089605
5153.599609	0.26655
5155.238281	1.3407
5158.819336	0.513045
5160.820313	0.979198
5161.895020	0.122572
5162.999512	0.935931
5164.732910	0.062168
5166.921875	3.69148
5171.185547	2.2804
5172.938477	2.31912
5177.037598	0.28186
5180.074219	4.35785
5182.925781	5.65242
5184.822754	2.67725
5186.503906	0.635684
5187.659668	1.84236
5188.949707	0.86394
5190.484375	0.554392
5192.289551	0.32505
5194.427246	2.23551
5196.728516	1.89446
5199.236816	0.697075
5202.504883	2.36458
5204.686035	0.919302
5206.490234	0.182464
5207.635742	0.50675
5209.117676	0.162143
5210.602539	0.163953
5214.012207	1.93
5217.002441	0.12937
5218.602051	0.109957
5219.331543	0.013996
5223.313965	1.24163
5225.920410	0.000234022
5229.639648	5.60629
5237.043457	4.30526
5241.462402	2.02232
5243.499023	1.03085
5245.458008	0.175907
5248.093262	2.30607
5252.227051	0.566006
5255.250977	6.08829
5261.785645	8.43691
5263.742188	9.24176
5270.643555	2.89898
5273.760742	2.28549
5275.733887	7.46881
5280.089355	0.32858
5284.222656	2.92719
5291.691406	2.27915
5295.232422	0.608656
5296.631348	0.071496
5297.617188	0.120896
5302.510254	1.63927
5304.532227	0.922852
5309.810547	2.7232
5315.881348	0.586285
5317.377930	0.562676
5318.805664	0.131535
5320.159180	0.217408
5321.911133	0.192935
5323.656738	1.76793
5327.144531	0.272286
5328.867676	1.38325
5330.218262	2.42603
5331.308105	1.1435
5332.928223	0.835688
5334.101074	0.401325
5335.688965	0.0679964
5337.856445	6.17321
5342.470215	1.22284
5344.840820	0.966511
5348.769043	3.9463
5351.029785	5.33606
5357.727539	0.339223
5360.920410	0.844072
5362.937012	0.335425
5364.898926	0.201143
5366.098633	0.251054
5367.353027	0.213582
5369.009277	0.0944408
5370.331543	0.284478
5373.710449	0.295379
5375.773438	0.126175
5378.176270	0.33855
5380.185547	0.161369
5381.645996	0.0622736
5382.581055	0.520729
5384.376465	0.58532
5386.088867	0.295765
5387.375488	0.162163
5388.409668	0.139741
5390.427734	0.099958
5391.941895	0.493526
5393.979980	2.42851
5396.130371	1.38888
5397.448242	2.0595
5398.588379	0.791943
5400.373535	0.509415
5402.080078	4.20234
5409.667969	0.683668
5410.980957	0.270085
5413.472168	1.65723
5415.885742	1.36647
5418.296387	0.707362
5420.232910	2.90474
5425.650879	4.95635
5429.681152	1.49487
5431.863770	0.459816
5433.921387	0.434916
5434.648438	0.0488926
5436.883301	0.173689
5437.899414	0.023867
5440.088867	11.6892
5446.820313	10.1612
5448.332520	2.75596
5451.359375	1.20437
5453.682617	0.530903
5456.212402	1.62172
5457.792969	6.18584
5463.130859	30.4122
5472.242676	6.94629
5473.625977	3.62284
5478.727539	8.64026
5482.028320	3.80463
5486.618164	8.72025
5495.713867	20.0588
5497.588379	23.1613
5503.710938	3.35648
5505.051270	0.68798
5506.234863	0.411153
5507.805664	2.0586
5515.400879	0.584366
5516.703125	1.33736
5524.547852	0.0262086
5525.666992	0.0305632
5526.947754	0.199603
5528.295898	0.115922
5529.752930	0.0513821
5532.361328	0.204145
5534.246582	0.12795
5538.956543	0.76904
5543.702148	2.94029
5548.671875	0.0566381
5550.937500	1.25167
5552.763184	0.93544
5556.736328	6.11801
5561.697266	14.7657
5566.038574	10.8263
5568.193359	3.40043
5570.794434	7.72923
5576.366211	12.7551
5582.570313	18.2776
5593.512207	22.3844
5602.337402	5.40282
5603.759766	2.20285
5608.732422	1.2677
5614.538086	2.16226
5618.938477	1.76065
5621.066895	4.40423
5625.107422	1.81532
5626.142090	0.261098
5627.717285	0.466914
5630.513184	1.00548
5631.972656	0.0304568
5634.276367	0.248114
5635.509277	0.0630075
5637.213379	0.4027
5639.359863	2.89569
5648.770508	12.2579
5656.575684	7.0863
5658.596191	0.863521
5661.900879	1.93334
5663.131348	0.120243
5663.998047	0.308334
5665.952637	16.416
5674.597168	7.69692
5676.416504	2.26057
5677.783691	0.432829
5678.921875	0.983755
5680.815430	0.71599
5684.659668	9.87993
5692.034180	6.63362
5693.182617	0.287003
5694.497070	3.20503
5699.491211	0.84505
5701.679199	10.1018
5709.853027	2.94463
5712.132324	1.44493
5713.827637	0.720711
5716.349121	0.390934
5718.259277	1.20517
5719.907715	1.17309
5721.134277	0.230227
5723.178223	1.55558
5724.553223	1.77122
5727.352539	2.37329
5729.453613	1.33457
5732.105469	2.39764
5736.387695	0.481788
5737.853516	0.689803
5740.850098	0.138892
5742.041504	0.130166
5748.125488	0.353467
5755.684082	1.55346
5757.301270	0.714029
5758.759766	0.474605
5760.091309	4.02339
5765.409668	0.0595344
5766.947266	0.246746
5768.878418	0.718172
5771.354492	1.41298
5773.582031	0.238869
5776.150391	0.939326
5777.696289	3.11437
5780.636230	1.01446
5783.694824	14.123
5787.839355	0.847908
5789.217773	1.97326
5792.035156	1.71144
5796.903320	1.12833
5801.477539	3.1532
5804.226074	9.41899
5806.314453	1.4097
5808.209961	5.84729
5815.667969	46.0456
5818.717285	0.617031
5820.469238	3.86296
5823.433594	2.20134
5830.188965	2.19406
5831.962402	1.08134
5833.167969	0.232155
5834.840820	0.315298
5837.985352	4.14414
5840.815918	0.324558
5843.178223	0.551235
5845.575684	1.47671
5847.537598	2.25832
5850.177246	0.31669
5851.845703	0.450027
5852.724121	0.0245452
5855.312988	0.917235
5856.994629	2.95345
5863.428711	31.8494
5869.180176	3.4972
5879.643066	44.8265
5887.742676	13.361
5890.513184	0.853314
5892.697266	0.211251
5895.628906	0.515892
5897.332520	0.215002
5898.854980	0.287042
5900.267578	0.131989
5901.988281	0.146872
5906.486328	2.31128
5909.026367	0.289411
5910.383789	0.413541
5913.585449	2.28562
5914.610840	1.07105
5917.009277	5.31741
5919.489746	4.14659
5921.981934	3.50598
5924.372070	0.550544
5926.027832	2.45673
5928.571777	4.28527
5930.790527	3.26026
5934.333984	0.30553
5936.956055	3.10461
5939.816895	0.155991
5941.496582	1.0317
5944.463867	9.39067
5948.455078	3.92274
5950.771484	1.51818
5953.622559	0.897169
5959.875000	10.7608
5963.484863	6.73655
5964.784668	9.88103
5969.319824	11.6512
5977.667480	26.5876
5985.994141	2.90207
5988.509766	0.244199
5991.399902	1.1168
5993.224121	6.50719
6003.894043	10.6099
6008.553711	9.89652
6010.215332	4.3634
6012.882813	0.687077
6015.053223	3.2589
6022.302246	3.81711
6024.667969	4.02754
6027.477051	0.900855
6030.364746	4.77666
6035.741699	2.27032
6038.062012	0.198513
6045.154297	4.41369
6047.672363	17.8653
6056.245605	8.57816
6061.687500	8.30602
6063.618652	1.15272
6065.994629	0.576754
6067.502930	3.98742
6072.876465	13.053
6075.900391	1.40715
6077.832031	5.39378
6083.691895	15.7679
6090.405273	18.4425
6092.463867	11.823
6100.684082	16.4323
6107.332031	0.751348
6110.280273	2.4691
6113.784180	2.48471
6115.474121	8.27716
6119.994629	4.34966
6122.545898	7.81283
6124.760742	3.83487
6127.425781	0.971581
6131.431152	1.21747
6135.694336	2.37626
6138.533691	0.71174
6142.191895	4.13147
6145.029785	2.03994
6147.665039	1.59702
6150.268066	2.17774
6154.234375	0.385242
6157.169922	0.924142
6160.033691	1.98423
6162.012695	0.491907
6163.642578	0.877585
6165.086426	0.377039
6167.027832	2.78963
6169.729004	7.04278
6174.961426	12.7341
6179.967285	0.822606
6181.479492	4.02373
6187.923340	9.40112
6190.339844	4.41198
6193.232910	47.7852
6211.570313	24.5637
6214.043945	1.81927
6217.085938	63.4148
6228.293457	16.7875
6233.399414	5.26617
6235.229980	4.43553
6243.887207	2.38984
6249.104980	3.93241
6254.132324	0.316255
6258.280762	1.6828
6261.183594	3.86658
6263.049805	2.06244
6266.098633	0.283688
6267.613770	0.260281
6269.364258	0.423533
6271.992188	0.745227
6274.643555	3.66767
6279.254395	5.00158
6281.249023	2.6941
6286.086914	6.50043
6291.202637	29.3248
6304.171875	27.5042
6312.542969	6.25657
6314.242676	0.18656
6317.806641	2.87677
6320.460938	5.26675
6323.152344	0.600469
6325.609375	2.34897
6330.412109	5.29454
6338.317871	11.8291
6343.103027	13.8321
6345.364258	2.34464
6347.795898	2.02125
6349.895020	0.781489
6351.735840	0.3358
6353.025879	0.520096
6354.512207	0.572948
6355.836426	0.513201
6357.709961	0.816601
6359.617188	1.78179
6361.788574	3.0366
6364.451172	1.08595
6366.542969	0.581864
6367.786133	0.234882
6375.209961	13.4159
6385.561523	12.2763
6390.247070	1.77575
6392.904785	1.42826
6394.600098	0.533474
6397.256348	2.2652
6403.172852	11.0883
6405.571777	3.11249
6408.585938	2.90169
6410.343262	1.60979
6414.027344	1.57326
6419.182129	0.364076
6420.750977	0.864819
6421.583496	0.133495
6423.468750	1.03881
6425.544922	2.4635
6430.285645	0.406673
6431.708496	0.927931
6433.560547	1.9337
6436.493652	1.47334
6438.189453	0.248395
6439.514160	0.444138
6441.310547	1.25997
6444.560547	1.15789
6446.990723	0.516481
6449.645996	0.42072
6453.373535	1.00968
6455.310547	0.339654
6459.535156	2.45632
6462.158691	5.84155
6466.808105	2.54702
6474.400391	3.32444
6479.383789	5.77317
6481.374023	1.08115
6484.423340	16.1284
6496.986816	25.6043
6501.839844	0.136925
6509.315430	18.2001
6515.760742	7.07439
6518.098145	0.0502281
6520.205566	1.56679
6523.994629	0.460645
6526.136230	0.282944
6527.625977	0.804222
6530.987305	0.448358
6532.916992	1.26972
6537.664551	0.028778
6546.996582	14.1589
6551.777344	8.58438
6558.325684	14.8038
6562.668945	0.775198
6564.247559	0.755872
6566.142090	1.54331
6568.673340	3.43566
6573.604004	2.94029
6579.886719	0.309749
6581.453125	0.215773
6583.612305	0.737691
6587.892578	14.6628
6597.254395	16.3585
6599.861328	1.95668
6602.222168	26.327
6611.524902	1.17438
6616.123535	2.025
6618.184570	1.1602
6622.548828	6.51602
6625.936523	13.1739
6638.139648	7.31232
6641.490723	16.7948
6649.731445	20.3267
6659.208008	10.0618
6664.173340	5.34986
6666.380859	0.994966
6669.690430	1.18911
6672.596191	0.95864
6673.817871	0.0446144
6676.950684	17.9732
6686.139160	17.4923
6695.528320	4.28728
6697.544434	0.559404
6699.771484	5.07252
6707.897949	17.3379
6717.043457	14.6198
6719.748535	21.1714
6731.815918	33.3368
6737.745117	0.364789
6739.856934	0.761341
6742.375977	0.0947994
6747.783691	5.09541
6748.954102	1.16727
6751.992676	6.81304
6753.565430	7.43605
6761.894043	0.436615
6764.240723	10.8759
6777.574707	13.6012
6779.719727	5.56074
6782.238281	2.10918
6784.602051	0.698573
6790.935059	7.36359
6794.389648	0.897728
6796.014160	0.882805
6796.977539	0.452861
6798.699707	0.671002
6800.354004	0.17364
6801.826660	1.78313
6803.708984	5.5006
6808.872559	0.424941
6812.335449	0.0312919
6813.652832	0.044144
6820.868652	22.5334
6823.410645	5.69501
6825.745605	29.9866
6837.220703	26.9032
6840.950684	0.449431
6842.687500	0.647872
6844.479004	0.905804
6846.971191	2.30371
6851.758789	0.161207
6854.506348	0.541339
6858.607422	6.10542
6861.145020	0.540264
6862.985352	1.2763
6864.250488	6.59378
6869.579102	8.14198
6872.726563	3.19819
6881.818359	28.6172
6891.716797	3.93545
6902.080566	30.5694
6907.161621	89.9083
6913.445313	0.381854
6915.120117	25.8877
6919.760742	0.358244
6924.274902	12.9575
6928.664063	41.6209
6932.525879	176.702
6940.361816	0.561778
6949.956055	625.889
6963.872070	5.48886
6969.705566	6.33865
6973.401855	1.6751
6976.609375	21.6602
6984.541992	43.7832
6991.028320	5.0631
6995.212402	40.9486
7006.729492	77.5052
7010.979980	2.21328
7013.043945	0.727057
7014.453125	0.293382
7016.217773	2.64309
7019.681641	6.84884
7023.694336	38.1776
7028.927734	16.4752
7034.211914	7.48779
7041.817383	1.82741
7047.172363	76.2787
7052.983398	19.204
7054.805176	6.67429
7058.009277	0.103665
7060.205566	12.7105
7067.334473	0.168481
7068.967773	1.21649
7072.425293	4.86313
7074.844727	2.67409
7079.053711	30.6788
7084.065918	0.322142
7088.101074	17.3992
7094.963867	7.4798
7097.007813	9.05647
7102.301270	0.382794
7104.405762	1.76319
7108.382813	37.7543
7112.502441	0.118933
7115.121582	9.14491
7117.497559	10.9314
7118.698730	14.4885
7124.389648	27.2741
7135.376465	230.588
7142.715820	6.9948
7144.290527	32.4153
7151.521973	129.644
7156.769043	4.49112
7158.800781	42.5126
7167.594238	55.131
7175.426270	10.9049
7176.743652	17.6767
7181.320801	2.40966
7183.309082	3.71117
7186.501953	1.29672
7188.814453	2.59467
7191.667480	3.96643
7192.862793	0.12665
7194.844238	6.09026
7197.007324	36.4516
7203.581055	36.9869
7204.939453	0.348357
7206.442383	5.65414
7208.407715	35.5115
7213.922852	43.5077
7221.075195	34.7871
7233.873535	494.446
7250.689453	1624.19
7260.650879	65.3812
7273.261230	69.2515
7277.793457	15.2907
7294.351563	93.148
7296.807129	6.08414
7300.730469	11.327
7303.476074	2.89015
7306.851074	11.8941
7311.829590	29.8666
7320.598633	27.5095
7322.529785	34.2686
7329.666504	11.9124
7331.219727	7.54965
7334.232422	1.47894
7336.130371	0.266342
7339.869629	26.6807
7346.084473	12.6785
7348.215332	1.68465
7351.079102	1.08069
7353.956055	16.2974
7358.063965	2.21197
7359.979004	10.0567
7363.726563	15.2495
7368.755859	4.04593
7379.965332	109.69
7384.613770	1.94553
7386.603027	4.07926
7389.427246	2.07573
7392.089844	1.60425
7394.925781	0.87144
7398.957520	25.9239
7406.985352	6.72807
7411.774902	9.80325
7413.514160	7.3252
7416.413574	0.193211
7422.055176	17.0351
7428.455566	11.2831
7430.732422	7.10842
7433.162598	25.8237
7442.448730	26.0389
7444.865234	3.63577
7447.531738	1.95152
7451.070801	1.64509
7453.440918	2.21352
7454.372070	0.179708
7456.410156	17.3438
7462.029785	1.32862
7465.068848	4.80655
7468.596680	14.2817
7470.611328	4.49738
7473.490723	6.91747
7481.971191	30.576
7487.767090	1.35609
7491.623535	30.6845
7508.331055	81.1029
7522.181152	13.226
7523.747559	5.28962
7526.883789	0.353979
7531.218750	5.23489
7534.592773	1.30408
7536.276367	0.263694
7538.587891	3.09483
7540.900391	0.867208
7542.795410	0.0744641
7544.815918	4.09175
7549.462402	6.73523
7551.384277	9.04738
7554.498047	0.222955
7556.796875	4.05243
7561.904785	4.89836
7566.013184	2.88054
7567.725098	0.614626
7571.712402	0.697535
7574.479004	3.11427
7580.448242	0.289812
7587.652344	17.4744
7593.956543	2.1371
7597.523926	5.76957
7600.067383	4.966
7602.701172	0.983479
7604.690918	0.428843
7606.236816	0.967443
7607.877441	0.896531
7609.366699	0.275958
7611.235840	0.499851
7613.592285	9.40909
7620.541016	1.37415
7622.439453	2.62263
7625.634766	3.36888
7627.590820	3.11976
7632.343262	14.8693
7636.216797	5.69719
7637.976074	6.37193
7641.072266	2.00199
7645.918457	5.12428
7655.022461	5.36396
7658.408691	16.2568
7668.474609	7.34212
7671.483398	1.00947
7673.469238	1.72269
7675.319824	0.836093
7676.729492	0.612882
7679.180664	10.139
7685.819824	23.2266
7688.648438	2.49184
7690.205566	24.2629
7697.511230	12.7038
7703.960449	3.75908
7708.375977	4.29069
7719.633301	0.99372
7721.243652	0.716847
7723.928711	1.88527
7726.051758	1.10504
7729.525879	0.107454
7731.723145	0.281641
7733.648926	0.92887
7734.997559	0.534091
7738.657715	2.04446
7740.369141	4.95689
7744.560547	0.172826
7746.105957	0.105721
7748.879395	12.4319
7753.443848	1.62635
7759.945801	26.6367
7763.985352	2.93935
7765.984375	4.38515
7769.913574	6.51352
7781.273926	59.0161
7790.642578	48.0657
7800.111328	23.4694
7804.932129	5.35283
7806.904785	6.36702
7812.382324	33.7465
7821.164551	32.3409
7822.837891	27.4579
7833.053711	23.227
7836.080078	13.0321
7841.075195	5.71029
7843.077148	4.64517
7846.721680	8.15583
7854.164551	6.9859
7857.954590	1.65159
7862.680664	13.9192
7869.368652	5.84782
7874.648926	1.11702
7877.454590	0.0943612
7883.620605	3.70439
7890.485352	9.20294
7895.323730	29.7608
7897.354980	35.2103
7906.635254	17.0633
7911.366699	21.7849
7917.782227	1.35845
7920.487793	4.90056
7923.248535	7.07737
7925.479492	19.95
7933.142578	44.0564
7934.942383	64.7491
7942.341797	16.8769
7951.055176	28.2038
7961.075684	4.06738
7967.335449	35.1597
7979.362305	3.2039
7985.133301	3.49217
7988.424316	2.59933
7991.445801	2.74282
7993.592773	3.35245
7996.795410	0.95047
7998.757324	1.13624
8003.152832	16.8499
8024.348633	45.6637
8026.730957	17.5975
8038.993652	101.46
8052.710938	50.4565
8070.942871	0.180379
8075.168945	2.72816
8082.199219	11.8767
8089.016113	12.7388
8095.080566	2.46026
8097.110840	0.3607
8098.709473	0.136629
8100.325684	0.39499
8102.322754	0.6095
8105.125488	1.37431
8107.212891	1.27577
8108.768066	1.6397
8110.600586	3.50057
8112.255859	8.02723
8119.666504	5.6953
8121.649414	1.47634
8125.234375	0.882569
8126.552246	1.59417
8131.817871	1.44114
8134.240723	10.366
8141.125488	38.0656
8158.651367	33.819
8161.312012	0.828416
8163.981934	30.7157
8168.905762	0.318331
8171.629883	1.14644
8175.284668	4.0478
8180.140625	1.61621
8187.989258	19.2295
8190.833496	40.3062
8200.567383	10.7777
8207.135742	5.37846
8210.006836	1.87738
8211.938477	4.11813
8216.090820	4.30197
8222.260742	6.77209
8224.307617	0.859591
8227.284180	0.54341
8230.100586	2.2186
8234.089844	1.98919
8237.181641	3.84683
8239.790039	2.28112
8243.285156	0.180967
8245.329102	2.46114
8254.413086	1.63644
8257.098633	0.660146
8258.724609	1.86657
8261.473633	4.47154
8264.310547	0.580398
8266.012695	3.63417
8268.634766	5.45665
8271.491211	3.68098
8274.151367	14.3877
8279.982422	3.80611
8283.085938	43.7006
8289.897461	0.774066
8292.085938	1.61355
8301.041992	25.5515
8304.760742	13.2299
8306.958008	1.18633
8309.041016	5.13961
8311.775391	12.1044
8316.232422	12.1529
8318.406250	0.59735
8319.664063	1.37306
8322.264648	6.36058
8324.927734	0.512021
8325.947266	0.897987
8327.852539	2.60292
8330.128906	16.5444
8336.365234	10.0088
8345.301758	7.38338
8351.115234	19.7094
8357.652344	1.59888
8363.066406	9.18161
8369.041016	4.65871
8370.389648	4.77232
8373.778320	4.09258
8376.378906	3.90032
8379.033203	0.542476
8383.618164	26.0303
8389.245117	28.0198
8400.969727	135.636
8408.507813	1.18055
8411.684570	1.16486
8418.959961	10.0488
8421.070313	9.81938
8430.348633	12.9154
8441.160156	16.9138
8449.522461	3.80634
8452.484375	1.67421
8454.583984	2.20958
8457.012695	9.10764
8462.905273	0.981031
8466.539063	2.26532
8468.938477	3.36451
8472.283203	0.386592
8473.725586	1.5254
8476.223633	2.40537
8479.268555	2.28016
8485.902344	12.5219
8491.781250	8.13793
8493.802734	4.07228
8496.687500	0.70807
8498.999023	3.04493
8502.063477	2.11006
8504.403320	3.07986
8508.320313	5.70116
8510.306641	1.9766
8515.515625	11.4741
8525.727539	7.53528
8527.854492	5.54495
8533.762695	0.388671
8535.829102	4.17721
8538.364258	3.41403
8542.385742	1.83264
8545.089844	0.842734
8547.833984	0.18061
8551.790039	0.391666
8554.467773	0.425166
8556.092773	0.0739937
8557.915039	0.145454
8559.866211	0.0776731
8561.451172	0.0224717
8566.907227	1.42884
8573.350586	5.08221
8583.320313	10.1176
8589.265625	0.169005
8591.578125	5.77165
8603.736328	1.81318
8607.003906	3.62337
8610.911133	2.52328
8614.165039	1.72882
8618.375977	30.888
8640.482422	16.4556
8643.901367	3.32611
8646.951172	1.25537
8649.976563	9.04115
8664.906250	0.953591
8669.415039	6.58459
8673.184570	4.88069
8676.067383	1.99113
8679.127930	1.50823
8681.809570	0.0387133
8684.843750	0.109514
8687.147461	0.586614
8689.294922	0.281151
8690.872070	0.497805
8692.919922	0.53479
8694.611328	0.158127
8696.119141	0.383414
8702.290039	2.12849
8710.150391	0.047022
8711.506836	0.00271511
8713.515625	0.0944852
8720.002930	11.0299
8732.946289	4.2428
8740.194336	2.12922
8743.969727	0.462997
8747.267578	1.10249
8749.697266	0.0938509
8752.110352	0.343154
8754.658203	0.69298
8757.359375	0.263312
8760.377930	0.0508911
8767.418945	6.25874
8780.611328	4.19517
8782.273438	4.46878
8789.857422	3.48323
8796.317383	5.14059
8801.813477	8.5881
8806.928711	1.73893
8811.132813	0.173452
8814.930664	0.498238
8819.064453	0.598849
8821.877930	0.132016
8823.353516	0.0412864
8825.420898	0.0585743
8827.371094	0.0306705
8833.898438	0.186004
8838.210938	0.127086
8841.690430	0.167267
8844.241211	0.121426
8847.458984	0.0250315
8848.916016	0.00166033
8850.456055	0.0096339
8856.071289	0.632311
8860.416992	1.30198
8863.609375	1.03322
8866.629883	0.481638
8870.100586	4.98566
8878.151367	0.652939
8882.025391	3.12446
8883.820313	0.872187
8885.918945	0.481396
8889.006836	0.577338
8894.541992	1.581
8900.861328	0.567843
8908.793945	0.983018
8913.425781	0.314663
8916.461914	0.201552
8919.409180	0.219627
8922.509766	0.0733635
8926.745117	0.142581
8931.304688	2.30869
8939.108398	5.5898
8943.507813	1.66447
8945.875977	0.98072
8950.581055	0.690022
8953.279297	0.291197
8955.465820	0.136232
8956.981445	0.0631048
8958.977539	0.134889
8961.283203	0.421997
8964.009766	0.317303
8966.044922	0.796783
8969.605469	0.314929
8972.413086	0.401134
8982.824219	3.61136
8985.823242	1.02153
8989.030273	5.94499
8992.425781	7.76573
8995.473633	2.31622
9000.525391	9.71805
9006.263672	1.96506
9019.049805	3.51478
9023.251953	4.34241
9027.977539	1.83348
9030.252930	0.541518
9031.648438	0.199446
9034.377930	12.3529
9054.644531	13.1682
9062.453125	0.850195
9068.649414	2.5373
9073.300781	0.360923
9075.405273	0.369186
9077.023438	0.605759
9084.497070	0.895749
9086.661133	5.54917
9091.433594	3.45939
9093.317383	0.163836
9094.499023	1.15729
9097.005859	2.62182
9102.941406	0.33495
9106.792969	3.40855
9112.944336	2.8851
9118.045898	0.604684
9120.319336	0.563119
9123.385742	0.160678
9126.508789	0.0448606
9131.367188	1.40612
9143.217773	4.79105
9149.322266	0.858191
9150.394531	1.03485
9154.488281	0.237354
9158.158203	2.6385
9164.292969	0.0570261
9169.074219	0.508431
9174.882813	5.76376
9182.406250	9.92001
9184.743164	0.488172
9187.773438	5.70313
9207.279297	3.04877
9214.141602	1.37249
9220.477539	0.336614
9223.358398	0.107832
9226.574219	0.12577
9228.560547	0.00843261
9229.943359	0.0458913
9233.785156	0.00223037
9235.424805	0.00313088
9237.235352	0.0513095
9246.033203	0.643728
9253.694336	0.476071
9263.259766	1.15826
9283.496094	0.327245
9286.267578	0.147951
9287.643555	0.0142718
9289.981445	0.0597076
9291.743164	0.091097
9295.833008	0.543032
9298.597656	0.243455
9299.849609	0.0180327
9302.317383	0.116673
9304.743164	0.0821861
9306.940430	0.0608515
9309.818359	0.252986
9311.903320	0.165913
9313.433594	0.0991883
9315.612305	0.0863712
9317.429688	0.0487508
9318.963867	0.037565
9321.946289	0.126238
9343.030273	0.643347
9349.578125	0.532164
9352.958008	0.284835
9355.285156	0.48394
9356.667969	0.111821
9358.982422	0.0838408
9360.587891	0.0426928
9363.359375	0.134596
9365.852539	0.336944
9374.388672	4.08644
9379.502930	0.761649
9381.838867	0.940415
9387.285156	0.839989
9393.598633	0.231032
9396.404297	0.475447
9399.924805	0.284293
9401.361328	0.0517985
9403.575195	0.0904388
9405.376953	0.0390167
9408.775391	0.490072
9414.682617	0.90787
9417.984375	0.494551
9421.197266	0.272506
9424.179688	0.0852464
9428.827148	0.980781
9432.115234	0.53982
9434.070313	0.859585
9436.199219	0.0721737
9437.800781	0.255189
9440.481445	0.362506
9444.026367	0.0389602
9464.043945	1.01007
9469.448242	0.0624455
9471.311523	0.0440107
9473.009766	0.0241584
9475.210938	0.0257285
9477.068359	0.00907802
9482.750977	0.0151537
9487.633789	0.131312
9490.408203	0.0800779
9491.941406	0.0215756
9494.229492	0.031312
9496.049805	0.0246504
9500.792969	16.1754
9510.104492	0.000727835
9511.512695	1.71315e-008
9512.448242	1.71315e-008
9514.240234	4.85393e-008
9515.720703	5.7105e-009
9516.655273	2.85525e-008
9517.590820	5.7105e-009
9519.304688	5.7105e-008
9521.681641	0.00582697
9524.290039	0.188794
9525.600586	1.02426
9529.009766	9.88184
9535.626953	8.62241
9544.635742	0.000278739
9546.523438	3.71183e-008
9548.865234	4.85393e-008
9550.676758	0.00375224
9554.662109	1.29118
9562.250977	0.651851
9570.016602	7.65125
9580.768555	3.04604
9582.695313	3.36926e-007
9583.949219	0.462305
9586.570313	0.290906
9590.237305	0.870458
9596.902344	2.29056
9601.228516	0.0585846
9603.560547	1.67682
9608.921875	6.5539
9615.812500	1.0392
9617.916016	0.109595
9621.895508	2.31471
9628.874023	0.517171
9630.912109	9.37843
