TITLE "<<F9_MSMS_12859.0000_2>> 4700 MS/MS Precursor 12859 Spec #1 MC=>AdvBC(32,0.5,0.0)=>NR(2.00)=>SM31=>CT[BP = 12859.0, 26771]" CENTROID
TYPE MASSSPEC
64.933868	5.79355
65.077179	6.39162
65.343758	1.96932
65.620895	1.98559
66.032364	3.77093
66.600220	7.52629
67.368759	15.502
67.904716	3.57033
68.147568	3.1917
68.405830	1.02056
68.680992	0.58
69.129776	8.84001
69.976463	9.39042
70.526024	8.05096
70.965897	2.21081
71.769096	23.1686
72.424400	17.8115
73.032173	44.2147
75.737480	10.7495
76.139877	6.04421
76.424019	4.37401
76.703682	2.22906
76.981056	2.60993
77.877518	0.40849
78.734695	12.6078
79.081909	3.32286
81.466240	8.8234
82.311729	10.9525
82.678635	4.95739
82.942673	3.02571
83.139801	1.98609
83.351402	14.9824
83.616753	10.6851
83.904198	2.56552
84.384819	13.6661
85.027031	6.35773
85.232201	2.15767
85.621399	1.87824
85.882843	98.2622
89.308670	1.93101
89.674187	2.41187
90.076492	9.99691
90.327293	14.2732
91.458939	19.6027
91.641365	40.0402
92.441635	20.8422
92.647064	6.20946
92.998390	2.22137
93.137627	0.569304
93.451935	50.5225
94.392693	56.917
94.994446	4.47868
95.126854	2.80673
95.450897	10.9122
95.745201	5.8284
96.049522	3.32697
96.938026	22.8432
98.241943	26.2002
98.713829	4.16436
98.944435	4.93098
99.262581	0.602004
99.461655	4.76723
100.281883	2.68298
100.592323	2.4126
100.881454	22.0297
101.978699	34.6419
102.941200	20.9698
103.391869	0.259918
103.703003	2.27322
104.689171	2.59789
105.072510	3.26812
105.458511	4.40773
105.736359	2.62191
106.061897	3.59345
107.094818	5.6124
107.431465	0.824802
107.643494	2.09103
107.895149	8.19674
108.630211	7.30162
109.285744	21.1062
110.175980	21.5016
110.755493	3.39716
111.429985	2.88398
111.811501	29.2372
113.162903	35.9394
113.908920	9.63205
114.089355	1.41481
114.500839	4.66944
116.097649	10.7549
117.541023	0.64692
118.590935	9.94943
119.632942	16.3983
120.190392	6.03369
120.460770	1.70924
120.856941	1.1385
121.037338	1.69168
121.950356	2.93846
122.560692	2.99295
122.911285	5.34446
123.232079	7.19705
123.572403	1.76392
123.913612	0.307116
124.388100	2.55671
125.534462	20.3779
127.348465	26.679
128.700485	2.25155
129.351944	4.47628
129.733902	3.41103
130.108917	2.60965
130.468750	0.81615
130.690781	1.11385
131.999420	4.34139
132.226120	1.79563
132.434479	5.10514
132.862076	0.282067
133.639542	11.5099
134.841415	2.00268
135.741272	18.6832
139.833481	2.29368
141.148331	0.601347
141.625122	1.2708
142.038071	12.5864
143.655792	14.8889
145.044968	6.03017
145.881332	18.6712
146.911911	18.3095
147.420883	4.14279
147.827759	2.81409
148.315155	3.32135
148.768890	1.05098
149.157883	0.713006
149.530594	0.209616
150.149612	5.57261
151.180206	38.8756
152.308258	38.6375
153.563126	19.0268
154.334045	7.16789
155.820145	13.3907
156.933487	13.3491
157.297195	9.47037
157.933502	16.9573
158.277328	2.0236
158.736237	3.96108
160.364441	26.0352
161.880905	1.40081
162.345932	7.74625
162.596603	13.5093
163.161728	2.54218
163.415436	1.49933
163.629196	0.989792
163.883942	0.37907
164.100616	0.13901
164.644699	1.03592
165.905365	1.76467
166.088531	0.35277
166.306305	0.262727
166.843018	0.0790173
167.039154	0.0274785
167.200272	0.00290522
167.336288	4.71998e-005
167.473328	3.24186e-008
170.829178	0.024662
171.546478	1.09373
172.306213	2.33777
172.745361	1.21672
173.182770	0.711001
173.588425	0.305621
173.906387	0.0254798
174.183594	0.000683029
174.383453	1.47369e-006
174.522598	4.34898e-008
186.016235	2.95526e-006
186.438553	0.00524376
186.816360	0.190296
187.214600	0.422773
187.497314	0.2601
187.684875	0.135896
188.017136	0.106527
188.218903	0.000278072
198.491486	0.397071
199.469147	2.08047
200.105072	1.38004
200.515533	0.875167
201.002411	0.521018
201.394821	0.0764347
201.707153	0.00503058
201.978561	0.000138282
202.147049	1.9249e-006
203.154510	1.05392e-006
203.352020	0.0104878
203.748215	0.380882
204.165344	0.584304
204.416367	0.373956
204.668365	0.216666
204.997055	0.185112
205.215973	0.0548507
205.394623	0.00581043
205.545380	9.44537e-005
205.703583	1.1147e-007
210.187454	0.00252976
211.040131	1.38482
211.794495	0.741593
212.254486	0.800981
212.788803	0.988185
213.221619	0.594157
213.726990	0.257327
214.131653	0.038221
214.453751	0.00251576
214.722809	6.3584e-005
215.615463	1.32712
217.569305	7.90569
218.515259	0.294788
219.009583	13.5076
219.729492	5.57185
220.053223	0.147369
220.211456	1.02109
220.670685	1.32107
220.883514	0.0950748
221.422485	1.45673
222.828735	10.5021
224.017227	8.12584
225.067017	0.844239
225.798691	0.0803762
226.360443	0.00156158
226.559464	2.28012e-005
226.865891	3.28369e-005
227.211594	6.22162e-006
227.485519	3.81308e-007
227.710434	2.2856e-007
227.877319	2.28239e-007
228.032227	1.95622e-007
228.151413	1.30414e-007
228.222946	6.52072e-008
228.330276	2.28225e-007
228.509201	2.60829e-007
228.814789	5.68462e-007
229.232971	0.012332
230.064392	0.538184
230.945816	1.03772
231.457092	0.583062
231.948563	0.385494
232.433182	0.125675
232.797943	0.0126925
233.118866	0.000341237
233.347794	1.10174e-006
233.520889	2.77172e-007
233.704193	1.64416e-007
233.893097	3.40245e-007
234.157349	0.000932942
234.959366	0.0359248
235.730774	0.428654
236.182190	0.867647
236.498138	0.704821
236.752243	0.197621
237.085632	0.249023
237.395126	0.103627
237.650162	0.0213756
239.712357	0.301849
240.493744	5.40171
241.336685	2.20434
241.810608	1.49706
242.341568	1.42021
243.001343	7.73272
244.304703	31.2676
245.700317	32.6466
246.997360	9.31281
248.171524	0.936334
248.496185	2.14741
248.751968	0.40976
249.057266	0.571936
249.336594	0.496796
250.099319	13.2817
250.877396	10.0565
251.245865	3.71006
252.076019	13.0746
253.177109	1.33303
253.952454	0.123574
254.549408	0.00231239
254.761566	3.28583e-005
255.085327	4.95635e-005
255.453735	9.04648e-006
255.747360	3.78707e-007
256.070068	4.56509e-007
256.398621	3.91196e-007
256.676788	3.26035e-007
256.891876	2.28225e-007
257.043732	1.63018e-007
257.309631	5.21657e-007
257.588318	1.95621e-007
257.689697	6.52072e-008
257.740387	6.52072e-008
257.791077	6.52072e-008
257.968567	3.91243e-007
258.222260	2.60829e-007
258.374512	1.30414e-007
258.577606	3.91243e-007
258.856964	3.26036e-007
259.060242	1.95621e-007
259.161926	6.52072e-008
259.263611	1.95621e-007
259.365326	6.52072e-008
259.441620	1.30414e-007
259.517914	6.52072e-008
259.619873	0.000601414
260.016693	0.0316671
260.898468	0.00230334
261.143494	4.98026e-006
261.315430	1.35637e-006
261.516663	1.71407e-007
261.658997	1.95668e-007
261.774048	9.78077e-008
261.927368	2.93432e-007
262.195770	3.91243e-007
262.387573	9.78107e-008
262.529510	6.48871e-006
262.804718	0.0314605
263.255371	1.14265
263.729797	1.75291
264.015259	1.12187
264.301849	0.649997
264.675598	0.555335
264.924500	0.164554
265.127594	0.0174317
265.299011	0.000283753
265.470215	6.6993e-007
265.640717	1.16831e-007
265.723358	9.75739e-008
265.800568	9.78107e-008
265.864929	6.52072e-008
265.916443	6.52072e-008
265.967957	6.52072e-008
266.019440	6.52072e-008
266.070953	6.52072e-008
266.122498	6.52072e-008
266.174011	6.52072e-008
266.267883	1.73019e-007
266.596527	0.0391731
267.501892	1.36907
268.440491	2.01834
268.952545	2.12085
269.462860	2.33822
269.931488	1.08094
270.210968	0.420595
270.485260	0.352613
270.876892	0.279717
271.129303	0.0826314
271.334686	0.00872254
271.507446	0.000137927
271.665924	4.56335e-007
271.849762	1.2447e-007
271.937347	9.77291e-008
272.015503	9.77895e-008
272.093658	9.78097e-008
272.171814	9.78107e-008
272.236938	6.52072e-008
272.315125	1.30414e-007
272.497589	3.26036e-007
272.667053	9.78107e-008
272.875702	4.23847e-007
273.267181	5.54261e-007
273.593597	2.60829e-007
273.789551	2.28225e-007
273.907135	6.52072e-008
273.985565	1.30414e-007
274.168579	3.26036e-007
274.338593	9.78107e-008
274.551666	4.40415e-007
275.644043	2.22793
277.885712	15.8108
278.933014	0.350343
279.422333	12.3669
280.464081	10.2297
281.317322	0.370938
281.996582	4.72596
283.272644	3.54251
284.204254	3.94684
285.261292	8.25954
285.819244	4.22559
286.400024	2.03986
286.925201	1.3155
287.250977	0.89124
288.237793	0.445441
288.715546	1.75997
289.078796	1.54091
289.352600	0.544275
289.735474	0.453758
290.054077	0.343813
290.700317	11.896
301.307617	6.6812
302.180267	1.37037
302.846039	1.25007
303.124054	0.033901
303.342529	1.10905
304.437378	25.3101
305.879730	6.82303
306.252106	1.85763
306.955780	0.898493
307.367157	0.663053
308.375702	1.849
308.961060	2.51985
309.469574	1.38689
309.895721	1.72749
310.287476	3.18793
310.576691	0.347102
310.930847	1.00753
311.426300	3.46436
314.335449	6.23083
317.021606	2.62952
318.175507	1.81171
318.828339	1.68595
319.168701	3.2734
319.933167	1.92323
320.365997	1.16745
321.036835	0.437793
323.060638	24.3875
326.881683	11.7139
327.521301	17.7017
331.145447	17.8588
333.142578	0.885442
334.348999	4.53088
344.659943	3.69184
346.282074	4.31301
347.069244	5.11199
347.664825	1.30451
348.194397	3.51759
348.854187	5.29922
349.367249	3.21386
350.216370	9.08221
353.929321	22.9099
355.550598	4.60489
358.076569	3.1218
359.482513	3.91846
360.791443	0.297191
361.516754	0.301017
362.466125	0.993905
363.104187	0.610123
363.725555	0.424678
364.323425	0.137399
366.056366	2.33806
368.592621	4.53274
370.161224	4.47696
371.645325	7.14834
372.499878	4.51112
373.089020	1.59733
373.742889	1.14137
374.428619	20.1327
377.964996	77.819
379.850464	3.2469
380.440674	32.0203
380.875580	24.2878
381.524261	1.48272
382.990906	32.7537
384.658020	6.38688
385.297150	0.130965
385.701172	1.82059
389.917908	26.2433
397.002991	0.121727
398.273834	0.0274572
399.991302	10.875
402.365356	31.21
403.905151	21.7178
404.781464	5.09463
405.313385	2.7799
406.107269	2.34895
406.970673	7.63722
408.529907	3.93608
408.929260	2.85217
409.892792	1.20951
410.191742	0.260244
411.246124	0.232063
412.712860	0.597139
413.728607	0.349925
414.344757	3.73641
414.979889	2.88853
415.626404	1.04609
416.231415	0.397592
417.956299	5.58518
419.585022	12.5314
421.381927	18.4647
422.242645	0.100791
423.594238	7.59371
425.208893	0.668842
426.238251	2.69864
426.884247	1.5813
427.520874	1.04052
428.106720	1.40177
429.427612	2.45202
430.322906	14.5478
431.677094	1.64262
432.961609	22.1938
435.890320	4.69017
436.631592	9.37836
437.227417	42.1415
439.355011	8.76344
440.067963	29.0605
441.242584	13.1163
441.691437	3.08476
442.517120	1.76092
442.865234	0.281678
443.795746	0.223801
444.999573	1.95608
447.191101	7.09479
448.686829	2.74616
448.981171	2.48266
449.557709	2.65047
449.871277	0.212902
450.261810	1.31018
450.806274	0.452711
451.049744	0.0758301
451.510925	0.131626
454.536102	5.46573
458.405151	30.5474
461.282715	25.8683
462.819000	7.26855
464.363831	2.05217
466.141022	3.09606
468.456635	5.41283
469.470154	4.37264
470.168610	1.69835
470.901184	1.94235
471.972137	6.99546
474.501007	15.5589
476.669373	0.119003
477.651581	3.86313
478.945007	7.47024
479.683289	4.148
480.378906	2.17305
481.196198	2.62868
481.879913	1.41442
482.689789	1.23628
483.334412	0.944032
484.097656	0.270885
484.700378	0.0399996
488.237244	2.84426
494.437469	1.86237
495.609253	1.24183
495.904327	1.54339
496.416260	2.27702
497.236359	0.772983
497.854980	0.473613
498.643982	1.20112
509.009521	5.43089
517.220398	4.50781
517.916321	0.386753
518.220093	0.432504
518.833130	0.0613554
519.515198	7.30046
520.454285	2.56853
521.083191	1.23192
521.959595	0.981585
528.158569	9.01306
539.810425	1.96472
540.700195	0.946401
541.100952	0.63399
541.518494	0.305045
542.057678	0.271038
542.437561	0.145251
544.303223	4.70368
548.897766	4.99785
551.530457	1.34346
554.563171	0.88569
557.092407	7.7268
558.536377	3.79802
559.285522	1.49912
560.075073	2.00544
560.763184	0.325543
561.471558	0.433979
562.665955	8.81616
563.707825	6.19787
564.416565	3.1201
565.232239	2.31002
566.458069	12.5493
571.038086	0.97057
572.193054	0.840872
572.968506	0.713124
574.999939	55.6166
579.218567	5.94276
581.026184	77.6627
583.038574	6.81636
584.476685	69.1761
586.830933	36.4435
588.065369	4.21209
589.117249	5.97045
589.716980	1.27434
591.838928	6.0746
592.782959	0.337885
593.637451	0.811782
594.120483	0.509992
596.009094	13.8329
597.956238	10.5224
599.415833	1.02784
600.511902	6.51027
601.599854	4.65618
602.386230	1.70664
603.284241	1.83729
605.277893	10.4289
608.699951	3.10725
609.109375	0.81803
609.487732	0.750302
610.086365	0.340513
610.450073	0.0403331
611.991272	4.17456
613.629883	21.926
615.363403	12.3513
616.006897	1.74937
617.200317	17.5451
624.674377	31.2508
627.334473	79.115
628.625793	7.72355
630.889160	29.0185
631.807556	10.4438
633.639526	18.1152
635.078979	10.2597
635.674377	1.77657
636.595764	0.632572
637.807800	1.64754
646.705017	2.56426
648.922119	25.8124
651.062927	5.29817
651.400940	0.615706
651.729858	5.62763
653.401428	11.0226
654.466675	3.88022
656.743469	7.49988
657.546936	8.91848
658.719299	12.149
659.194031	0.112053
659.509583	1.64988
660.519165	4.41163
661.791077	0.0184807
662.904663	0.152231
663.681824	0.991019
664.128113	1.34962
664.687195	1.4338
665.134766	6.87714
667.179016	22.612
669.043579	15.2302
669.564697	2.68996
670.649902	4.19013
671.194092	0.353888
672.621521	1.15145
673.912964	0.394892
674.383728	1.27052
674.919128	1.22673
675.535889	0.0570465
675.962463	0.308202
676.335144	0.343562
677.377930	3.2606
678.254944	1.73812
679.111633	1.05007
679.905579	0.43053
680.461792	0.0203973
686.056030	20.7194
694.004578	10.273
699.356567	2.93059
701.329895	4.24982
702.458801	2.97206
703.308228	0.89545
704.217224	1.01108
704.860962	0.0688766
706.803162	6.7638
710.195190	38.2125
720.066589	13.1903
721.420410	8.06432
722.336548	2.45055
723.300293	3.64168
724.236877	0.153295
724.857605	0.0183433
725.433716	0.00995388
731.291321	0.0756229
732.631775	1.15598
733.704285	1.01048
734.550842	0.553843
735.348633	0.781852
738.861511	8.6304
740.915405	6.25141
742.080444	8.89497
743.249146	17.6819
743.871582	9.22592
744.790344	2.00827
746.236877	16.9835
748.212036	1.41902
749.191956	0.0597361
751.933655	6.81582
756.789673	1.04724
757.719543	0.584077
758.613342	0.38402
759.500244	0.134629
761.280457	2.01219
766.687866	2.71832
768.970337	7.08963
771.313904	10.7941
773.689758	1.92479
774.859314	1.15683
775.684570	0.820465
776.663025	0.572991
778.421326	4.67364
783.562927	8.90187
786.992981	5.77011
789.629395	0.555961
790.560791	0.426529
791.974365	0.407112
792.404907	0.826717
792.995056	1.11083
793.688660	0.0740565
794.098206	0.248249
794.810852	0.230667
795.525269	0.013143
796.152832	0.00042641
796.511047	2.32707e-006
798.612549	0.000253324
799.111755	0.0806132
799.731384	4.15107
800.586182	1.57558
801.355286	0.304281
801.658508	0.718508
810.500610	11.884
816.343872	6.09865
817.802673	0.778779
818.604614	1.44464
819.413452	0.0875151
819.745361	0.0504528
820.528625	0.232777
821.551758	1.59283
822.405090	1.15098
822.946960	1.47588
823.216919	1.47202
824.060364	1.80099
824.992920	1.33619
825.906006	0.409184
828.127319	0.992299
829.547791	2.1933
831.038452	5.44612
831.982849	6.77345
832.862732	2.32767
833.892029	3.06671
834.507568	0.342333
835.758484	3.74154
844.331482	24.1599
845.724731	4.5685
846.165588	0.25261
846.740845	1.09927
847.572632	3.50493
855.655884	18.1936
865.924255	0.786012
867.168762	0.805
868.035889	0.522986
869.102661	0.317727
875.706787	5.23802
878.442932	3.55012
880.907898	4.4071
882.437073	0.123256
884.430420	4.02492
886.720886	2.84163
887.681946	2.07205
888.868958	1.66149
889.306885	0.146338
889.845032	0.783651
890.751648	1.67793
891.991577	1.26995
892.849121	0.771667
893.844421	1.54794
894.825256	2.71833
895.716797	3.44474
897.645874	1.235
898.113831	10.1321
900.351074	17.9685
902.543579	1.02881
904.275574	5.65704
911.569702	1.44027
914.894470	3.23376
917.057983	2.7862
919.249695	4.04364
921.553650	2.55626
924.517334	1.60329
932.962646	12.4867
934.215759	1.09052
935.462769	21.1865
940.474976	9.86963
942.483215	58.5876
944.404968	0.517816
946.837524	10.5256
951.434814	12.565
954.729309	0.179964
956.226807	7.90829
957.650696	8.50545
958.456360	5.50306
959.518921	1.80746
961.608093	6.42565
962.275085	3.93044
963.175476	2.58139
965.835144	15.836
967.663940	13.8642
973.098206	17.6099
975.870544	13.6035
978.019653	72.7002
979.436462	0.912337
984.721436	111.272
992.853088	2.94217
993.630615	3.07767
995.905457	26.4852
996.338562	16.1489
998.272949	10.5304
999.368958	10.8203
1000.267517	4.79558
1001.094299	5.41499
1006.549561	46.7545
1012.847534	22.3741
1019.151550	8.51617
1021.796814	14.7173
1023.279114	6.9383
1028.559448	7.73893
1029.277100	0.304555
1029.784424	0.221324
1030.514282	0.113081
1030.984985	0.0174229
1031.989868	3.32852
1033.850098	1.14348
1035.499390	3.38094
1037.173950	15.2797
1039.328491	1.4579
1041.131592	1.73181
1042.120117	0.789292
1042.903076	1.16106
1043.306152	0.0903779
1044.146729	1.5439
1045.084473	13.5765
1050.531616	28.0365
1055.083862	18.8176
1059.177490	12.6328
1060.887695	0.462264
1061.982422	1.07878
1062.878418	0.195435
1063.702148	0.00953364
1064.931274	3.91477
1068.720825	1.04799
1069.666016	0.963834
1070.738403	1.07392
1071.716064	10.0172
1075.196045	21.0024
1078.868164	20.6384
1082.671753	3.17448
1085.708984	0.486244
1089.397095	1.37656
1097.569214	4.65207
1100.317383	3.1496
1101.442627	1.73686
1102.501587	1.15966
1103.971436	12.1936
1112.483398	17.4095
1119.524658	8.80486
1125.156250	0.691237
1139.925659	6.82527
1142.871094	1.03799
1144.010376	0.583588
1145.076660	0.306324
1146.097290	0.0787037
1147.646729	2.65244
1149.521973	0.415818
1150.673218	2.16699
1152.864258	3.98636
1154.707520	0.098581
1156.293457	16.743
1158.367310	5.23887
1159.226685	2.87363
1160.499390	1.3917
1161.446899	0.177461
1163.070435	1.41961
1166.548828	1.41443
1167.769897	2.17408
1169.219360	2.96079
1170.044678	0.766073
1171.357056	0.386744
1171.853516	0.0533818
1173.416138	0.0597845
1176.758789	2.61701
1180.669800	13.8225
1182.931030	2.47018
1183.361938	0.31446
1183.953247	1.15209
1184.879639	0.376581
1186.918579	8.23357
1192.023926	7.86256
1195.996094	2.74208
1199.100586	0.243188
1201.719482	0.0131784
1203.731079	0.215147
1208.425903	9.58605
1214.276733	2.84452
1216.825439	8.90222
1224.095825	9.11154
1230.535767	0.600514
1235.017822	2.45696
1239.144775	4.04213
1240.278564	0.662102
1241.386230	5.84751
1243.591187	4.71596
1244.409424	0.743648
1245.706055	0.950002
1246.727783	0.129872
1247.636597	0.0421776
1249.003418	0.578897
1251.012939	1.07712
1252.215454	0.511091
1253.346558	0.307619
1254.420410	0.135104
1262.747925	4.50586
1269.591431	3.793
1274.242310	33.379
1278.169434	5.98246
1278.607910	12.4316
1281.420776	14.9446
1283.116455	0.156803
1284.058960	0.0652526
1287.757324	1.24339
1291.347778	1.67801
1292.550903	2.12613
1294.066040	2.6734
1294.977905	0.747086
1296.409790	2.36902
1298.000610	1.65958
1299.108765	1.41688
1300.048828	0.68342
1302.588013	21.5276
1305.435303	17.7478
1306.813110	1.73198
1307.830200	2.78432
1308.934692	0.924496
1312.444580	20.512
1316.413330	16.3729
1320.508545	3.5312
1322.567383	0.0717717
1325.102295	0.00540179
1325.778564	0.196819
1326.870605	0.317028
1327.501587	0.211045
1328.139282	0.128975
1328.985718	0.0884406
1329.494385	0.0349743
1331.701172	13.2627
1335.682129	23.2404
1338.234009	12.7837
1339.076416	1.4506
1340.723145	8.35348
1342.702271	0.541761
1343.289673	0.163305
1343.995239	0.0738247
1344.798096	0.080994
1345.467773	0.306803
1346.289429	0.25695
1346.819458	0.0923256
1347.715576	0.143884
1348.375854	0.0956808
1348.840942	0.00852494
1349.254028	0.000122876
1351.426025	0.868897
1356.223999	6.51623
1359.614746	3.37737
1360.080933	2.01657
1362.557739	3.6488
1364.629272	0.224618
1366.293213	0.0186611
1367.239380	0.000193347
1367.803345	2.58595e-005
1368.611694	1.57482e-005
1369.477417	1.46206e-006
1374.996948	0.0134234
1377.082153	0.415739
1379.200684	0.517911
1380.348389	0.947029
1381.500610	0.971752
1382.687866	0.307255
1383.814209	0.140294
1384.671753	0.037558
1386.497192	2.16235
1388.673706	4.66052
1389.929443	2.46236
1391.187988	1.47246
1392.551392	1.24774
1395.975342	4.63287
1398.936890	3.59808
1401.588867	0.412954
1403.454224	0.0417589
1404.811035	0.00076722
1405.326782	1.39593e-005
1406.109009	1.77248e-005
1406.972046	2.82569e-006
1423.324097	0.878812
1428.553467	2.50863
1430.974854	0.213448
1432.435181	9.04042
1433.930542	7.48117
1435.004395	1.85088
1436.418945	2.29607
1437.040771	0.260355
1438.977905	0.261348
1440.647461	0.0186674
1441.620117	0.000193043
1442.198853	2.58783e-005
1443.029419	1.57476e-005
1443.918823	1.46206e-006
1445.467896	0.00132217
1449.097900	2.4348
1453.292725	1.56586
1454.794800	4.87489
1456.130737	6.04729
1457.268799	1.26654
1458.575195	1.36807
1460.634888	11.0442
1466.661865	18.7775
1471.932983	51.1176
1476.631226	26.8541
1478.552490	0.0738114
1481.918701	8.73747
1487.305420	0.402379
1488.159302	0.303264
1488.822876	0.204649
1489.483154	0.129178
1490.404907	0.0719456
1490.961304	0.0376695
1495.935791	0.218809
1501.347168	1.12055
1505.382690	1.03843
1506.258789	0.766087
1506.822144	0.27317
1507.767334	0.433596
1508.470947	0.254066
1509.255249	4.11279
1513.453613	10.8634
1521.168579	2.71403
1525.891968	0.108181
1529.698608	7.67836
1534.303833	33.6431
1537.131714	12.9057
1538.037964	3.24407
1539.515259	1.58126
1540.095947	0.284965
1541.901245	0.242178
1552.289795	38.2808
1562.847534	3.16041
1564.614014	9.19247
1565.458618	13.0478
1567.920776	53.5234
1570.640381	13.1617
1572.426270	1.12012
1573.758911	3.46931
1574.945313	4.7156
1575.917114	1.18291
1576.776978	2.21491
1577.365601	0.994306
1578.402222	2.02658
1578.960815	0.214021
1579.665283	1.72935
1582.415405	25.5897
1585.805054	16.7419
1588.469238	3.35327
1592.912598	13.0197
1594.085327	0.639851
1594.934082	7.36312
1596.331665	2.59853
1597.569458	2.31126
1598.754150	1.17569
1604.861206	21.4055
1609.214966	8.80743
1611.934204	17.7188
1616.277588	11.8582
1620.922363	3.18359
1625.367798	6.22963
1628.045532	1.31765
1628.471436	0.115808
1629.199585	0.499116
1630.271362	0.0839961
1630.825317	0.0698967
1631.342285	0.0417548
1633.426514	1.00973
1637.221802	5.39046
1639.884033	1.62224
1641.052612	0.878073
1642.458496	0.526788
1643.557617	0.0748245
1644.480591	0.00539922
1645.229492	9.29547e-005
1645.725464	4.07227e-006
1665.236938	0.37119
1668.163696	0.765112
1669.821533	2.19017
1670.998047	2.1874
1672.363159	0.943655
1673.589233	0.869225
1674.720215	0.0789823
1675.619995	0.00540986
1676.376221	9.41726e-005
1676.876953	4.07217e-006
1681.973022	0.00517393
1683.123413	0.191393
1684.334106	0.320633
1685.047729	0.206753
1685.774536	0.114651
1686.741821	0.0836348
1687.393921	0.0419918
1689.212402	2.79715
1693.868042	12.4268
1696.885498	4.71008
1697.828735	1.31769
1699.973511	1.85665
1702.037109	0.340443
1704.980835	0.938226
1706.346924	1.98554
1707.670166	0.240168
1709.371094	8.055
1715.340210	4.16431
1717.559692	0.421274
1718.691772	6.97542
1721.220581	8.4653
1722.713013	0.483301
1723.811157	5.41018
1725.094116	1.46873
1726.477905	1.43066
1727.724731	0.483774
1728.790283	0.0415582
1729.756836	0.227541
1731.195313	1.30919
1732.126099	1.05516
1732.733643	0.395032
1733.754395	0.554711
1734.495972	0.372757
1735.226807	0.630051
1740.608521	14.409
1747.710938	7.27999
1752.592407	3.51913
1755.750366	0.204486
1758.802734	12.8169
1763.270508	6.23844
1764.110352	28.0118
1767.302368	48.2203
1769.333984	5.73521
1770.642456	0.563094
1771.847900	8.98574
1773.051147	1.53156
1774.812134	2.57322
1783.741943	16.8286
1788.394653	2.52647
1789.743896	7.94607
1790.927002	2.5969
1792.862915	3.74616
1795.731079	1.38408
1801.833740	58.9726
1814.620361	2.7549
1815.885742	1.86091
1817.298706	0.282923
1819.182739	5.12215
1820.427734	0.187725
1821.425781	2.00748
1822.868164	1.33218
1823.888428	1.57458
1825.426147	1.36007
1826.598511	1.2294
1828.353516	15.21
1839.811279	7.86881
1842.613037	9.66409
1845.839722	21.321
1846.751465	7.677
1848.536377	1.71196
1849.524292	1.08538
1850.900146	19.0959
1854.409546	33.3962
1857.117065	14.7505
1859.866333	16.3953
1861.711060	65.8956
1864.593384	11.9233
1867.284668	21.207
1870.164917	3.20993
1871.015991	0.933696
1871.492920	3.11691
1873.284424	0.0129377
1875.950439	6.02283
1879.862915	0.380391
1891.769043	8.88148
1892.865845	1.42168
1893.756836	1.38179
1894.390503	0.690279
1895.585938	16.9864
1901.877319	23.5475
1903.821655	13.3238
1904.874756	7.74518
1906.429565	8.97867
1913.888428	24.4143
1938.259155	13.7582
1946.882202	0.239419
1948.152954	0.623516
1949.097656	0.458903
1949.796021	0.137426
1950.786499	0.161482
1951.641968	0.0666767
1952.331787	0.178896
1961.545776	19.0948
1975.931030	12.1151
1982.677124	1.10953
1984.112793	0.722103
1985.365479	0.856785
1987.719604	2.23383
1988.218628	0.308745
1989.365356	0.0927524
1990.210571	0.111141
1990.906616	0.273033
1995.324463	16.6371
2000.096313	14.7789
2003.786499	11.4258
2009.123047	22.4614
2017.023560	1.27558
2019.041626	6.92024
2020.485474	1.64234
2022.072144	2.88163
2023.531372	0.413446
2024.454712	1.93663
2031.351074	6.05121
2037.335938	1.92012
2040.899048	4.56678
2043.257080	1.61537
2043.786011	2.13136
2045.157959	2.95184
2046.642822	1.88868
2048.048828	1.13662
2049.660400	1.51925
2051.009521	0.160079
2053.728760	7.1621
2057.534668	6.79459
2062.433838	5.8737
2063.356689	1.65636
2064.062500	4.0862
2066.358398	3.94941
2067.100830	3.00254
2069.250732	1.35717
2069.839600	0.208608
2070.827393	0.227026
2071.847168	0.121011
2072.671143	0.100098
2074.876465	0.00942214
2076.576904	0.00459784
2079.686035	0.840043
2085.756348	3.87755
2090.467773	14.2257
2092.406738	5.5228
2093.762207	1.54991
2095.431396	1.35796
2096.401123	0.696675
2097.887695	0.946148
2098.676758	0.613791
2099.502930	0.322755
2100.578369	0.262287
2101.271484	0.139058
2101.798096	0.00553932
2102.298584	0.000273634
2103.363525	1.00789e-005
2104.463623	4.62297e-007
2109.674805	1.71418
2121.451172	16.2365
2127.250244	0.808364
2129.301025	3.01756
2130.664551	5.77288
2131.992188	3.30817
2133.716064	0.227477
2135.430908	0.903099
2140.683350	0.891508
2142.522461	1.05795
2143.628174	1.53585
2144.488770	0.0994538
2145.307617	0.777372
2146.513428	0.727063
2147.027588	0.0654432
2148.241943	0.153972
2162.852051	33.6212
2196.885254	6.81909
2201.433350	20.4754
2205.270264	20.2794
2210.008545	7.57141
2210.614014	0.545151
2211.280029	3.0501
2212.615234	0.244774
2214.763672	6.06605
2218.123291	0.196791
2223.333252	21.3222
2238.219971	2.43431
2243.085938	119.642
2257.161133	47.1538
2258.291992	37.6635
2261.583252	0.894113
2268.036133	45.0591
2270.864258	0.180912
2272.083008	0.658775
2272.872803	0.392429
2273.894287	1.15249
2274.961426	1.3373
2275.878662	0.921221
2276.917480	17.8843
2281.133789	33.6706
2284.082031	3.84475
2287.829834	16.7206
2292.985107	0.0277823
2294.095215	1.01912
2295.115967	1.13615
2295.921631	0.706399
2296.950439	0.637685
2297.823242	1.40185
2301.552734	0.600248
2303.602783	1.78029
2305.248291	1.44646
2306.655762	0.636903
2307.808350	0.0918353
2308.624512	0.125395
2310.000488	0.288799
2310.845215	0.283606
2315.621826	13.448
2318.636475	1.72351
2320.839600	10.5272
2322.357666	3.49881
2325.828613	10.7124
2326.716797	11.7429
2331.529785	68.4682
2355.740479	7.19499
2358.304932	4.23263
2360.330811	15.0739
2363.260986	12.8496
2364.344238	3.64995
2366.095459	1.58769
2367.493896	0.708522
2373.376465	49.8984
2378.759766	0.413559
2379.648926	0.525135
2380.666016	7.70205
2381.480225	17.7136
2384.006592	1.15207
2386.089844	9.03966
2387.289307	8.64002
2389.561768	3.73552
2391.175537	1.40257
2392.675781	0.6897
2401.462158	46.2442
2416.831787	14.3482
2417.786133	1.72001
2418.598145	22.1802
2424.208740	16.8321
2426.325928	0.314174
2427.437744	1.3297
2428.575195	1.20171
2430.441406	1.89939
2432.124023	1.14986
2433.176758	0.792166
2434.149902	1.08011
2434.858643	0.370081
2436.032471	0.694598
2437.668701	1.23112
2439.207520	0.265889
2442.634766	11.7585
2456.046143	26.5085
2461.592529	1.1072
2462.490234	1.23947
2463.298340	4.85344
2466.777100	6.04453
2468.916504	0.0475361
2470.043457	0.187168
2470.931396	0.36482
2472.371338	1.66433
2473.428467	1.62038
2474.218750	0.613621
2475.334473	0.741414
2476.425781	6.15809
2483.873535	45.2968
2491.624023	43.3593
2496.432373	13.8672
2505.297363	65.6458
2512.349609	42.6472
2513.333740	41.7274
2518.430420	51.2316
2519.789795	6.25157
2521.268066	6.06645
2522.926758	0.0390366
2525.176025	12.3698
2527.287354	0.150451
2528.038086	1.4377
2528.770508	2.25781
2529.956299	0.794194
2530.991455	0.668942
2532.750977	6.81926
2533.887939	5.24998
2541.769775	62.955
2562.000000	24.0037
2568.833984	17.5606
2571.930420	42.1392
2577.081299	41.4543
2580.759277	18.675
2585.041748	48.657
2590.451660	1493.32
2598.895752	82.8397
2601.580322	1.84597
2605.788574	29.1005
2611.016846	98.0239
2618.387207	3.23682
2622.995117	5.06675
2624.715576	1.51358
2626.525391	35.3277
2629.703613	1.75192
2631.754883	17.2391
2637.839600	0.0189251
2639.092041	0.441804
2639.992676	0.326662
2641.103516	0.282844
2642.042480	0.103244
2642.851807	0.565839
2645.473145	1.15365
2647.807373	1.32388
2648.359863	0.126801
2649.862305	0.932185
2651.722900	1.25332
2653.331299	4.77581
2662.046875	54.2425
2666.542236	23.2394
2667.668213	5.77066
2670.148438	17.4169
2671.812500	2.03861
2673.478760	2.89725
2674.739746	0.833544
2675.882324	0.771954
2677.516602	4.15572
2679.296387	7.04065
2685.049561	4.63486
2686.852051	1.60251
2688.583984	1.14637
2690.903076	15.9481
2696.879395	12.2431
2699.998535	0.0964573
2704.070068	11.1271
2714.030273	22.0133
2721.667725	20.778
2724.601563	7.04724
2726.081543	1.03707
2728.127686	3.02259
2734.840332	4.30083
2738.390137	0.276605
2739.257080	0.311993
2740.096924	0.236114
2741.141602	1.74701
2743.474121	4.74615
2745.566162	3.45865
2747.079346	1.543
2749.196777	1.06803
2757.459473	6.73074
2762.636475	3.14678
2764.836182	5.34943
2765.969238	3.87963
2766.775635	1.45649
2767.823975	2.93824
2769.135254	2.40709
2770.596924	3.54673
2772.247559	65.8679
2779.059326	61.0859
2784.713623	17.2153
2786.068604	3.45825
2786.932373	1.71586
2788.190674	0.978518
2789.053711	0.449867
2790.520752	1.12745
2791.853516	0.383185
2792.968506	0.315302
2793.898926	0.263682
2794.962646	0.280646
2796.300049	0.710248
2797.260254	0.503358
2798.272461	0.188047
2799.477051	0.267366
2801.254395	4.12014
2806.585205	25.9046
2810.016357	6.34622
2810.604736	0.624922
2811.548828	1.6379
2813.663574	3.88328
2814.636719	0.156092
2816.811035	1.73212
2819.008301	3.95241
2821.093506	3.45875
2824.796631	8.8004
2826.458740	4.87606
2827.991211	5.24719
2832.589355	15.3444
2837.407227	1.96539
2839.780029	1.04261
2840.709473	0.596695
2841.627930	0.412203
2842.913574	0.208109
2844.287598	3.06165
2851.729004	0.843761
2854.780518	2.679
2856.520264	1.60567
2858.487061	1.05807
2859.934570	0.403819
2863.073242	8.035
2868.352539	14.8486
2870.298096	4.87165
2871.895996	24.0682
2876.804443	30.118
2878.981689	4.00503
2880.662842	4.70072
2882.482666	0.63896
2884.036621	0.243026
2888.047363	0.309321
2890.033203	3.23902
2893.489502	6.07848
2896.945557	1.97791
2898.099854	0.114052
2900.602295	0.115069
2910.223145	1.15006
2913.650391	2.7481
2916.226807	2.0326
2917.918213	1.19069
2918.841553	0.160114
2919.732422	2.59565
2924.319824	19.9689
2928.705566	21.4091
2934.245850	6.1882
2938.718018	2.5044
2946.697510	10.284
2954.146729	2.20214
2958.024170	0.414505
2959.158691	0.0562546
2971.049316	36.1771
2988.286133	32.8664
2997.338135	190.661
3003.738525	10.3176
3005.857666	7.07774
3007.561279	9.10822
3009.315674	7.14584
3010.938965	3.2867
3012.669434	22.7541
3023.634277	20.2596
3029.030273	0.504611
3033.117676	2.16736
3034.962646	2.00332
3037.362549	2.71438
3038.720947	0.72834
3040.721436	0.343873
3041.575439	0.0688678
3043.962402	0.0134434
3045.756348	1.83639
3048.849365	3.18817
3050.268311	10.8774
3051.010498	0.285184
3051.909668	10.1027
3056.400635	67.9683
3060.120605	11.3914
3061.899658	3.96942
3063.895264	3.4597
3066.588135	7.76118
3067.803223	0.951373
3068.592041	9.4589
3071.217773	7.44779
3072.291016	0.107441
3073.075439	1.61017
3074.601074	26.8354
3081.626221	128.282
3085.851318	33.9033
3088.660645	32.9786
3096.064697	7.77458
3101.120605	22.5991
3105.515381	11.612
3110.710205	11.2692
3112.871582	44.3526
3118.188232	0.250205
3122.581543	13.6567
3126.621582	35.2298
3129.628418	468.338
3136.739502	18.481
3143.724365	40.6075
3159.291748	34.0194
3164.596680	6.05287
3165.681885	2.46495
3167.717041	32.9764
3170.221436	18.7065
3171.787109	14.5124
3176.680420	53.7548
3181.144775	0.0683913
3182.936523	1.97892
3184.645996	0.672171
3186.778809	8.32517
3191.127197	2.64342
3192.876709	7.17238
3196.852783	6.859
3205.417480	0.60353
3208.518555	1.91855
3210.447510	1.66924
3212.179443	1.04289
3216.188232	5.63814
3219.328613	1.2636
3226.496826	11.0298
3231.249268	3.10182
3232.781982	7.22147
3236.492920	20.4101
3242.133301	14.225
3243.010254	12.0222
3247.347168	20.161
3249.229980	1.04126
3250.307373	1.38352
3251.047363	14.5259
3259.692871	76.9695
3264.677734	34.6131
3266.416016	0.305256
3269.446777	11.1383
3287.354736	18.7492
3288.666260	0.830362
3289.585693	1.19986
3290.672363	4.80491
3294.793457	16.4056
3300.835449	43.5301
3305.508545	16.9373
3306.595459	4.08271
3309.017578	3.57314
3310.195801	0.461034
3317.097900	8.33161
3322.387939	0.948088
3326.787354	10.8843
3335.902588	21.464
3339.361816	0.162956
3344.192871	27.9791
3356.504150	118.655
3365.512207	104.739
3370.533447	38.0513
3372.704102	4.2468
3374.377930	1.76317
3375.964355	9.60457
3385.988770	113.499
3392.782715	23.4395
3393.412598	0.242403
3394.385254	26.9746
3398.477051	2.54195
3400.582764	43.9214
3407.225586	18.1884
3409.129639	0.103718
3411.626953	1.06656
3413.023926	2.12285
3415.907715	0.969538
3417.614014	5.59154
3423.340576	10.7218
3429.079590	39.1675
3432.997559	7.37828
3435.808594	4.12187
3437.675537	12.3203
3439.504150	20.0088
3441.294678	4.90194
3443.132324	1.87094
3444.820068	7.56688
3451.096191	5.7209
3453.725586	7.2106
3455.710449	2.09593
3457.661377	2.09818
3459.521240	0.696841
3463.440674	1.08013
3465.919189	0.796692
3467.950439	0.857976
3469.434326	1.70895
3473.652832	2.43191
3474.956543	4.18795
3476.594482	8.86611
3478.540527	4.79207
3480.444092	5.48826
3482.164063	1.05153
3483.673828	0.0785642
3484.673584	0.427489
3486.374268	0.641585
3487.436035	0.346931
3488.416748	0.303703
3489.857910	0.154373
3491.185791	1.97399
3509.348877	16.4211
3517.073486	3.65664
3518.562500	0.793529
3521.994385	18.5552
3524.518799	13.9491
3526.366699	4.84614
3528.126953	3.18607
3529.761230	0.0145395
3534.040039	9.08113
3536.475586	8.15932
3537.816895	59.1318
3543.973389	105.114
3548.971924	10.7947
3552.105225	10.8724
3558.228516	15.3238
3579.778564	19.709
3586.717773	3.05165
3591.242188	1.79633
3594.141846	0.330982
3596.244385	0.299499
3597.314453	0.184519
3598.346924	0.150847
3599.783691	0.0670616
3601.417725	2.07438
3604.455811	2.30271
3606.560059	0.90361
3608.586426	0.854154
3610.469971	0.246894
3611.606689	0.0177049
3613.810303	8.41527
3615.710693	1.20481
3618.204102	3.14815
3619.731934	0.541113
3624.237061	34.8719
3644.246826	12.2782
3649.585449	9.84518
3651.418701	11.0771
3653.303223	7.19161
3656.445313	12.3139
3658.238037	1.526
3661.307373	37.1062
3666.023926	28.5595
3670.620605	3.93868
3672.216553	0.0662448
3674.411865	0.540421
3676.953369	1.58773
3679.065674	4.68885
3680.931641	3.59642
3683.119629	2.63009
3684.744141	11.4284
3689.745361	5.06959
3693.039795	1.60623
3694.877441	28.8861
3696.789307	8.04701
3698.255371	55.7427
3702.851563	0.368938
3706.251709	15.5842
3712.043213	8.74424
3718.764893	25.9846
3722.115967	2.03706
3724.603760	0.686526
3726.231689	0.442356
3729.024658	2.62816
3731.771973	3.73039
3733.731201	3.21216
3735.523926	29.6536
3741.207764	1.66403
3744.223389	43.4916
3750.015137	10.5819
3750.826660	3.07625
3753.304443	1.11096
3754.941650	2.20507
3758.104980	143.325
3775.738525	117.599
3777.192871	35.4433
3782.233154	51.8927
3793.970703	20.6901
3806.023682	175.495
3814.529297	33.0348
3818.681396	30.6988
3825.997070	41.7665
3833.616943	18.3887
3838.631836	1.93922
3840.478271	5.8155
3842.229492	2.22081
3843.718506	0.179936
3845.459717	10.6603
3847.546143	2.97597
3849.940430	12.7825
3852.790527	12.6786
3853.736328	0.0207505
3854.616211	3.96787
3856.165283	1.29013
3857.067139	12.0758
3862.738770	14.5147
3863.943604	22.5027
3867.338867	0.234772
3868.154053	0.163697
3869.907227	1.80428
3870.929932	0.759646
3875.987061	4.42848
3879.309570	0.504898
3881.328369	4.23212
3885.250977	1.84467
3886.979736	0.408514
3889.236328	0.33703
3890.878662	0.0291556
3892.749512	0.973167
3896.538574	3.38211
3899.576904	1.79587
3901.383301	2.51092
3903.503418	0.471345
3905.270752	2.20551
3906.527832	1.51635
3908.056152	23.0133
3914.633789	29.2879
3919.396729	48.1249
3923.288574	18.3768
3931.016357	6.28287
3933.730225	18.7846
3935.428223	9.21794
3937.498779	3.16712
3947.609131	44.5052
3961.461914	13.8586
3984.691406	31.0279
4000.395020	11.5259
4001.303467	0.773716
4002.312256	20.0009
4009.222900	15.9373
4017.691162	16.4823
4019.462646	4.42223
4021.920410	0.304964
4023.133789	0.358455
4024.966064	0.644488
4026.762939	0.476321
4028.987549	4.20183
4031.329102	12.634
4042.124512	143.942
4046.002441	2.36543
4049.359619	4.22438
4050.725586	15.7364
4053.724121	0.918411
4054.559082	0.0380442
4056.253418	1.87039
4058.644287	6.78881
4067.607422	16.3152
4071.432129	3.92601
4074.906494	19.5243
4077.691650	10.2626
4079.900146	4.52416
4082.096436	4.34365
4083.698730	0.277411
4084.992920	0.0636228
4090.499512	0.310089
4099.776855	0.721113
4103.015625	1.89412
4105.014160	1.34814
4106.647461	0.207187
4107.435059	0.314047
4109.080078	0.309518
4110.306152	0.121958
4112.486816	2.65793
4118.449707	5.36547
4123.279785	2.24909
4128.812012	19.967
4133.926270	13.0066
4138.557129	1.82983
4141.946777	0.322855
4145.576172	1.77061
4149.109375	2.10699
4151.672852	2.52031
4153.038086	1.47901
4153.831543	0.592407
4155.572754	0.577215
4156.690918	0.163592
4166.186523	44.1651
4187.169922	10.0269
4190.952148	10.7307
4196.357422	9.54653
4197.498047	6.65777
4199.342285	9.4833
4201.418945	52.3846
4209.950684	84.3633
4216.718750	10.6061
4219.179688	1.04502
4221.406738	0.807921
4222.477539	0.720966
4224.508789	0.287967
4226.537598	0.431775
4228.484375	3.00097
4237.058594	110.999
4239.239258	11.1956
4241.535156	52.9168
4250.760254	60.2199
4256.170410	3.42303
4259.006836	12.2549
4261.104492	12.9977
4262.702148	17.7858
4266.199219	33.3006
4269.585449	3.15382
4275.800781	184.544
4280.631348	8.04303
4283.388184	39.1922
4291.139160	33.0859
4294.881836	1.7508
4297.047363	1.90933
4298.424316	8.24246
4300.300781	7.65487
4302.667969	2.69882
4305.179199	4.87436
4306.316895	13.9721
4315.376953	205.114
4317.211914	351.915
4329.680176	97.9963
4333.993652	5.21899
4336.600586	1.4468
4337.832520	0.585037
4341.310059	15.4401
4347.500977	13.0171
4351.427246	9.63483
4353.050781	0.362963
4354.162598	0.761675
4356.202637	2.88345
4357.957031	0.864196
4361.725098	2.19614
4367.316406	32.4737
4375.548828	27.551
4383.080566	19.3132
4387.513184	5.338
4391.433105	6.32146
4399.402344	0.306585
4401.248535	0.611773
4402.451660	0.524172
4403.629883	0.175181
4406.526855	1.94119
4409.378906	24.6645
4416.045898	1.61365
4417.400391	3.46107
4418.960449	19.7817
4426.194824	22.9018
4433.466797	5.67102
4438.283691	4.08151
4445.076172	5.87051
4447.574219	1.15126
4449.610840	1.00916
4451.902832	0.478642
4453.580078	1.07635
4456.687988	1.53971
4458.481934	1.59258
4459.750000	1.19873
4461.095703	0.89406
4462.529297	0.898552
4463.856445	1.86511
4468.440430	22.3959
4475.537109	75.6468
4484.300781	88.309
4491.172363	30.1274
4493.405273	9.07852
4495.901855	6.80099
4497.412109	6.28566
4500.014160	9.5724
4502.022461	26.7554
4512.519531	51.6132
4514.625977	57.0805
4521.798340	3.19272
4524.423828	3.9014
4526.460449	2.36458
4529.349609	13.6767
4540.939453	4.81003
4544.521973	4.60626
4551.030762	3.89848
4553.814941	1.64814
4555.805176	1.80295
4558.044922	0.280351
4561.687500	2.70521
4564.809082	4.37405
4566.935059	1.81187
4568.916992	1.01402
4570.972656	2.94057
4572.914063	1.03463
4574.512695	0.180021
4575.490234	1.73015
4581.826172	1.25906
4584.909668	0.943726
4585.855957	0.0187067
4587.223145	0.578059
4589.542969	0.576625
4592.483887	13.2269
4599.449219	3.24521
4602.658203	2.84218
4605.531738	22.7005
4609.583496	32.9861
4611.510254	8.64077
4613.883301	13.8563
4619.409668	36.4573
4623.266113	0.311478
4626.514160	18.9098
4634.266602	3.7886
4636.631348	1.87399
4638.961426	1.23531
4646.480957	12.9283
4648.547363	1.25888
4650.030273	1.50751
4651.057129	0.412062
4652.876465	0.730604
4653.812500	1.65478
4655.733398	1.57049
4658.000000	8.16211
4670.753418	30.4955
4672.876465	37.1896
4678.706055	40.6589
4681.165527	0.112333
4682.737305	1.20535
4686.703613	7.79135
4701.180176	15.4011
4713.615723	26.9239
4715.574707	12.6632
4722.557129	8.49062
4724.201172	1.00399
4725.511719	3.61629
4728.151367	0.800791
4733.143555	14.7202
4736.496094	0.433752
4738.452148	0.300876
4740.135742	2.32443
4741.410645	1.99714
4742.378906	2.353
4744.096191	0.642626
4747.496582	10.2471
4753.144043	8.40998
4754.688477	0.803387
4755.775391	3.53828
4758.547363	2.31537
4760.507813	1.59185
4762.651855	0.400654
4765.895996	0.0506185
4766.784180	0.0371678
4767.679199	0.337324
4768.929199	0.276694
4770.622070	0.444745
4772.668457	20.7205
4780.634277	2.37447
4782.551270	3.80714
4786.752930	14.1063
4790.314453	23.7828
4792.332520	7.48147
4794.791992	43.5975
4803.642090	82.2129
4811.194336	44.5793
4815.691406	3.5904
4816.371582	0.179888
4817.768066	0.765935
4819.597656	0.20067
4820.744629	0.0896204
4821.834961	0.131593
4823.751465	0.285282
4824.996094	0.190677
4826.263184	0.0973863
4827.873535	0.101714
4829.017578	0.347645
4832.522461	2.96493
4834.290527	0.147268
4835.724609	2.08371
4837.944824	2.06141
4840.524414	1.61509
4842.383789	2.05468
4847.892090	48.4421
4854.873535	74.5072
4858.046387	8.56973
4861.405273	7.59648
4863.257324	4.79248
4865.586914	11.7664
4869.969727	10.3925
4871.614746	3.8018
4874.487305	1.58694
4878.999512	10.2327
4888.340332	9.83815
4891.944336	14.3617
4895.015137	31.2999
4897.200195	4.91553
4899.018555	1.97717
4906.100586	48.9609
4915.807617	3.84631
4918.027832	8.77274
4920.947754	73.4552
4928.949707	73.9419
4935.820801	5.89103
4938.299316	15.7679
4940.082031	3.68881
4943.217285	26.3411
4947.120117	5.12771
4951.385742	1.92168
4954.074219	4.39508
4955.740723	1.14231
4961.674316	15.3508
4967.753906	1.14131
4969.336914	1.51877
4971.712891	2.19677
4974.806152	3.17305
4977.700195	11.8431
4980.289551	2.13373
4982.134766	10.0959
4988.926758	3.71407
4990.317383	0.988332
4992.000000	7.72479
4996.702148	3.4481
4998.321777	2.0223
5001.195801	0.516874
5003.598145	0.126407
5005.409180	0.0300449
5008.337891	0.0436707
5010.831055	0.197446
5012.661621	5.64314
5014.785645	6.42143
5016.867676	10.3173
5021.748047	13.9206
5022.903320	0.689111
5024.748535	2.11783
5029.130859	7.15981
5033.247070	2.49647
5035.256348	0.864641
5036.271484	0.245284
5037.976074	1.51096
5039.358887	0.253861
5040.540527	1.85035
5047.676270	13.6654
5049.175781	18.3795
5053.253906	4.41481
5055.569336	19.0767
5057.254395	11.1695
5062.704590	31.0275
5075.526855	14.7192
5076.926758	1.28909
5078.419922	19.0606
5091.204590	4.87611
5095.318848	3.55473
5099.054199	5.31224
5101.642578	14.5713
5104.839355	6.77232
5107.116699	4.72315
5109.314941	3.15725
5111.761230	5.23581
5115.620605	9.37623
5118.035156	7.08417
5120.216309	10.9759
5122.251465	1.8138
5124.160156	1.39943
5127.049316	2.81523
5129.895996	1.541
5133.701660	21.1312
5137.283203	19.2864
5142.528809	32.4861
5147.350586	16.966
5149.294434	1.52093
5151.904785	2.81635
5153.972656	0.328015
5157.582520	4.14743
5171.045898	1.53899
5173.053223	0.317334
5174.833984	2.78433
5177.063965	6.3752
5179.307617	6.93579
5181.592773	1.84249
5183.594238	0.784999
5191.935547	39.2876
5202.882324	12.1571
5204.638672	5.6035
5206.786621	3.91434
5209.824219	22.6288
5214.850586	58.9083
5219.480957	5.40058
5222.709961	4.92951
5230.270020	1.99375
5233.863770	0.857441
5236.235840	0.697908
5238.692871	0.530332
5240.177246	0.565463
5242.658203	0.688789
5244.464844	0.680579
5247.818359	13.3331
5252.694336	10.9811
5257.644531	1.70163
5260.761719	15.5133
5277.082520	38.8352
5284.644531	1.68252
5288.249023	3.61576
5290.277832	2.8596
5292.544434	5.21139
5302.604004	22.9427
5311.918457	3.93006
5318.791016	7.76979
5321.779297	9.51656
5324.155762	4.21918
5327.640137	10.307
5330.345215	4.43866
5332.832031	3.6819
5334.765137	0.534334
5336.518066	0.832203
5337.645508	0.153308
5338.788574	1.07234
5340.761230	1.29593
5343.850098	1.25093
5345.656738	1.00454
5346.976563	0.22805
5348.518555	0.187596
5350.774414	3.25245
5353.367188	3.51616
5355.737305	8.13497
5357.698242	14.0361
5361.136719	6.84285
5363.496582	11.1739
5369.464355	28.2534
5374.389160	4.66758
5376.551270	2.39175
5380.435059	7.71217
5389.946777	27.4463
5396.857422	40.1492
5402.249023	13.6561
5404.483398	2.40125
5407.028809	4.26087
5409.083496	12.2825
5414.536133	11.5886
5416.938477	1.44992
5418.198242	1.30379
5419.617676	1.23091
5421.242188	0.748371
5423.231445	17.5327
5429.013672	7.69158
5433.934570	5.69555
5439.105957	1.04103
5455.860352	54.5597
5458.141113	13.1262
5467.379883	42.2244
5470.532227	38.6862
5488.102539	28.546
5497.697266	34.3572
5501.270996	1.35044
5504.170410	12.8858
5507.415039	7.59407
5509.592773	5.38808
5512.335449	1.74463
5515.168945	3.5161
5520.016602	8.64093
5525.247559	3.39482
5528.348633	2.89701
5530.775879	4.46905
5533.390137	2.05009
5536.202637	2.16584
5539.052734	2.3557
5542.036133	4.05397
5544.491211	3.01704
5546.952148	1.58279
5549.285156	37.8376
5562.587891	115.046
5570.839355	16.707
5572.847656	9.92281
5578.149902	1.28448
5580.075684	9.46404
5581.051758	23.1966
5585.721680	48.3412
5589.699219	106.497
5603.134766	167.677
5604.736328	199.988
5613.165039	19.3884
5620.355469	32.8261
5626.056152	138.851
5642.693848	39.1665
5649.435547	10.9766
5655.287598	23.2425
5664.055664	2.54259
5668.047363	7.71781
5670.570313	5.53998
5673.354492	6.26293
5674.705078	0.787507
5676.390137	2.4437
5678.719727	13.26
5687.768066	8.67023
5691.427734	39.656
5697.153809	32.4517
5702.163086	16.7091
5705.208496	11.2739
5711.305176	0.661704
5718.024902	70.216
5725.988770	119.936
5730.971191	7.43343
5735.626953	21.2185
5738.755859	17.5519
5744.834473	2.15639
5752.098633	9.38734
5754.091797	0.114391
5761.809082	57.2477
5772.458496	10.5733
5775.156250	3.43341
5776.974609	16.1997
5779.645020	6.47123
5781.522949	2.12119
5784.585938	11.4746
5787.663574	0.665634
5790.819824	3.50147
5793.636230	9.8724
5795.432617	3.26545
5799.583984	10.5399
5803.390137	3.35386
5804.836914	0.182419
5806.130371	1.08573
5808.819824	0.638296
5811.407715	21.2194
5820.051758	16.7403
5822.888184	1.82524
5825.833496	3.67186
5828.464355	0.857966
5829.665039	0.398776
5831.240234	0.446728
5832.937500	0.308671
5834.180176	2.37076
5838.440918	3.36052
5841.386230	11.5747
5843.389160	3.3323
5845.935547	36.9949
5852.793945	13.5393
5854.427246	15.4211
5857.212402	1.16867
5858.151855	0.830957
5860.402832	27.4607
5862.594238	7.01038
5865.154297	3.11825
5869.707520	4.53886
5871.269531	5.58694
5874.300293	0.914288
5879.205566	11.5378
5881.645996	0.891882
5883.072754	1.3584
5886.255859	2.93855
5893.508789	52.6982
5903.505371	5.74223
5911.535645	0.392201
5913.371094	1.30494
5914.793945	1.09771
5917.920898	4.15663
5919.999512	2.57093
5922.206055	2.01166
5924.527832	30.9244
5933.857910	2.33572
5937.100586	0.721277
5938.993164	1.26686
5941.984375	3.89811
5943.305664	0.620329
5951.907227	58.028
5963.112793	0.782476
5966.554688	9.40419
5970.229492	48.1777
5974.403320	31.1058
5977.293457	0.825829
5979.111816	0.837158
5981.147949	11.6331
5984.014160	2.10092
5986.505371	6.38925
5988.545410	2.01708
5990.996094	2.69215
5993.260254	1.47014
5994.684082	5.51244
5996.574707	11.8195
5999.497559	2.95566
6000.972656	0.123733
6003.179688	57.7755
6016.656250	24.0962
6021.219727	147.664
6025.251953	7.0791
6032.541992	144.476
6041.229492	4.51048
6044.865723	21.4702
6049.890625	69.4139
6053.847168	3.63714
6058.280762	19.0709
6065.901367	2.85392
6069.124512	5.55686
6071.676758	2.19115
6073.490234	3.51617
6075.927246	2.30873
6077.072266	0.120322
6078.620605	1.39847
6080.763184	2.54136
6087.989746	8.81056
6097.894531	40.5752
6101.168457	12.7938
6102.701660	62.6635
6107.421387	1.90817
6114.329102	25.2981
6117.836914	66.5334
6123.297363	5.31446
6126.946289	35.0695
6130.934570	5.35051
6133.834473	8.65685
6136.753906	5.57336
6137.713379	1.2296
6141.362793	17.7964
6143.628418	27.4774
6147.162109	29.1433
6149.216309	12.4924
6152.151367	53.5839
6158.214355	25.8846
6160.055176	44.2699
6166.129395	49.9305
6172.024414	3.25233
6174.974121	43.1641
6176.765625	26.4732
6182.061523	52.1638
6185.854004	15.6166
6188.197754	9.22998
6190.667480	8.33506
6196.391113	15.2286
6203.140625	15.5109
6206.023438	17.8552
6210.484375	86.8374
6215.742188	123.02
6226.996094	605.696
6235.300781	225.117
6243.605469	235.935
6245.270020	340.25
6254.791992	186.903
6264.723145	128.057
6266.359375	3.97763
6271.866699	1117.69
6278.353516	6.31578
6279.931641	21.2426
6288.971191	6760.26
6310.287598	326.686
6315.554688	58.5359
6326.141113	150.628
6329.861816	9.71308
6331.479492	10.5481
6334.854492	11.8175
6338.288574	21.2014
6341.335938	12.7224
6343.975098	13.2324
6347.414063	30.3682
6350.356934	2.08522
6352.443848	55.1531
6357.190430	13.7581
6361.889648	3.22996
6367.672852	23.6637
6370.042969	0.816307
6371.736816	1.24909
6373.060059	3.99103
6375.816406	0.889515
6379.636230	28.0244
6388.012207	44.1065
6390.229492	89.9343
6401.129883	60.7026
6403.249512	3.44284
6404.926270	33.5599
6418.983398	13.8949
6423.118652	3.58089
6425.728027	6.3203
6428.681641	5.06004
6431.338867	2.91638
6433.864258	1.43764
6440.913574	10.8714
6446.165527	3.73914
6448.348633	7.08321
6462.181641	58.9636
6466.580566	0.932685
6470.771484	11.5745
6472.402344	31.6409
6478.653320	11.3878
6481.965820	5.25542
6484.800781	72.7406
6487.272461	26.7644
6489.725586	65.6127
6500.281250	38.5056
6501.984375	8.53101
6504.930664	11.0389
6508.581543	7.4567
6511.107910	5.32976
6514.023926	84.0939
6525.242188	34.1599
6533.553711	8.88842
6535.904785	1.05044
6540.368652	6.07589
6542.946289	4.99773
6545.341797	7.91846
6553.607422	30.5112
6558.977051	86.1589
6563.913574	18.9902
6565.986816	16.8527
6568.910156	177.835
6575.706055	0.636266
6587.112793	159.338
6590.384277	21.5634
6593.269043	5.35855
6595.573730	45.934
6605.034180	1.31576
6610.432617	104.004
6614.369141	6.3972
6620.819336	13.1531
6630.044922	67.5177
6639.677734	60.4968
6645.646973	70.8843
6651.241211	61.1661
6654.970215	1.04814
6656.745605	16.523
6660.887207	9.02427
6662.539551	15.8603
6665.833984	4.50985
6668.926270	7.08606
6670.807617	12.1593
6676.332520	24.3949
6681.395020	7.71693
6684.241211	0.707284
6686.165039	5.72258
6687.223633	2.03926
6688.959961	5.39223
6690.611816	4.08006
6692.146484	13.5381
6696.355957	8.74178
6697.698242	1.89524
6699.234375	2.73211
6701.028320	0.703963
6704.421387	12.9514
6707.917480	18.6529
6710.285156	11.6455
6717.857910	64.5466
6726.268555	15.5491
6728.794434	9.87097
6735.188965	4.07314
6737.510742	1.39215
6739.863281	8.82994
6748.888184	8.08447
6751.560547	3.6461
6754.473145	4.41011
6756.548340	5.85967
6761.794434	26.6306
6769.231934	6.74399
6771.908203	39.0036
6773.920898	21.127
6781.363770	18.9166
6784.890137	159.268
6789.863281	43.5832
6791.607422	27.6717
6794.551758	82.4238
6811.092773	654.248
6814.705078	100.311
6820.415039	121.969
6828.376465	339.254
6830.068359	510.549
6840.808594	22.9613
6843.506836	10.2472
6846.524414	3.36374
6849.649414	55.6771
6867.206055	115.183
6872.018555	10.5552
6875.024902	17.9996
6885.702148	65.05
6888.494629	124.609
6895.100586	20.5515
6897.009277	15.6441
6898.007324	4.31937
6899.997070	12.9331
6902.561523	4.48661
6903.756836	0.808658
6905.424805	6.1447
6908.835938	21.0099
6913.632324	12.5464
6920.597168	39.7379
6923.117676	2.80713
6925.647949	12.8899
6928.213379	8.62867
6929.705078	2.97895
6931.242676	53.7364
6941.708984	72.054
6947.329102	17.8406
6952.856934	22.4016
6963.851074	39.9895
6967.416016	14.966
6970.052734	132.774
6980.692871	12.7391
6983.504883	8.56338
6985.648438	2.52244
6989.277344	15.6882
7002.720215	25.2658
7011.127441	0.291481
7015.340820	20.152
7017.603516	42.6089
7027.629883	8.55737
7035.520996	68.8535
7045.996094	38.4924
7052.856934	16.1841
7054.882324	34.6624
7063.019043	20.1684
7067.951172	1.39585
7070.953125	0.232186
7079.120117	9.13309
7081.115234	15.8767
7085.746582	3.93062
7088.525879	3.49623
7092.441895	43.0192
7099.083008	7.59653
7101.586426	14.9881
7104.435547	7.77403
7107.477539	6.53585
7109.853516	6.40545
7112.820313	2.48774
7115.420898	1.80251
7121.493652	2.61201
7124.623535	0.263932
7126.243652	0.228816
7127.677734	0.0898136
7129.761719	0.117657
7134.110840	3.01273
7141.732422	7.56713
7145.632324	2.86041
7148.146484	1.45653
7150.228516	0.489685
7154.908203	10.1787
7159.607910	19.483
7169.063477	50.1533
7182.542480	90.0765
7184.359863	46.9619
7191.257324	65.4389
7202.331543	39.7217
7205.357422	4.51105
7208.378906	34.9649
7215.696777	4.96044
7218.624512	7.4324
7220.808594	5.44731
7223.973633	1.78009
7226.716797	48.5888
7257.102539	209.063
7271.320313	120.032
7279.064453	56.6999
7282.957520	41.5854
7288.752441	3.26172
7290.288574	36.2604
7303.580078	182.611
7308.967773	4.22685
7313.364746	3.64955
7316.319824	18.067
7318.872070	4.62414
7321.539551	5.36995
7325.768555	6.37505
7329.234375	6.03608
7331.897461	2.36801
7334.920898	2.70373
7337.148926	2.88888
7339.467773	1.46469
7342.524414	1.11471
7344.666016	0.242274
7349.942871	3.945
7353.401367	2.58904
7355.624512	13.3328
7358.018066	48.351
7370.114746	27.3129
7377.188965	8.91152
7383.922852	10.4655
7391.592773	36.9709
7398.821289	10.4655
7401.460938	4.53892
7415.984863	35.5374
7429.929688	48.7297
7437.095703	9.21444
7439.030762	6.80736
7442.160156	1.44453
7445.624512	5.51113
7448.681152	5.73392
7451.821777	9.95833
7454.362793	4.34511
7457.420898	0.679336
7463.110352	17.3075
7472.625977	31.5353
7481.488281	15.26
7488.948730	5.40963
7492.204590	4.80061
7496.640625	163.08
7513.747559	101.99
7516.061523	42.6646
7519.078125	11.8754
7522.452637	2.43327
7524.815918	5.71733
7530.923340	23.7493
7535.949219	34.0131
7544.273926	6.03943
7551.370117	45.3673
7557.993164	8.81559
7562.149902	53.7257
7563.819824	46.3023
7571.379395	111.823
7576.131348	3.36202
7579.655273	13.1771
7586.030762	5.23881
7595.343750	41.3506
7600.637207	3.2418
7603.583008	43.6102
7608.729980	6.55258
7611.002441	11.6285
7616.064941	2.52153
7618.291992	2.20537
7621.600098	6.90154
7626.744141	4.85837
7628.393555	5.10357
7631.289551	21.4853
7637.034668	5.90896
7639.625488	97.3034
7654.145508	155.127
7665.014160	76.0716
7669.298828	1.64019
7673.097656	0.724054
7675.163086	2.05985
7678.186523	0.179835
7680.858398	5.90196
7698.396973	3.59681
7701.970215	4.02347
7704.964844	7.43049
7708.412109	6.82332
7711.197266	5.13809
7713.986328	3.12897
7716.821289	2.18663
7719.061523	3.42277
7723.112793	3.89948
7725.250488	5.51959
7726.577637	1.45112
7728.593262	1.18438
7730.485352	0.677107
7731.916992	3.98355
7736.990723	1.4717
7741.090332	3.23953
7743.930176	2.08359
7747.161621	1.68309
7749.518555	4.13196
7757.500000	8.15006
7760.003418	39.7469
7767.454102	65.181
7772.529785	0.506637
7780.319824	17.6519
7784.437012	0.551379
7791.700195	15.8379
7798.558105	21.2393
7803.955566	35.2417
7810.967285	7.9594
7814.798828	42.5682
7821.262207	1.26265
7825.465332	25.0633
7828.168457	67.4964
7838.490234	52.8006
7843.008301	18.075
7844.932617	8.04549
7847.920898	0.836546
7849.958984	0.281452
7852.436523	5.02502
7855.715820	34.337
7861.407227	61.265
7882.378906	54.9045
7899.102539	46.1153
7904.291992	75.4808
7913.778320	24.6654
7922.744141	128.256
7928.313477	44.5638
7942.893555	76.6801
7948.402344	12.3192
7950.459473	4.86784
7953.989746	2.62007
7955.992188	0.477131
7959.182617	2.42085
7962.880859	1.59732
7966.449219	4.72548
7969.013184	1.16021
7971.643066	2.94645
7979.687012	12.2984
7984.953613	3.7777
7988.723633	32.0779
7992.167480	15.1567
7994.715332	68.4241
8004.550293	57.2475
8009.814941	13.0274
8020.978027	61.7252
8026.807129	26.3542
8028.241699	1.71512
8029.532715	28.1542
8034.032715	15.8659
8036.855957	15.2501
8040.137207	15.6183
8044.160156	107.602
8056.719727	3.41177
8059.879883	28.908
8062.285645	7.07595
8065.494141	0.798339
8071.935059	10.354
8077.014160	9.99379
8082.114746	13.3297
8085.611328	36.0896
8088.559082	5.28726
8091.120605	19.9915
8100.068848	71.7941
8111.854004	25.8868
8118.344727	3.96114
8120.106445	7.49876
8125.443848	4.6052
8127.068359	1.30337
8129.558594	2.07627
8133.126953	0.496076
8135.247559	0.915653
8139.436035	4.27258
8146.640625	5.19592
8156.769531	24.2714
8162.402832	40.6723
8166.963867	1.4144
8171.960449	9.16677
8180.461914	47.3194
8186.817383	80.3919
8197.066406	27.7672
8199.526367	44.3683
8207.085938	21.6103
8209.093750	3.81927
8211.914063	2.17115
8214.633789	1.28267
8217.352539	4.3057
8221.601563	7.39389
8224.367188	6.84638
8227.562500	12.1301
8230.948242	12.9109
8234.083008	3.98821
8236.764648	1.87893
8242.746094	6.4318
8244.671875	2.87858
8246.551758	2.52338
8248.416016	3.66047
8252.208008	0.237479
8257.974609	5.60261
8260.103516	2.93135
8261.618164	1.36888
8263.753906	4.47799
8266.420898	12.5882
8269.500977	2.22625
8272.436523	30.45
8279.380859	7.69434
8281.218750	2.99817
8282.645508	1.21108
8285.508789	61.2523
8293.471680	24.6756
8298.673828	1.18179
8301.358398	7.25949
8304.217773	0.162207
8314.410156	26.1099
8316.761719	5.43541
8319.481445	38.9506
8321.751953	38.3016
8328.801758	127.791
8331.159180	123.615
8336.973633	1.95205
8343.269531	22.9779
8348.935547	10.085
8352.556641	11.1779
8355.537109	42.6314
8363.701172	31.7826
8366.045898	0.715874
8367.402344	0.206637
8369.618164	3.17199
8373.505859	1.23124
8376.637695	2.79762
8378.236328	14.0501
8386.906250	57.9862
8391.697266	9.22984
8400.607422	43.1527
8407.745117	24.7632
8413.994141	12.852
8416.053711	4.66697
8417.961914	3.23339
8420.192383	67.4046
8439.844727	129.142
8445.834961	35.338
8451.751953	3.80583
8460.533203	40.4732
8462.241211	17.2608
8466.074219	0.470734
8470.732422	20.2921
8475.897461	19.2631
8480.534180	21.9535
8487.249023	55.2784
8491.412109	1.21345
8493.018555	2.50878
8495.707031	84.5552
8502.107422	127.261
8509.014648	43.7149
8512.915039	7.86889
8514.463867	1.93726
8516.359375	1.50369
8518.454102	0.811948
8519.871094	2.40664
8523.104492	2.69093
8525.967773	0.834939
8529.041992	0.496508
8534.198242	1.1948
8537.565430	10.3847
8542.773438	11.7257
8544.912109	3.74779
8548.236328	3.73396
8550.105469	4.30399
8551.764648	2.75656
8554.440430	23.4578
8563.761719	85.0755
8574.603516	75.3909
8579.532227	3.23853
8580.593750	3.31378
8586.689453	13.6326
8589.142578	4.01207
8592.453125	0.306994
8594.599609	2.56003
8596.416016	8.22877
8601.403320	0.146637
8606.325195	27.8485
8614.210938	19.9314
8619.605469	13.4419
8622.738281	1.27975
8626.499023	24.5243
8631.209961	17.6297
8634.091797	6.23758
8637.311523	3.24072
8640.109375	0.369164
8641.617188	0.0650158
8644.082031	0.398251
8646.388672	14.676
8652.700195	10.7806
8654.986328	7.01535
8661.026367	8.20833
8664.084961	11.9605
8666.996094	2.11625
8673.928711	80.6339
8681.580078	22.1521
8684.878906	0.671064
8687.288086	2.56272
8693.693359	4.22195
8697.110352	45.0625
8710.346680	11.8038
8712.976563	11.9218
8715.415039	55.5516
8721.366211	5.29888
8723.953125	26.9811
8726.707031	8.37764
8729.925781	51.6517
8735.543945	1.48363
8741.808594	6.84211
8744.732422	12.7816
8753.317383	80.1982
8764.657227	71.9606
8773.934570	13.9605
8779.320313	8.43532
8783.712891	9.62394
8786.643555	10.4972
8790.799805	57.2947
8795.193359	3.18984
8797.267578	10.0723
8798.987305	4.25505
8800.902344	9.08723
8804.143555	1.90574
8807.037109	13.567
8811.509766	34.5901
8817.529297	50.3751
8823.044922	59.8763
8828.931641	19.5935
8832.104492	3.38553
8834.085938	4.71961
8835.886719	0.879179
8837.713867	1.88666
8839.518555	0.655755
8847.760742	8.07317
8853.258789	3.06404
8856.032227	1.85857
8858.891602	0.807426
8861.430664	0.443724
8863.706055	0.613176
8868.970703	7.93547
8873.640625	2.92253
8875.670898	3.89239
8877.406250	0.861201
8879.218750	2.12326
8884.742188	40.9115
8890.869141	53.8301
8894.190430	0.313477
8896.633789	7.6255
8901.714844	3.0341
8905.130859	10.229
8907.313477	56.7411
8913.582031	14.1031
8915.236328	4.88385
8919.673828	18.9954
8925.295898	27.9961
8927.896484	4.18103
8931.901367	139.732
8941.664063	49.2428
8943.860352	7.56133
8946.559570	23.9176
8951.447266	78.0468
8957.740234	10.3821
8960.611328	1.2727
8962.909180	3.46177
8965.648438	2.44026
8967.283203	1.27882
8969.314453	4.15341
8971.360352	3.00373
8972.744141	13.2665
8980.579102	16.0056
8984.064453	4.59789
8988.106445	9.25226
8995.470703	4.02126
9000.423828	7.08095
9004.620117	24.4456
9007.739258	16.6131
9010.476563	18.8169
9023.085938	79.984
9026.735352	2.35039
9029.737305	84.5628
9038.118164	103.402
9043.337891	20.0565
9045.331055	4.16058
9047.243164	34.2709
9052.676758	1.74296
9059.989258	242.377
9069.412109	47.8073
9079.786133	109.065
9086.911133	1.54302
9092.657227	15.1316
9106.152344	69.1973
9109.365234	6.83536
9112.843750	16.7769
9115.596680	21.8882
9117.783203	14.2175
9121.073242	22.3817
9124.653320	70.4681
9129.614258	68.5985
9131.965820	75.5572
9141.740234	371.263
9145.172852	123.65
9148.483398	374.932
9159.867188	3512.66
9174.149414	11.0879
9183.011719	207.928
9191.892578	99.5852
9197.827148	93.1118
9207.800781	51.7901
9211.210938	9.18252
9214.044922	16.6352
9224.792969	9.93056
9229.178711	35.85
9231.155273	6.01122
9232.947266	11.113
9236.120117	10.9019
9240.013672	15.1148
9244.249023	17.0119
9247.031250	17.745
9250.916992	9.94921
9252.629883	1.84182
9254.195313	29.8386
9262.479492	61.1457
9269.470703	41.7553
9288.004883	130.145
9290.100586	5.10782
9294.014648	66.0962
9301.148438	8.12489
9304.666016	19.4869
9308.336914	16.8663
9310.833008	25.5386
9313.701172	8.50236
9316.293945	13.4055
9319.720703	6.15665
9322.237305	3.035
9325.559570	7.31755
9328.529297	6.41209
9331.657227	5.86236
9334.969727	2.03109
9336.880859	0.482803
9338.807617	0.853021
9341.667969	19.3764
9353.903320	74.1809
9367.907227	78.015
9379.007813	12.7034
9381.995117	13.1112
9385.000000	5.02543
9391.269531	14.9636
9395.696289	5.91366
9400.195313	7.10573
9403.034180	1.33532
9406.134766	2.10792
9408.444336	7.04612
9410.728516	22.1272
9415.580078	23.9728
9418.693359	8.5455
9421.949219	46.6433
9430.632813	54.5127
9438.916992	351.621
9445.584961	7.26876
9448.173828	8.46819
9451.311523	23.6724
9463.715820	62.9563
9466.150391	37.6736
9475.723633	117.098
9483.348633	76.2644
9489.733398	20.4108
9496.539063	0.395027
9498.894531	6.75648
9502.612305	11.8593
9504.549805	7.89601
9514.612305	41.8001
9519.260742	10.1182
9522.357422	29.4911
9524.086914	31.0444
9528.177734	2.06053
9531.160156	8.4396
9534.307617	0.689819
9537.226563	0.928468
9540.936523	1.26401
9543.238281	6.83279
9548.678711	0.70133
9550.250977	1.34598
9552.168945	9.76412
9561.110352	40.7358
9569.956055	14.7501
9572.574219	7.0347
9579.364258	30.7263
9588.858398	16.3071
9595.451172	137.976
9603.586914	82.4118
9613.348633	507.966
9625.284180	111.733
9628.170898	66.993
9637.272461	7.89775
9647.193359	230.903
9655.945313	94.4533
9663.907227	91.8376
9673.368164	232.944
9680.304688	53.425
9682.065430	22.9869
9685.788086	21.9398
9693.198242	35.449
9697.100586	89.6013
9704.542969	18.1121
9707.925781	17.885
9711.768555	8.52418
9713.636719	3.29771
9715.845703	4.35338
9717.573242	0.61786
9720.409180	19.9764
9724.210938	22.3166
9726.948242	8.73656
9733.501953	41.4872
9737.344727	5.01987
9740.551758	46.1751
9753.308594	20.974
9755.583008	37.6196
9758.375977	17.7029
9759.987305	32.6925
9763.782227	9.37366
9767.512695	44.9113
9772.208984	0.663677
9778.108398	65.004
9781.128906	11.1355
9785.129883	6.6209
9787.342773	45.2156
9794.670898	76.6302
9798.375000	1.42808
9801.344727	49.7527
9813.244141	3.4895
9816.681641	87.9502
9822.085938	76.8848
9829.564453	20.7034
9831.059570	11.2355
9835.012695	1.76483
9840.549805	10.6304
9846.435547	1.80118
9850.117188	7.98429
9853.914063	12.6231
9857.103516	3.29906
9861.988281	14.8494
9867.330078	0.457573
9869.926758	0.22162
9872.575195	1.27155
9876.819336	3.35645
9879.689453	5.2287
9882.458984	8.51024
9888.893555	38.5715
9893.059570	6.06028
9896.328125	15.6474
9899.800781	95.4797
9911.455078	240.403
9915.937500	0.339178
9918.854492	4.62379
9921.268555	1.87819
9923.113281	16.8131
9929.222656	3.3432
9933.124023	44.8374
9935.386719	112.988
9955.621094	207.345
9958.864258	16.7091
9963.329102	79.3911
9971.767578	18.1419
9974.697266	10.0515
9977.220703	62.1419
9986.814453	8.18521
9990.754883	56.6642
10001.429688	33.8562
10006.056641	0.858613
10008.397461	1.21124
10010.054688	0.251926
10012.122070	0.710235
10016.973633	1.03864
10018.921875	5.12488
10023.028320	38.9582
10029.166016	15.8721
10031.039063	13.7623
10037.789063	18.8338
10044.362305	15.3675
10047.271484	22.2295
10051.033203	0.759118
10056.060547	101.304
10068.667969	107.446
10082.889648	14.2315
10086.177734	9.40791
10089.199219	5.96239
10092.432617	1.18394
10103.697266	47.8336
10106.948242	29.2097
10109.763672	33.4406
10116.456055	171.879
10138.206055	47.9833
10140.546875	8.09109
10144.754883	9.00095
10147.601563	1.45974
10150.944336	39.3605
10154.292969	52.4423
10163.463867	29.5024
10168.855469	16.5898
10171.522461	48.5107
10177.127930	18.9532
10179.594727	17.1389
10183.346680	19.1536
10196.866211	32.88
10200.205078	37.2552
10203.110352	0.852379
10206.113281	110.05
10217.352539	64.2243
10220.268555	16.2502
10224.004883	15.6763
10230.841797	15.3546
10234.331055	7.9815
10238.069336	7.43296
10241.365234	1.24763
10247.092773	43.6388
10258.794922	86.4951
10262.004883	82.4045
10268.415039	0.118451
10272.239258	10.6624
10280.013672	120.222
10289.314453	78.9859
10295.085938	17.6479
10300.367188	58.7815
10303.133789	31.5056
10310.406250	43.18
10312.634766	24.6489
10316.676758	8.73475
10319.681641	6.31373
10322.585938	3.28711
10325.105469	1.06697
10329.384766	118.463
10340.129883	60.2524
10342.771484	4.48613
10345.338867	83.3234
10351.801758	8.1511
10356.953125	4.45557
10360.816406	52.4851
10375.124023	62.9711
10377.977539	130.755
10387.455078	106.554
10393.373047	11.2365
10402.625000	46.5641
10409.949219	25.3327
10417.339844	38.4055
10420.490234	49.733
10433.168945	167.014
10438.524414	4.52026
10442.794922	21.6123
10447.374023	0.344403
10449.989258	29.1591
10458.334961	111.397
10480.483398	24.5705
10482.336914	0.76053
10487.454102	138.665
10491.079102	6.00555
10494.985352	11.8193
10499.011719	209.187
10508.833984	65.9253
10515.947266	10.8279
10520.621094	0.0334149
10527.168945	12.3717
10531.705078	5.91099
10533.824219	4.33106
10535.864258	4.30853
10537.296875	4.32046
10540.039063	1.34314
10542.964844	45.1584
10548.930664	10.0253
10553.506836	88.5131
10559.083008	8.29643
10569.362305	133.74
10572.474609	1.45885
10575.800781	98.7377
10583.295898	33.9539
10589.968750	3.30716
10596.146484	19.2439
10601.045898	9.06171
10603.512695	6.25824
10607.333984	6.6259
10611.065430	5.98391
10615.041016	31.2287
10617.287109	74.0533
10624.518555	138.562
10635.266602	72.7042
10640.667969	6.27937
10644.088867	4.51465
10646.804688	4.71725
10649.502930	1.43521
10653.791992	8.60397
10656.302734	23.708
10663.030273	49.2087
10670.806641	89.5553
10677.574219	90.2574
10683.547852	0.652189
10689.040039	16.9717
10696.810547	11.3942
10699.741211	20.8767
10701.312500	2.03939
10703.355469	6.47388
10705.417969	1.07286
10707.270508	4.52604
10716.709961	69.0404
10722.836914	11.1993
10725.981445	35.7872
10732.758789	34.3845
10735.324219	1.32717
10746.809570	68.8213
10750.210938	5.93732
10754.503906	13.3284
10757.722656	30.3112
10761.712891	7.20527
10764.777344	47.8409
10769.985352	24.4691
10773.690430	121.361
10775.625977	170.873
10786.975586	123.915
10788.490234	145.399
10795.166992	76.9962
10808.036133	1.37815
10812.348633	26.0808
10821.064453	25.7737
10823.109375	16.3739
10825.632813	98.0743
10833.065430	20.1542
10842.786133	179.33
10848.323242	25.349
10851.227539	24.5169
10855.869141	97.0512
10858.292969	12.7273
10865.750977	237.528
10870.031250	69.5059
10872.976563	749.767
10886.569336	1156.72
10897.916992	79.4286
10900.800781	174.612
10906.955078	22.0338
10909.405273	304.807
10921.009766	4.84874
10925.097656	0.578814
10936.735352	56.5338
10943.238281	116.243
10946.581055	19.936
10954.374023	137.849
10957.422852	30.5521
10960.718750	119.819
10972.784180	16.2704
10975.619141	8.58314
10979.788086	25.6241
10981.184570	2.42596
10985.596680	38.7018
10987.726563	28.2883
10992.654297	6.57732
10994.440430	65.0614
11003.731445	62.2032
11007.331055	22.5566
11010.378906	14.119
11013.205078	1.22378
11015.038086	1.5137
11017.445313	27.2197
11022.052734	19.2369
11027.783203	10.0042
11034.226563	196.471
11048.027344	335.88
11060.579102	83.7289
11066.298828	10.7261
11071.687500	321.709
11078.764648	4.30374
11081.460938	2.41153
11086.925781	83.3352
11089.539063	18.8114
11091.857422	116.987
11103.748047	105.622
11111.107422	78.8521
11117.637695	7.8097
11123.313477	109.717
11134.061523	89.409
11139.820313	28.5002
11149.936523	31.9948
11153.238281	27.524
11156.621094	16.0665
11159.930664	50.6573
11171.411133	158.514
11179.399414	26.705
11187.886719	66.1084
11190.416992	12.646
11193.116211	11.2587
11196.909180	134.504
11204.253906	28.3398
11211.931641	106.247
11219.436523	240.137
11229.399414	293.719
11234.337891	1.3952
11238.121094	31.9447
11240.590820	133.227
11257.833984	16.8795
11261.564453	51.0212
11264.135742	54.2264
11270.909180	3.9943
11276.687500	38.6833
11278.465820	23.8435
11284.091797	17.636
11287.745117	52.1205
11291.293945	11.8038
11296.330078	296.633
11308.482422	40.0133
11312.129883	123.325
11329.003906	296.941
11335.761719	142.167
11347.180664	69.145
11351.097656	397.921
11361.705078	524.545
11373.899414	99.5932
11385.909180	354.067
11400.133789	276.733
11410.603516	68.6593
11421.709961	22.5646
11425.408203	104.709
11435.046875	84.0905
11443.246094	22.0753
11449.326172	9.28119
11452.772461	26.5409
11462.250000	21.2095
11466.038086	2.05052
11471.268555	12.5624
11474.965820	24.4478
11482.991211	7.88639
11485.712891	10.7604
11487.861328	14.5363
11490.285156	79.3175
11503.577148	69.1647
11506.004883	31.3734
11511.394531	2.45
11513.144531	2.76608
11516.563477	26.6744
11519.879883	5.49364
11524.542969	21.9268
11531.731445	20.1811
11534.558594	99.2207
11544.808594	89.5181
11550.873047	1.54104
11554.483398	50.3285
11563.922852	94.8024
11578.065430	306.717
11590.948242	64.5798
11595.003906	38.5141
11598.927734	50.3605
11605.147461	30.0884
11607.935547	13.0242
11611.434570	16.1195
11615.595703	10.0945
11618.139648	3.02759
11622.130859	37.0893
11626.332031	20.8842
11629.732422	9.20778
11633.908203	14.8112
11638.432617	12.8549
11641.830078	6.04836
11644.090820	0.197718
11645.886719	7.66834
11651.195313	4.58734
11655.971680	91.5456
11663.465820	96.1728
11669.476563	29.8233
11684.059570	94.1995
11687.705078	18.2561
11693.783203	103.271
11700.157227	104.826
11714.839844	625.702
11734.510742	240.826
11741.563477	40.1891
11752.766602	92.5397
11762.461914	62.144
11769.608398	83.4953
11772.374023	14.2191
11777.475586	52.4759
11782.309570	27.2366
11786.491211	36.7695
11795.589844	24.566
11801.274414	9.41389
11805.259766	9.54901
11808.784180	10.1646
11812.243164	17.8819
11816.296875	14.8116
11819.846680	20.8261
11822.500000	3.90756
11825.043945	32.2892
11833.318359	121.633
11840.974609	48.4223
11847.329102	98.096
11858.661133	87.8533
11868.457031	59.7874
11874.656250	52.494
11882.028320	60.6796
11885.205078	101.859
11893.989258	82.8708
11897.983398	18.2037
11901.276367	20.9639
11908.727539	83.4014
11915.583984	31.0158
11917.995117	20.2735
11923.860352	31.2207
11932.611328	5.07853
11941.745117	89.3822
11948.478516	128.105
11953.963867	67.0244
11957.274414	44.1769
11960.845703	63.967
11968.055664	35.4886
11971.071289	11.2425
11980.633789	271.986
11984.034180	106.162
11990.064453	58.688
11996.611328	3.02175
12000.386719	28.8826
12004.627930	22.4791
12010.389648	30.3518
12017.160156	39.458
12021.644531	49.5371
12024.770508	9.31018
12027.690430	10.693
12031.002930	32.5674
12034.554688	31.0785
12037.905273	21.2731
12042.180664	4.64973
12045.731445	26.6912
12054.390625	25.1643
12057.664063	16.9112
12063.771484	32.0794
12067.148438	45.6649
12070.798828	8.46425
12074.447266	126.654
12082.471680	140.905
12087.929688	5.18665
12090.020508	33.4826
12096.383789	105.493
12104.353516	126.478
12112.493164	24.3377
12116.502930	29.5808
12125.100586	55.4883
12127.185547	42.8037
12132.074219	3.3867
12136.296875	163.488
12143.105469	104.247
12154.370117	166.547
12157.524414	197.179
12170.859375	112.652
12175.484375	50.5956
12177.587891	36.0767
12181.340820	7.73304
12185.001953	91.5472
12193.257813	6.79589
12195.871094	3.57676
12203.655273	86.3153
12206.277344	25.6719
12215.642578	416.167
12232.549805	1.34388
12250.190430	398.038
12258.821289	140.31
12262.936523	15.8432
12265.915039	135.928
12277.305664	112.475
12287.623047	28.0092
12292.602539	59.8092
12299.387695	265.307
12302.949219	254.234
12313.507813	243.559
12320.526367	5.64771
12324.432617	46.6601
12329.403320	12.8438
12332.750000	3.20384
12335.096680	11.4681
12339.311523	133.503
12348.246094	60.1418
12358.143555	108.558
12365.080078	23.9191
12372.091797	37.6852
12383.367188	371.605
12400.208008	126.065
12402.880859	11.925
12409.437500	301.9
12416.185547	128.958
12425.049805	160.656
12433.627930	6.60904
12438.696289	21.5918
12442.307617	23.7588
12446.474609	10.9483
12448.249023	2.07526
12453.582031	96.7887
12461.619141	72.6544
12465.108398	51.7979
12471.850586	395.083
12479.454102	236.643
12493.730469	93.9895
12501.282227	249.259
12505.729492	27.0854
12511.346680	27.8475
12514.768555	16.8186
12518.962891	27.0039
12525.637695	102.428
12533.284180	142.86
12541.174805	47.6036
12545.629883	1.54663
12548.604492	11.0182
12552.357422	85.5111
12559.112305	66.4457
12562.498047	23.8052
12568.797852	44.7737
12571.346680	9.73447
12574.004883	122.701
12582.208984	115.508
12589.208984	41.7339
12595.096680	9.95021
12598.543945	21.0411
12603.532227	28.7599
12607.063477	58.1181
12610.718750	13.1354
12613.726563	18.5863
12621.936523	192.76
12626.372070	233.712
12636.023438	480.296
12641.867188	41.4702
12646.658203	146.523
12651.255859	26.728
12655.513672	62.2693
12661.700195	79.6217
12668.617188	448.141
12675.325195	332.448
12686.727539	963.068
12694.516602	28.9156
12700.409180	165.349
12703.851563	804.503
12714.365234	16.6694
12717.174805	64.3235
12722.896484	18.522
12727.035156	14.286
12730.119141	168.845
12738.030273	5.28978
12741.222656	118.154
12751.580078	11.2691
12755.663086	39.2602
12757.517578	25.6057
12761.738281	26.4383
12764.713867	33.6301
12768.124023	139.482
12782.792969	278.642
12804.659180	3715.03
12808.524414	40.7009
12815.217773	1240.3
12828.515625	4533.73
12843.666016	14447.3
12859.041992	26770.8
12878.969727	169.54
12881.668945	693.039
12890.657227	4.86681
12895.156250	320.179
12903.515625	30.4811
12907.132813	1.69926
12911.353516	51.7595
12924.706055	995.793
12932.315430	63.7303
12936.281250	141.118
12939.148438	8.15919
12940.768555	25.6229
12948.789063	313.504
12950.922852	70.9444
12955.879883	181.273
12963.582031	757.886
12971.912109	421.348
12979.852539	126.872
12982.443359	12.9088
12986.175781	121.198
12988.328125	87.94
12997.797852	2247.6
13011.782227	265.37
13014.017578	217.531
13020.308594	335.855
13030.481445	13.678
13034.778320	37.5672
13041.018555	253.003
13046.550781	15.7813
13049.596680	35.1082
13053.598633	11.715
13057.235352	1.14557
13067.568359	162.015
13072.302734	13.3974
13074.949219	2.05625
13078.255859	80.8809
13087.453125	223.99
13094.670898	91.8406
13097.068359	117.936
13109.115234	335.418
13121.706055	460.354
13128.823242	156.241
13137.205078	198.842
13143.533203	28.5017
13145.874023	43.167
13151.858398	63.5974
13159.490234	213.891
13166.904297	151.236
13170.052734	91.9874
13173.359375	5.08331
13179.631836	198.575
13188.280273	300.996
13198.470703	595.382
13209.715820	296.012
13216.967773	9.80241
13223.257813	273.04
13226.051758	74.1967
13231.335938	50.3144
13235.940430	431.418
13248.590820	149.365
13252.181641	3.65836
13256.513672	123.981
13259.766602	12.0257
13263.982422	98.4372
13270.371094	97.1201
13277.597656	104.037
13281.418945	123.062
13285.548828	122.995
13293.759766	721.594
13302.307617	54.7333
13304.139648	1.55239
13306.397461	7.10584
13310.933594	17.6499
13317.298828	177.36
13320.778320	120.982
13329.229492	144.397
13339.558594	298.037
13345.854492	75.7339
13354.810547	208.841
13360.776367	47.7033
13364.312500	32.7611
13368.213867	111.841
13372.966797	26.5782
13376.128906	44.6669
13379.881836	82.0593
13387.662109	408.133
13402.173828	86.4041
13408.762695	37.9514
13418.543945	159.3
13423.070313	31.0865
13426.321289	41.0495
13430.643555	173.105
13441.712891	266.294
13448.700195	88.0581
13454.962891	135.474
13462.335938	307.603
13475.911133	78.4738
13482.030273	104.72
13491.311523	359.168
13503.560547	161.106
13513.625000	193.425
13521.863281	256.362
13535.975586	280.37
13543.237305	23.5693
13545.932617	14.6625
13549.357422	9.77668
13553.614258	493.157
13569.724609	40.3831
13572.791016	75.1546
