TITLE "<<210423_CED_CKF_G2_PM_10005_RM13514_ThermoSIN_MSMS1kVPos_Sen_MetON_AlkTrx_XCal_TIS_100Da_10K_6800hv>> 4700 MS/MS Precursor 10005 Spec #1=>AdvBC(32,0.5,0.0)=>NR(2.00)=>SM31=>CT[BP = 7880.6, 3302]" CENTROID
TYPE MASSSPEC
9.975465	6.12751
15.642134	0.409988
22.383404	0.122718
22.537615	3.17319
22.832830	15.8032
23.276150	41.072
23.613039	4.36601
23.900457	2.08231
24.346058	5.49558
25.271114	2.62442
28.480618	17.7992
29.938185	11.2382
30.375486	12.903
31.398809	17.2233
32.692425	1.18235
33.646397	0.0576561
36.084343	5.09118
37.282028	1.36891
38.305183	9.56604
39.266605	7.18077
39.388306	3.04408
39.607803	0.575877
40.280491	4.99666
40.645767	0.417801
41.586185	0.18908
41.733368	0.0654194
41.847229	0.0605101
41.982433	0.0497086
42.101273	0.0248664
42.323917	3.23332
43.568684	20.1084
44.469143	13.8637
44.850601	0.224664
45.126972	0.84339
45.288757	0.321103
45.857281	2.42954
48.700912	5.90115
49.518841	0.459308
49.976261	4.63567
50.535549	4.51561
51.028309	0.0751441
51.250725	0.0266647
54.310997	15.4082
55.457314	0.0813255
55.624485	0.0516814
55.728809	0.0160942
55.896187	0.0358372
56.506813	17.9796
62.083439	2.58731
62.848225	6.54671
63.285995	2.84084
63.428089	0.644294
63.883656	15.0699
64.989548	3.35926
66.040901	128.962
66.194717	29.726
66.405663	37.1026
66.662277	41.6118
66.856384	4.10595
67.022583	21.7461
67.298332	22.4552
67.463295	6.39041
67.677551	12.8129
67.886086	34.7336
68.200417	0.90036
68.297775	0.435152
68.504715	36.714
68.977829	2.52524
69.119255	1.37991
69.350266	3.73989
69.473083	4.84642
69.701637	3.88276
70.076004	28.8182
70.521782	24.7365
70.681625	41.6067
71.330986	4.83901
71.874786	0.682159
72.293732	4.21236
72.468094	7.41761
72.754967	0.783807
73.017029	3.96019
73.560555	7.26647
74.054520	1.29756
74.483734	16.0401
75.002251	1.63496
75.477203	1.68954
75.964920	0.418499
77.322838	19.9329
78.430717	21.3227
79.060333	2.43834
79.561867	25.5839
80.076958	7.98517
80.278809	8.79751
81.042236	10.0635
81.213310	1.90407
81.423103	1.35906
81.798988	1.33689
82.031166	11.2981
82.663078	1.4621
82.968422	0.548994
83.279564	10.319
84.197189	1.7997
84.667084	80.5566
85.160378	31.5619
86.644028	74.8906
87.278915	3.28511
87.679276	21.4052
88.183456	0.48792
88.340385	2.02591
88.473976	2.47588
88.812683	2.34652
89.117355	25.0275
90.315788	0.467413
90.506104	0.140522
90.809067	11.5917
91.807777	3.62234
92.403740	0.315931
94.032364	28.2342
94.353775	6.11166
94.594688	4.59848
94.899231	2.3709
95.032425	1.75438
95.308556	17.7099
95.532318	15.5265
96.033562	23.739
96.549278	0.591799
97.746376	54.8316
97.974770	2.29691
98.134293	1.92511
98.385361	2.93106
98.569397	0.361915
98.719055	4.09875
99.017616	47.9418
100.308044	0.484741
100.774841	41.9021
101.759560	41.1971
102.176086	0.319927
102.427094	4.4829
102.750015	0.618395
102.893539	2.94462
103.232971	7.00759
103.966026	1.26273
104.171692	0.202493
104.781593	2.52608
104.959038	1.89623
105.314720	0.350335
105.575966	1.8919
105.920685	4.26439
106.278183	2.82453
106.616226	1.37399
106.925415	0.70273
107.204399	3.81932
108.377777	5.05548
109.235535	3.92222
109.750511	2.0566
110.029854	0.796912
110.304840	1.32807
110.669571	5.14293
110.929001	0.823875
111.096069	0.0319243
111.396896	4.79761
111.863922	1.20296
112.104401	4.37366
112.612289	11.1115
114.935333	9.55206
115.224594	0.621117
115.868591	7.28685
116.169724	0.82801
116.414902	8.50984
116.661896	8.47926
117.023117	19.3591
118.668251	39.1791
119.473923	16.919
120.593559	3.25409
120.942131	6.41416
121.250359	35.6368
122.652336	17.7379
122.985970	0.334819
123.362343	1.90752
123.720482	2.30343
124.084351	0.968706
124.445755	0.77559
124.607269	0.206853
124.817001	0.974419
125.124649	0.211831
125.233055	0.223866
125.478676	0.152703
125.725311	0.294593
126.061104	0.55606
126.393188	0.619938
126.710526	0.33295
127.018593	0.0994963
127.844742	0.138457
128.182816	1.88278
128.791595	0.488121
129.026947	1.50054
129.185623	2.34163
129.574280	6.54211
129.779449	10.354
130.635361	7.33674
131.103104	5.75877
131.493362	0.103105
131.695068	0.936723
132.018768	6.24502
132.430176	0.563544
132.724213	0.685365
132.907974	2.39684
133.260300	5.35424
133.728714	10.7714
133.917709	10.3077
134.251663	4.02726
134.632996	8.79332
135.619110	19.5007
136.277313	1.21945
136.581238	1.75867
136.921021	17.0054
137.632477	6.35232
137.931442	7.18335
138.277725	0.535379
138.822754	21.5199
139.623871	19.0343
140.176971	6.76755
140.832123	0.429526
141.308746	4.31189
141.814606	3.98528
142.187149	1.19163
142.571365	2.47161
143.325821	5.70406
143.707458	4.16386
144.111557	1.24461
144.974487	6.24668
145.613297	1.08661
145.849045	0.247971
146.110840	1.18895
147.569946	3.67001
148.125122	19.6683
149.153946	17.0554
149.458267	3.63406
149.922760	1.31074
150.452148	5.39009
151.537689	2.8332
151.797882	0.526106
152.130630	18.6124
153.462723	53.7924
154.596970	19.537
154.972748	0.50912
155.405624	11.835
155.727493	57.3
157.547821	1.25696
158.276611	19.3437
159.613617	1.8797
160.512283	12.2642
160.863129	1.23513
161.086349	1.03821
161.331024	0.823843
161.562561	0.703248
161.810730	2.4217
162.807175	3.45744
163.171600	3.53662
163.625031	1.01517
163.898636	0.307697
164.041733	0.0395317
164.871094	2.95384
165.749222	0.713108
166.572586	1.08317
167.006516	1.28545
167.265778	4.22909
167.780670	5.27531
168.095566	1.29551
168.488373	1.34454
168.891129	1.58301
169.311844	0.334988
169.647079	0.0900014
169.981400	0.539887
170.449707	1.03433
170.876862	10.3324
172.066147	3.71388
172.482437	8.06271
173.077682	1.00859
173.514435	1.50676
173.924652	1.3562
174.247528	0.118012
175.511032	9.09756
176.976547	0.347887
177.534607	16.9722
178.716858	20.5638
179.564560	13.0922
179.840118	1.62773
180.116547	1.01822
180.368546	0.37354
180.679764	9.63116
181.851135	4.54018
182.032013	0.23914
182.264816	1.09304
182.562668	0.233257
183.188919	9.83706
184.502960	2.01288
185.700409	0.826156
185.982819	0.333174
186.374939	0.191691
186.714828	0.810265
187.152832	0.840206
187.624344	0.655637
187.913757	2.30817
189.117722	0.903476
189.341339	0.227462
189.542191	0.182932
189.890808	0.0627375
191.150772	1.50448
191.742996	0.31673
192.129990	0.18653
192.626663	0.797115
193.496368	0.726158
194.002533	0.182619
194.422073	0.48495
195.283447	2.89486
195.920639	3.12791
196.287033	0.99517
196.924484	2.64033
197.225327	0.18242
197.537445	1.05127
198.531219	4.22113
199.675812	1.95225
200.737946	7.24087
201.548782	5.97338
201.984451	21.672
203.496521	11.1277
205.246918	3.51212
205.535004	1.9737
205.931030	10.9363
207.646957	34.3543
209.015381	19.8793
209.959915	26.7333
213.668152	43.7075
217.895401	11.0592
218.788849	0.837644
219.186768	15.8743
221.417114	11.6719
221.781540	4.38101
222.191101	6.82124
223.602524	15.4642
223.964127	6.50638
224.253494	1.17639
224.509964	2.6358
224.809845	10.1974
225.864243	0.134963
226.073914	0.066627
226.469177	0.682616
228.874802	50.3864
229.296066	6.97166
229.855453	1.11408
230.155197	0.774012
230.629013	6.15362
231.356842	0.0408955
231.600952	0.016871
233.507690	20.1078
234.307922	2.168
234.853088	1.11266
235.346252	0.830706
235.722183	0.431244
236.240906	0.0514968
236.660873	0.559153
237.100021	2.2944
237.697037	2.63832
238.181335	1.2601
238.617874	1.02212
239.128082	0.192339
239.452850	0.793262
240.387497	0.0359473
242.297607	5.55051
242.936813	6.45093
246.108627	14.5744
248.818420	33.713
250.432053	16.4644
250.793884	2.46429
251.384949	1.17807
252.082947	6.48664
253.902374	15.3405
255.425247	29.0401
256.480957	11.2826
256.812714	1.92796
257.406036	0.715966
257.885132	1.64791
259.617920	2.81145
259.920715	1.41391
260.835632	5.9027
261.951721	4.09956
262.435089	0.161841
262.845154	1.72988
264.788788	5.97975
265.342529	0.449272
265.593414	0.0611733
265.961761	0.292047
266.336700	0.476101
266.959991	1.52151
267.741241	1.29674
268.171875	0.831404
268.766357	0.346038
269.630432	1.15368
270.881592	13.0011
273.182068	10.5139
273.646301	1.82633
273.936859	1.81618
274.178802	13.4567
275.687897	20.1333
276.368256	0.33283
276.750549	1.84571
277.977020	2.27315
278.451630	0.0925537
278.964203	9.43248
279.950897	6.91398
280.326508	1.32759
280.999359	1.2037
281.271484	0.847665
282.846710	1.05214
284.763763	0.790136
288.419739	22.2275
289.867767	8.72778
290.124512	23.368
291.048096	9.49389
291.361053	11.1527
293.279175	14.6422
294.743988	6.36558
295.774841	0.892639
296.227020	2.19924
297.055084	4.52338
297.594940	0.959815
298.164459	4.34101
299.644226	8.4743
300.842834	11.8916
302.356110	9.88602
303.503845	3.34078
304.057343	0.329951
304.557007	1.09333
305.221771	3.22019
305.663513	3.31815
310.510132	27.4155
311.510712	13.2628
314.477264	5.46757
314.948181	4.15328
315.380798	7.29032
316.485443	6.63567
319.315094	2.23879
320.764191	10.9886
321.739410	3.91812
322.162140	2.41494
322.798370	0.909038
322.977478	0.00807415
323.332428	2.29751
325.212891	1.48591
325.846924	1.68541
326.357483	2.03595
327.434265	27.199
328.602081	32.5119
329.901703	22.8179
330.928223	8.21814
332.908142	10.3645
333.328918	11.3263
334.558411	8.95846
335.912842	17.896
337.242981	4.32153
338.606110	1.4978
340.256317	6.84826
340.710205	0.268688
341.268158	13.2395
343.810516	1.85632
344.188934	0.586297
344.521301	0.193474
344.833099	1.70961
346.560242	0.413139
347.454926	0.0125978
348.656494	0.315116
349.495636	1.11638
350.073883	0.417301
350.657715	1.29319
353.163116	4.55348
354.273743	8.38565
355.991486	33.4361
356.452026	21.4453
358.073334	1.41583
358.764709	8.07753
359.072937	0.634196
359.400970	0.345328
359.936493	0.0123737
360.304077	0.899342
360.738556	0.396514
361.103394	1.71213
361.687500	0.79134
362.310394	0.422938
363.224457	0.722971
363.509827	1.73187
364.030151	1.28052
364.706665	0.721795
365.188782	0.156114
365.433838	0.0848933
366.581818	3.75809
369.890350	6.37346
371.334656	0.714164
372.317078	6.95487
373.415924	0.806843
374.890778	2.91053
375.845154	0.174215
376.537109	2.26946
377.955658	2.16586
379.154510	0.329025
383.847626	1.35874
384.414337	0.0698049
384.740448	0.0596439
385.043671	0.0525398
385.653046	1.02213
386.778595	0.806554
387.871887	0.00518297
389.318878	1.31926
390.138519	3.00447
391.390503	1.45103
393.764954	2.86643
394.525726	0.500353
395.122925	0.406901
395.745483	1.19249
398.187164	0.259763
398.714691	0.508003
399.148041	0.380798
399.435028	0.511292
399.872314	0.602158
400.231079	0.163425
400.503784	0.0381498
400.936951	0.500075
402.748718	1.98052
403.049347	1.3696
404.451782	3.02763
404.939667	2.31103
405.425873	3.6581
406.168793	0.709702
406.804504	0.971025
407.493317	4.40153
410.460144	6.47456
411.024475	1.80502
411.637939	2.21528
413.395081	3.7159
413.843140	0.756628
415.031433	2.32529
415.709473	2.27381
416.550446	4.32722
416.991669	1.29367
417.665985	1.30668
419.089752	9.64836
420.102051	2.88752
420.629303	0.767732
421.366730	0.389149
421.731323	0.0482456
423.005585	3.48993
424.500610	2.8045
425.105957	0.273959
425.660461	0.265694
426.270416	6.25848
430.491608	8.88358
431.166748	3.65237
434.848907	6.80619
436.831451	0.824458
437.972839	2.66893
438.646179	2.40013
439.335632	1.30119
439.776398	5.79923
440.473328	0.367638
441.174835	6.68118
442.567627	2.32519
443.091125	0.014462
443.574188	1.10786
445.998932	8.23982
454.787659	1.36937
455.813354	0.493284
456.302979	0.438867
456.579834	0.727426
458.057556	1.28726
458.717682	0.201118
459.316376	0.611531
460.298004	0.653475
461.655823	0.047643
464.126526	0.224878
465.022888	0.0661903
465.365845	0.0391016
465.822205	0.159317
466.204285	0.119981
466.594147	0.0395561
467.067169	0.0399033
467.415314	0.0214882
473.118347	1.57543
478.823212	0.153496
479.318848	0.106792
479.627533	0.0370425
480.149719	0.0625451
480.542480	0.0426593
481.612854	0.56167
482.673035	0.11261
483.794983	2.87597
485.505463	2.14948
486.413605	0.0329737
486.938324	0.502498
488.313049	0.154168
488.644836	0.358503
489.117859	0.410098
489.973633	0.295464
490.842896	1.17072
493.453735	0.0622771
494.498352	0.469897
495.122864	0.847093
495.991394	0.803257
496.714539	0.454973
497.348114	0.57879
498.872223	0.888241
500.381927	0.085223
501.474854	0.00908826
502.270508	0.000166953
502.574738	3.20585e-006
503.031860	4.07571e-006
504.423187	0.00563461
505.040344	0.208637
505.690094	0.350603
506.069824	0.226947
506.465912	0.118009
506.983887	0.0946581
507.314606	0.0505514
507.562012	0.00169911
507.852783	8.71728e-005
507.989777	4.28856e-007
511.989990	0.418308
514.949524	4.85282
517.110107	3.75602
518.770081	2.03894
519.420715	0.00957441
519.906799	0.392993
523.244080	1.20174
523.775024	0.691395
524.337158	5.15505
526.907410	10.2297
529.483521	2.79552
531.054443	1.3652
533.126465	0.523867
535.835571	2.06943
537.104980	0.330526
537.707581	4.92159
539.129333	0.616117
540.825256	4.77817
543.350952	1.54583
544.465332	0.527052
545.569641	0.449539
545.974182	2.00109
546.478821	1.95243
546.959717	0.220564
547.393738	0.632723
547.970337	0.696904
548.666748	0.236245
550.941833	0.0860706
551.588196	0.153805
551.986755	0.0850407
552.370667	0.067397
552.964111	0.191117
553.643250	0.294583
554.047729	0.186806
554.447510	0.273694
554.989563	0.0607176
555.663574	1.09041
556.446838	0.586094
557.200378	0.38527
557.928040	0.0983754
558.357056	0.135417
558.762573	0.101586
559.011292	0.0050448
559.274170	0.0454576
559.702881	0.0485118
560.046753	0.0105926
560.484802	0.081579
567.020325	2.77271
571.743652	0.808826
573.512451	0.475156
574.321960	0.590273
574.988159	0.368286
575.589783	0.0503249
576.313538	2.81992
577.992188	7.59512
578.975586	3.11912
579.758423	9.12375
580.500122	1.41296
581.475159	2.05374
583.287415	1.25024
584.196960	1.73185
585.317993	1.31842
586.029724	0.625025
586.841309	0.441432
588.736389	7.65732
600.603088	0.067811
601.332092	0.479048
601.872437	0.352863
602.226929	0.124549
602.817932	0.177426
603.245056	0.131619
603.529419	0.00932104
604.376892	0.366199
605.161621	0.20023
606.061890	0.0861442
606.734924	0.0363196
607.313538	0.164817
609.667542	0.0240569
611.007690	1.04629
611.805420	0.0351154
612.373108	2.57683
613.179260	1.61696
613.986023	0.908939
614.766907	0.314727
615.325867	0.0337902
616.236877	0.0307311
617.045776	0.183583
617.619019	0.160917
618.081421	0.0459839
618.549316	0.0660364
619.063782	0.0595648
619.478210	0.00829462
620.365662	0.00326223
620.998962	0.0410264
621.718201	0.0692749
622.143311	0.0449028
622.579834	0.0234561
623.153687	0.0189624
623.522095	0.00994711
626.220154	2.38842
645.508240	4.29222
649.196045	0.0130485
649.763428	0.0613346
650.306763	0.0641739
650.686096	0.0323981
651.956909	1.55138
653.000183	0.893313
653.750366	0.584381
654.176819	0.523399
654.649231	0.880575
655.245483	0.0329923
655.652039	0.182817
656.093628	0.084267
656.319702	0.0106456
657.621155	0.827186
664.757996	2.6288
668.000183	1.69497
669.206299	1.55727
669.757141	2.44811
672.444946	0.726357
673.424988	0.119785
676.539856	2.88365
678.645020	0.580485
679.278381	0.157465
680.248657	0.0839286
680.647034	0.0944732
686.477417	1.90099
690.462769	6.61748e-007
692.153259	0.0585694
697.700806	2.90759
703.045227	1.09454
703.823975	6.57793
706.466797	0.254713
706.978943	0.481224
707.553772	3.17238
708.011169	2.80083
709.108582	0.35735
710.655396	2.67507
713.036255	0.230676
715.165833	0.00658947
716.219604	0.0416034
716.994263	0.0694298
717.451111	0.0448653
717.927002	0.0204372
718.536072	0.019899
718.887573	0.0167253
720.091187	0.138046
720.904968	0.746006
721.841797	0.919752
722.719055	0.375144
723.550537	0.407897
724.553101	0.0144727
725.221924	0.00192001
725.805420	9.96855e-005
726.464050	0.0318932
727.399231	0.149878
727.997131	0.111177
728.381653	0.0398811
729.027405	0.0618569
729.505432	0.0411013
729.843140	0.00374471
730.142456	7.36294e-005
730.444031	4.08856e-007
730.697754	2.00979e-007
730.844116	1.52678e-007
731.263733	1.90534
739.977478	3.5189
741.446167	0.812925
742.203247	0.488318
742.982056	0.584807
744.472290	2.93448
746.547241	1.66072
748.015442	0.068676
752.063782	6.21933
764.982361	1.94749
768.138184	9.2389
770.163696	3.27264
770.706177	1.42245
772.755188	1.89782
774.375366	0.759666
778.089539	0.0776423
779.505188	0.204061
780.428833	0.139983
781.336487	0.101688
782.202759	0.0343562
787.375366	0.655463
788.989258	0.0728353
789.608398	0.0563435
790.009583	0.0205805
790.683167	0.0302228
791.178955	0.020836
791.532166	0.00172575
795.479797	5.76192
818.228638	3.20012
820.873657	0.769878
821.359985	0.0739613
821.857788	0.393237
822.581726	0.249369
822.940674	0.0236314
823.609985	0.0230296
828.786621	0.330326
831.233093	1.73043
834.626831	6.26947
836.958984	4.72777
838.362122	1.01977
839.205811	0.307141
840.131592	0.32166
840.900818	0.0234996
843.458618	1.954
863.767334	0.0965039
866.213196	1.09843
868.463501	0.132337
868.650269	3.69718e-008
868.949768	2.03345e-007
869.341492	1.10915e-007
869.687134	1.66373e-007
870.055969	1.29401e-007
870.332642	9.24295e-008
870.655457	1.66373e-007
871.162903	2.40317e-007
871.508972	3.69718e-008
871.993591	3.51232e-007
872.616821	1.47887e-007
872.986267	1.47887e-007
873.243408	5.89228e-008
873.753906	0.0478512
874.780334	0.226212
875.436584	0.167446
875.856995	0.061079
876.562500	0.102656
877.079590	0.0529444
877.997070	0.668897
879.314941	0.449117
880.227417	0.167594
881.222839	0.146355
882.017883	0.0160527
882.685181	0.00121199
883.223755	1.8051e-005
883.578186	1.01699e-006
883.917664	1.11849e-007
884.199097	1.10957e-007
884.408447	5.54568e-008
884.547913	5.54577e-008
884.664185	3.69718e-008
884.757141	3.69718e-008
885.338501	4.25176e-007
886.082886	1.66373e-007
886.338806	3.69718e-008
887.223328	6.65492e-007
888.317932	2.03345e-007
888.807190	1.84859e-007
889.226685	7.39436e-008
889.086853	3.69718e-008
889.436523	9.24295e-008
889.692932	1.10915e-007
889.949402	9.24295e-008
890.299255	1.84859e-007
890.579102	3.69718e-008
890.719055	7.39436e-008
890.929077	9.24295e-008
891.185730	1.10915e-007
891.442383	9.24295e-008
891.792480	1.84859e-007
892.166016	1.10915e-007
892.843201	4.25176e-007
893.427246	3.69718e-008
893.614136	1.10915e-007
893.801086	3.69718e-008
895.297363	1.14613e-006
896.794861	3.69718e-008
897.333313	3.88204e-007
898.035889	1.66373e-007
898.293579	3.69718e-008
899.184082	6.65492e-007
900.239197	1.66373e-007
900.662537	9.36732e-005
901.421997	0.0240184
902.378784	0.144174
903.027954	0.095552
903.442749	0.0223759
904.186707	0.541433
904.961853	0.310159
905.487488	0.0348484
906.097900	0.13152
906.710205	0.0865937
907.154541	0.0136575
907.797302	0.00428709
908.489685	9.43762e-005
908.869141	6.78491e-007
909.259827	1.39152e-007
909.574585	1.10959e-007
909.786804	5.54548e-008
909.951843	7.39436e-008
910.093384	3.69718e-008
910.211304	5.54577e-008
910.329224	3.69718e-008
910.612244	1.84859e-007
910.895325	3.69718e-008
911.084106	1.10915e-007
911.272888	3.69718e-008
911.508911	1.47887e-007
911.744934	3.69718e-008
912.335144	4.25176e-007
913.374329	3.88204e-007
914.201416	2.58803e-007
914.742554	0.402173
932.895691	5.51484
961.496582	10.6457
965.565735	1.19702
965.924316	0.0682106
966.378723	0.497902
967.299438	0.139863
967.643921	0.03446
968.241089	0.0449397
969.677002	0.0473963
970.807312	0.000667351
971.228943	1.26033e-005
971.867798	1.60168e-005
972.572388	2.79066e-006
1006.989502	0.0231316
1010.274414	1.30663
1014.029724	1.91786
1015.881165	0.0195054
1016.643982	0.0667304
1017.186462	0.0468243
1017.763977	0.0195455
1018.484009	0.0211268
1018.980713	0.0101734
1028.686646	1.0056
1031.734253	0.166316
1032.664795	0.280336
1033.209229	0.181599
1033.776733	0.094325
1034.518799	0.0757483
1034.992432	0.0404135
1035.345703	0.00146162
1038.686157	2.25318
1058.161133	0.0600048
1060.241821	0.0869391
1061.056274	0.036396
1061.739136	0.440466
1062.365845	0.944419
1063.250977	0.116056
1063.627197	0.159398
1064.432495	0.302648
1065.322510	0.0253428
1065.838501	0.120176
1085.434937	5.517
1116.377197	0.755955
1121.321533	0.0105056
1122.981323	0.362473
1124.363159	0.197354
1124.865479	0.0437772
1125.456055	0.102287
1126.296509	0.057538
1126.693481	0.0106362
1127.445190	0.0107421
1132.248047	0.202016
1133.988647	0.149208
1134.735107	0.112174
1135.214111	0.040652
1136.024658	0.0620384
1136.620605	0.0419027
1137.043823	0.00340784
1142.412109	3.14274
1173.855347	0.0846726
1174.972290	5.02268e-008
1175.347900	1.84165e-007
1176.877930	7.70144e-007
1178.220825	6.69691e-008
1179.026978	4.35299e-007
1179.887207	1.00454e-007
1180.532471	3.01361e-007
1181.204956	1.17196e-007
1181.500854	6.69691e-008
1181.823730	1.33938e-007
1185.324341	2.04256e-006
1188.803223	1.17196e-007
1189.046143	3.34845e-008
1189.262085	1.00454e-007
1189.748047	2.00907e-007
1190.234131	1.00454e-007
1191.314453	5.69237e-007
1192.503540	1.67423e-007
1192.936035	1.00454e-007
1193.314575	1.33938e-007
1193.963623	2.67876e-007
1194.829346	2.67876e-007
1195.614136	2.17649e-007
1196.669922	4.35299e-007
1197.482422	6.69691e-008
1197.888794	1.84165e-007
1198.376465	1.17196e-007
1198.782959	1.33938e-007
1199.216675	1.33938e-007
1199.623291	1.17196e-007
1199.894409	5.02268e-008
1200.084229	6.69691e-008
1200.274048	5.02268e-008
1200.518188	1.00454e-007
1201.006348	2.00907e-007
1201.901733	3.51588e-007
1204.209595	1.0715e-006
1206.139038	1.17196e-007
1206.383789	3.34845e-008
1206.601318	1.00454e-007
1207.214478	0.0131264
1209.071045	0.703282
1211.004395	0.500549
1211.468628	1.62356
1212.355591	1.71129
1212.864014	0.0618097
1213.632568	0.564879
1214.417114	0.254368
1214.846924	0.0392027
1215.750000	0.0218294
1216.542725	0.0018083
1217.173828	2.73286e-005
1217.599365	1.44862e-006
1217.992676	1.01855e-007
1218.322021	1.00517e-007
1218.568237	5.02254e-008
1218.732178	5.02268e-008
1219.060181	1.5068e-007
1219.470215	1.00454e-007
1219.798218	1.00454e-007
1220.098999	8.37113e-008
1220.427246	1.17196e-007
1221.056274	2.67876e-007
1221.658203	1.00454e-007
1222.533936	4.35299e-007
1223.355225	6.69691e-008
1224.176880	4.35299e-007
1225.053467	1.00454e-007
1225.711182	3.01361e-007
1226.506226	1.84165e-007
1227.219116	2.51134e-007
1227.987183	2.17649e-007
1228.590820	0.140364
1230.787109	9.9811e-008
1231.308960	7.25898e-008
1233.067749	5.08129e-007
1234.827881	7.25898e-008
1237.029785	6.53309e-007
1239.123291	3.62949e-008
1243.978638	1.56068e-006
1248.954102	7.25898e-008
1252.249023	1.00718e-006
1255.437378	3.62949e-008
1255.881226	1.08885e-007
1256.713745	1.63327e-007
1257.352295	4.53687e-008
1257.657715	5.44424e-008
1257.935425	3.62949e-008
1258.574219	1.72401e-007
1259.268677	5.44424e-008
1259.852295	1.36106e-007
1260.324707	1.81475e-008
1260.658325	9.07373e-008
1260.991943	1.81475e-008
1261.186646	4.53686e-008
1261.575928	8.16636e-008
1261.881836	1.81475e-008
1262.438232	1.63327e-007
1263.801758	2.81286e-007
1265.221802	1.81475e-007
1266.280273	1.63327e-007
1266.949097	5.44424e-008
1267.339355	7.25898e-008
1267.701782	4.53686e-008
1268.510376	2.1777e-007
1269.402954	7.25898e-008
1271.272827	5.3535e-007
1273.451294	1.72401e-007
1274.122070	4.53686e-008
1274.485474	7.25898e-008
1274.848877	4.53686e-008
1275.659790	2.1777e-007
1276.554932	7.25898e-008
1277.646240	2.81286e-007
1278.598022	2.72212e-008
1279.102051	1.36106e-007
1279.802368	9.07373e-008
1280.979126	2.90359e-007
1282.072388	6.35161e-008
1282.857544	1.90548e-007
1283.979736	1.72401e-007
1284.849731	1.08885e-007
1285.354980	5.44424e-008
1285.860352	1.08885e-007
1286.646729	1.4518e-007
1287.545654	1.4518e-007
1288.220215	7.25898e-008
1290.019531	5.08129e-007
1291.820313	7.25898e-008
1294.072876	6.53309e-007
1296.214722	3.62949e-008
1301.181641	1.56068e-006
1306.271484	7.25898e-008
1309.641846	1.00718e-006
1312.903198	3.62949e-008
1313.357178	1.08885e-007
1314.208862	1.63327e-007
1314.861938	4.53687e-008
1315.174316	5.44424e-008
1315.458374	3.62949e-008
1316.111694	1.72401e-007
1316.822144	5.44424e-008
1317.418945	1.36106e-007
1317.902222	1.81475e-008
1318.243530	9.07373e-008
1318.584717	1.81475e-008
1318.783813	4.53686e-008
1319.182007	8.16636e-008
1319.494873	1.81475e-008
1320.063965	1.63327e-007
1321.458618	2.81286e-007
1322.911011	1.81475e-007
1323.993652	1.63327e-007
1324.677734	5.44424e-008
1325.076904	7.25898e-008
1325.447510	4.53686e-008
1326.274536	2.1777e-007
1327.187378	7.25898e-008
1329.099731	5.3535e-007
1331.327881	1.72401e-007
1332.013794	4.53686e-008
1332.385498	7.25898e-008
1332.757202	4.53686e-008
1333.586426	2.1777e-007
1334.501831	7.25898e-008
1335.618042	2.81286e-007
1336.591431	2.72212e-008
1337.106812	1.36106e-007
1337.822998	9.07373e-008
1339.026489	2.90359e-007
1340.144409	6.35161e-008
1340.947388	1.90548e-007
1342.094971	1.72401e-007
1342.984619	1.08885e-007
1343.501343	5.44424e-008
1344.018188	1.08885e-007
1344.822266	1.4518e-007
1345.741577	1.4518e-007
1346.431274	7.25898e-008
1348.271362	5.08129e-007
1350.112671	7.25898e-008
1352.416138	6.53309e-007
1354.606201	3.62949e-008
1359.684937	1.56068e-006
1364.744263	2.72212e-008
1365.313110	0.0108894
1367.303833	0.508166
1369.432861	1.2166
1370.657227	0.832923
1371.838379	0.302796
1372.663330	0.0445167
1373.072266	0.0241877
1373.917725	0.0136302
1374.745361	0.000379145
1375.208374	2.25988e-006
1375.610718	1.0252e-007
1376.082031	5.46171e-008
1376.344238	2.72098e-008
1376.547729	3.62951e-008
1376.751221	2.72212e-008
1377.129028	9.07373e-008
1377.477905	1.81475e-008
1377.681396	4.53686e-008
1378.088501	8.16636e-008
1378.408447	1.81475e-008
1378.990234	1.63327e-007
1380.416016	2.81286e-007
1381.900757	1.81475e-007
1383.007568	1.63327e-007
1383.706909	5.44424e-008
1384.114868	7.25898e-008
1384.493774	4.53686e-008
1385.339233	2.1777e-007
1386.272461	7.25898e-008
1388.227417	5.3535e-007
1390.505005	1.72401e-007
1391.206177	4.53686e-008
1391.586060	7.25898e-008
1391.966064	4.53686e-008
1392.813843	2.1777e-007
1393.749512	7.25898e-008
1394.890381	2.81286e-007
1395.885376	2.72212e-008
1396.412354	1.36106e-007
1397.144287	9.07373e-008
1398.374512	2.90359e-007
1399.517334	6.35161e-008
1400.338013	1.90548e-007
1401.510986	1.72401e-007
1402.420288	1.08885e-007
1402.948486	5.44424e-008
1403.476685	1.08885e-007
1404.298706	1.4518e-007
1405.238281	1.4518e-007
1405.943237	7.25898e-008
1407.823975	5.08129e-007
1409.705933	7.25898e-008
1412.060303	6.53309e-007
1414.888062	2.1777e-007
1415.801758	6.35161e-008
1416.155518	4.53687e-008
1416.361938	1.81475e-008
1416.627319	6.35161e-008
1416.892700	1.81475e-008
1417.158203	6.35161e-008
1417.541626	5.44424e-008
1418.072632	1.08885e-007
1418.751343	9.9811e-008
1419.135010	1.81475e-008
1419.548218	1.08885e-007
1419.991089	2.72212e-008
1420.197754	3.62949e-008
1420.552124	7.25898e-008
1420.906494	3.62949e-008
1421.142822	3.62949e-008
1421.379028	3.62949e-008
1421.615356	3.62949e-008
1422.708618	2.99433e-007
1423.979736	9.07373e-008
1424.423218	4.53687e-008
1424.837280	8.16636e-008
1425.458374	1.08885e-007
1425.961304	4.53687e-008
1426.197998	2.72212e-008
1426.494019	6.35161e-008
1426.908325	6.35161e-008
1427.529907	1.27032e-007
1428.151611	6.35161e-008
1428.418091	1.81475e-008
1428.655029	5.44424e-008
1428.951172	3.62949e-008
1429.217773	4.53687e-008
1430.195435	2.54064e-007
1431.232788	6.35161e-008
1431.529175	2.72212e-008
1431.914673	9.07373e-008
1432.418701	6.35161e-008
1432.744873	3.62949e-008
1433.071167	6.35161e-008
1433.812866	1.63327e-007
1434.495361	4.53687e-008
1434.881104	7.25898e-008
1435.326416	6.35161e-008
1435.801392	8.16636e-008
1436.276489	6.35161e-008
1436.781128	9.06444e-008
1437.966797	0.0231296
1441.899048	1.33628
1446.283936	5.3272
1449.022583	2.0379
1449.870972	0.562364
1451.830322	0.784118
1453.791382	0.036409
1455.152710	0.000664259
1455.667236	1.21888e-005
1456.452148	1.5509e-005
1457.314697	2.28956e-006
1457.978149	9.74175e-008
1458.515259	6.36215e-008
1458.934448	6.35167e-008
1459.293701	4.53687e-008
1459.563110	3.62949e-008
1459.892456	6.35161e-008
1460.521240	1.27032e-007
1461.329956	1.17958e-007
1461.989014	8.16636e-008
1462.558350	9.07373e-008
1463.127808	8.16636e-008
1463.552002	6.05927e-006
1468.066406	1.32495
1517.131104	4.42013
1527.864502	6.57746e-005
1528.138184	3.34845e-008
1528.628418	2.34392e-007
1529.364014	1.67423e-007
1529.977173	1.67423e-007
1530.590454	1.67423e-007
1531.111816	1.17196e-007
1531.449219	6.69691e-008
1531.817261	1.33938e-007
1532.216187	8.37113e-008
1532.522949	8.37113e-008
1533.044678	2.00907e-007
1533.474365	3.34845e-008
1533.842773	1.67423e-007
1534.303223	8.37113e-008
1534.763916	1.67423e-007
1535.408813	1.84165e-007
1535.961670	1.17196e-007
1536.299683	6.69691e-008
1536.637695	1.17196e-007
1537.252197	2.17649e-007
1537.713257	3.34845e-008
1537.866943	5.02268e-008
1538.174438	1.17196e-007
1538.666260	1.5068e-007
1539.127563	1.00454e-007
1540.357910	5.69237e-007
1541.465698	3.34845e-008
1541.988892	2.51134e-007
1542.604614	8.37113e-008
1543.066406	1.67423e-007
1543.528320	8.37113e-008
1543.897949	1.17196e-007
1544.329102	1.17196e-007
1545.253418	8.37113e-008
1544.822021	1.5068e-007
1545.777344	2.00907e-007
1546.332153	1.00454e-007
1546.917847	2.17649e-007
1547.565430	1.33938e-007
1547.935425	6.69691e-008
1548.151367	5.02268e-008
1548.706543	2.51134e-007
1549.416260	1.33938e-007
1549.909912	1.33938e-007
1550.372925	1.17196e-007
1550.835938	1.33938e-007
1551.360718	1.5068e-007
1551.885742	1.33938e-007
1552.256348	6.69691e-008
1552.596069	1.17196e-007
1553.059448	1.33938e-007
1553.399292	5.02268e-008
1553.646362	8.37113e-008
1554.171753	2.00907e-007
1554.789917	1.33938e-007
1555.253540	1.17196e-007
1555.562744	5.02268e-008
1555.717285	3.34845e-008
1556.088379	1.67423e-007
1556.459473	3.34845e-008
1556.830688	1.67423e-007
1557.882446	4.01814e-007
1559.058472	2.34392e-007
1559.553711	3.34845e-008
1559.863403	1.33938e-007
1560.978149	4.68783e-007
1562.000488	8.37113e-008
1562.341309	1.00454e-007
1562.620117	5.02268e-008
1562.775146	3.34845e-008
1562.961060	6.69691e-008
1563.270996	1.00454e-007
1564.077026	3.34845e-007
1564.883179	1.00454e-007
1565.193115	6.67609e-008
1565.833984	0.00272277
1567.965332	0.120575
1570.274170	0.227082
1571.598389	0.127733
1572.869263	0.0831469
1574.098389	0.0273927
1575.067139	0.00284799
1575.942261	9.0494e-005
1576.441528	6.48589e-007
1576.960815	1.26877e-007
1577.375000	1.00593e-007
1577.686401	6.69713e-008
1577.935547	6.6969e-008
1578.153564	5.02268e-008
1578.589600	1.84165e-007
1579.181396	1.33938e-007
1579.617676	1.00454e-007
1580.022705	1.17196e-007
1580.459106	1.17196e-007
1580.895386	1.17196e-007
1581.425415	1.67423e-007
1581.924316	1.00454e-007
1582.298462	1.00454e-007
1582.641602	8.37113e-008
1583.203003	2.17649e-007
1583.920532	1.67423e-007
1584.575928	1.84165e-007
1585.324951	2.17649e-007
1585.855713	6.69691e-008
1586.292847	1.67423e-007
1586.948608	1.84165e-007
1587.666992	2.00907e-007
1588.198120	8.37113e-008
1588.416870	3.34845e-008
1588.541870	3.34845e-008
1588.698120	5.02268e-008
1588.952759	6.20249e-006
1590.984497	0.196273
1591.574341	7.32324e-008
1591.793335	9.76432e-008
1592.200073	2.19697e-007
1592.575439	7.32324e-008
1593.076050	1.22054e-007
1592.794434	9.76432e-008
1593.326416	7.32324e-008
1593.576782	1.22054e-007
1593.858521	9.76432e-008
1594.077637	7.32324e-008
1594.453247	2.19697e-007
1595.048218	2.44108e-007
1595.580566	1.70876e-007
1596.144287	2.68519e-007
1596.896240	3.1734e-007
1597.867554	4.39394e-007
1598.807983	2.9293e-007
1599.466431	2.19697e-007
1600.124878	2.9293e-007
1600.814941	2.44108e-007
1601.756226	4.88216e-007
1602.446655	4.88216e-008
1602.666382	1.22054e-007
1603.325562	3.90573e-007
1604.204712	2.9293e-007
1604.832886	1.95286e-007
1605.209839	9.76432e-008
1605.461182	9.76432e-008
1605.649658	4.88216e-008
1606.120972	3.1734e-007
1606.749512	1.70876e-007
1607.126587	1.22054e-007
1607.598145	2.44108e-007
1608.226929	2.44108e-007
1608.730103	1.46465e-007
1609.673706	5.85859e-007
1610.554688	9.76432e-008
1610.806396	9.76432e-008
1611.121094	1.46465e-007
1611.467285	1.22054e-007
1611.939453	9.76432e-008
1611.719116	7.32324e-008
1612.222778	1.22054e-007
1612.600586	1.70876e-007
1613.104492	2.19697e-007
1613.608398	1.70876e-007
1614.049316	1.70876e-007
1614.553345	2.19697e-007
1615.120483	2.19697e-007
1615.624756	1.70876e-007
1616.223633	2.9293e-007
1616.854126	1.95286e-007
1617.453247	2.68519e-007
1617.863281	4.88216e-008
1618.147095	1.70876e-007
1618.620239	1.95286e-007
1619.219727	2.68519e-007
1619.850830	2.19697e-007
1620.355713	1.70876e-007
1620.829224	1.95286e-007
1621.492188	3.1734e-007
1622.123779	1.70876e-007
1622.818604	3.66162e-007
1623.450439	1.22054e-007
1624.114014	3.90573e-007
1625.062134	3.41751e-007
1625.631104	9.76432e-008
1626.136963	2.9293e-007
1626.642944	9.76432e-008
1626.864380	7.32324e-008
1627.307129	2.68519e-007
1627.876587	1.70876e-007
1628.509399	3.1734e-007
1629.300537	2.9293e-007
1630.123657	3.41751e-007
1630.851807	2.19697e-007
1631.421875	2.19697e-007
1631.960327	1.95286e-007
1632.435547	1.70876e-007
1632.942505	2.19697e-007
1633.671387	3.41751e-007
1634.622437	3.90573e-007
1635.319946	1.46465e-007
1635.732178	1.70876e-007
1636.398315	3.41751e-007
1637.127930	2.19697e-007
1637.762573	2.68519e-007
1638.492554	2.9293e-007
1639.317871	3.41751e-007
1640.334106	4.39394e-007
1641.191650	2.19697e-007
1641.827148	2.68519e-007
1642.430908	1.95286e-007
1642.907593	1.70876e-007
1643.384399	1.95286e-007
1643.924927	2.19697e-007
1644.465454	1.95286e-007
1644.942505	1.70876e-007
1645.737671	4.39394e-007
1646.692139	2.9293e-007
1647.424194	2.68519e-007
1647.933472	1.22054e-007
1648.411011	2.44108e-007
1648.984131	1.95286e-007
1649.493774	1.95286e-007
1649.939575	1.46465e-007
1650.226318	7.32324e-008
1650.544922	1.70876e-007
1651.150269	2.9293e-007
1651.787720	1.95286e-007
1652.138306	7.32324e-008
1652.361450	9.76432e-008
1652.775879	2.19697e-007
1653.222168	1.22054e-007
1653.609619	6.12969e-006
1658.361572	1.21127
1673.039795	0.23828
1675.395630	0.707492
1676.727173	0.361599
1678.189453	0.144571
1679.345215	0.0630719
1680.310303	0.00531219
1710.571655	4.42531
1721.977051	6.59586e-005
1786.840820	1.28841e-005
1789.115234	0.456094
1795.483765	2.72212
1809.635376	0.39694
1813.413574	0.946861
1838.928833	1.14443
1840.171265	0.0878381
1840.925903	0.0696423
1842.647461	0.184108
1845.187866	5.30659
1868.851074	15.2074
1914.152100	4.3553
1939.736938	2.36939
1943.279663	0.671517
1944.750488	0.390832
1946.168457	0.257354
1947.565063	0.0851225
1948.580444	0.0088742
1954.942993	4.09491
1970.990845	0.182951
1972.245605	0.420094
1973.124146	0.326378
1973.875610	0.093398
1974.842041	0.0978199
1975.685425	0.0509626
1976.700073	0.313887
1996.341309	0.104081
1997.483154	0.851202
1998.310425	0.885371
1999.790283	0.820715
2001.978027	3.44286
2006.720581	3.94157
2014.074585	12.0518
2024.840210	3.50293
2032.962891	4.32948
2034.140015	0.61194
2035.350220	1.5008
2036.230103	0.557787
2037.744995	62.6722
2054.062988	24.9733
2064.267334	22.1912
2070.294678	277.705
2072.154541	142.967
2084.260498	15.5584
2097.638184	85.3938
2104.572754	0.249193
2106.504883	0.0128788
2111.863525	18.5886
2129.206299	1.7266
2136.622314	3.32028
2140.296387	1.20113
2141.746826	0.281416
2142.552490	0.130387
2143.235596	0.757524
2145.082275	0.0384058
2146.365234	0.0799266
2150.042236	0.214579
2152.142334	0.128356
2153.512695	0.0777261
2155.067627	0.0405239
2156.722168	0.230653
2195.584473	1.32684
2198.847168	0.067448
2199.650635	0.0459168
2200.487305	0.0219343
2201.562988	0.0198183
2202.324951	0.0105245
2209.619629	0.559736
2220.009521	0.750146
2221.115967	0.161619
2222.756348	0.0700368
2223.824707	0.0432224
2226.346191	0.751734
2246.950195	0.0258169
2250.833740	1.07837
2253.988281	0.131882
2256.185791	1.84874
2257.985107	1.81006
2259.429688	0.315535
2260.907715	2.70635
2263.539307	0.582699
2265.265625	1.98418
2266.375732	0.988336
2267.870361	0.19739
2271.883057	1.04787
2276.242188	0.168595
2278.168945	0.054106
2279.699463	0.449949
2280.773438	0.3147
2281.504883	0.128245
2282.680908	0.101094
2283.493164	0.0719314
2284.083740	0.00856387
2287.384766	0.0945686
2289.677246	0.72504
2292.162354	2.54913
2293.595215	0.942274
2293.977539	0.248664
2295.432373	0.334242
2301.367188	3.47965
2307.868652	0.975693
2310.223389	0.661243
2311.888184	1.61027
2313.435791	2.01224
2314.937256	0.474348
2317.635498	1.45589
2320.727295	0.086288
2323.155273	0.00844802
2324.698975	8.29807e-005
2338.705811	2.44994
2345.219971	2.96553
2349.011963	2.38397
2352.416504	0.286015
2354.619873	0.0257095
2362.970215	0.177716
2372.140381	3.2923e-005
2372.662598	0.0745708
2373.447998	0.244808
2374.155518	0.284576
2375.455078	0.594808
2376.723633	0.44222
2377.455078	0.188928
2377.979980	0.420487
2379.162598	0.902418
2380.910889	1.21865
2382.137939	4.80007
2387.567627	8.1972
2388.958984	1.22485
2390.949463	0.0277551
2393.147217	2.10168
2397.949951	1.20571
2403.822021	1.13044
2405.273926	1.74128
2407.400146	1.49155
2408.277100	0.130955
2408.977783	0.561968
2410.357422	0.338572
2411.573242	1.57448
2416.885010	0.0151383
2418.217285	0.520287
2420.259766	0.997528
2423.117188	1.63713
2424.655762	1.53039
2426.145996	0.581477
2427.617432	8.06229
2436.010742	5.85155
2436.945313	0.586691
2437.560547	0.296048
2438.970947	0.118571
2439.863281	10.743
2447.506104	4.9156
2451.728516	2.63885
2453.795166	1.29648
2455.212158	1.10495
2456.995850	0.410803
2458.456543	0.485154
2460.025635	0.0267904
2461.042236	0.00290354
2466.794922	0.87164
2475.769287	1.28264
2480.600098	0.77464
2481.478271	1.34343
2482.701172	1.03086
2483.494385	0.0733622
2484.572754	0.297395
2485.698975	0.169927
2486.700439	0.820783
2496.520996	3.93119
2506.156738	1.38862
2512.344482	1.99543
2517.640381	0.155673
2521.486572	0.665895
2525.913574	0.509874
2527.844482	1.57247
2529.855713	1.15588
2531.635742	0.449773
2533.015869	0.286812
2613.416504	0.0208424
2616.614746	2.72834
2625.689209	10.0483
2630.044678	41.1827
2639.250977	2.98009
2643.565918	56.1494
2650.960205	8.43529
2656.884521	9.17412
2665.974365	8.13718
2678.346191	6.15969
2687.186768	3.29233
2692.505615	1.59724
2695.080322	0.337069
2697.206299	0.417274
2698.161133	0.635703
2703.104492	1.07345
2707.696289	0.562689
2725.119141	0.236444
2728.146973	0.454454
2729.899170	0.255396
2731.581055	0.166746
2733.241455	0.0555684
2734.412598	0.00525751
2752.867920	0.936969
2757.173340	0.219455
2758.932861	0.135076
2760.656494	0.0999548
2762.289307	0.0337566
2764.134521	0.496466
2773.883789	4.89334
2781.671387	2.70696
2784.465576	0.00245687
2787.231445	0.128162
2789.964600	0.078881
2790.925781	0.28048
2792.009766	0.266061
2793.195068	0.0135372
2794.101318	0.0604101
2795.386475	0.0616844
2796.737305	0.00285451
2797.908203	9.06746e-005
2798.586182	7.38885e-007
2866.324463	2.94327e-005
2869.999756	1.68357
2873.416748	0.212859
2875.802979	0.154072
2877.329590	0.0751683
2879.168945	0.0468956
2880.726563	0.102393
2887.810547	0.14594
2890.949219	2.77771
2893.199707	1.89803
2894.986816	0.566168
2896.783936	0.653032
2898.293213	0.0416565
2905.501221	0.264645
2910.751953	0.160484
2911.978271	0.106579
2912.749512	0.0367177
2914.043701	0.0636141
2915.017334	0.0393354
2915.697021	0.00320815
2923.048584	0.62339
2924.408691	0.144854
2925.333252	0.11554
2926.232422	0.0723293
2927.483643	0.504908
2935.004883	4.7325
2939.704834	5.54846
2942.807617	8.40212
2943.772705	3.57265
2946.366943	1.37188
2949.981934	1.427
2956.460449	6.35645
2959.896729	0.214999
2964.622070	3.07161
2972.030518	0.495785
2973.823242	1.01366
2976.231934	1.06339
2977.359131	0.0208947
2977.989014	0.170847
2993.892090	9.46065
2999.070801	0.895815
3001.051025	0.751047
3002.340088	0.490342
3002.891602	0.141544
3004.384277	0.160371
3005.496582	0.0609812
3028.318115	25.2994
3046.410889	31.0623
3047.938232	2.56914
3049.844971	74.4291
3063.405762	67.0057
3064.948242	11.9438
3065.752197	0.710521
3066.701660	63.8249
3072.807617	0.653696
3074.138916	9.60911
3078.474609	0.0649171
3081.715820	21.265
3082.584961	5.4724
3084.238281	37.2677
3089.878418	12.1531
3098.097656	2.42282
3110.778320	26.9528
3120.895996	4.60319
3125.750244	0.296416
3127.392578	0.142741
3132.484131	7.6813
3138.021973	0.789887
3145.336670	12.8002
3152.564697	2.06065
3154.234375	1.7739
3155.911133	0.464155
3158.562744	10.0086
3161.813965	3.02001
3163.705566	5.35274
3165.138428	6.66552
3171.754395	0.466949
3173.624023	0.131204
3174.737305	1.60022
3176.783936	3.69402
3178.570313	1.67916
3180.881592	2.73832
3183.080322	1.12827
3185.124268	0.69718
3186.696289	0.413486
3189.209229	7.88684
3210.431396	0.567392
3212.417236	1.55168
3214.886719	10.9224
3228.940674	50.3921
3232.458252	6.79222
3234.432129	161.796
3251.284668	574.862
3265.165039	71.9641
3268.763184	58.3539
3271.697754	38.4819
3281.522217	34.3047
3294.797852	0.0838937
3298.396973	2.76299
3299.596680	0.0998407
3301.175293	0.125122
3302.238281	0.11492
3303.282227	0.0787839
3304.855957	2.02305
3312.567139	1.40038
3315.573975	1.29942
3317.201904	2.50323
3318.952148	0.889317
3322.067627	2.94456
3325.187744	0.379389
3326.554443	0.815614
3329.007080	0.869513
3329.738281	1.2331
3331.051025	3.09201
3331.960449	0.0418632
3332.902344	1.27634
3335.270020	7.55971
3350.021484	5.40356
3357.383057	0.246786
3358.540771	0.273404
3360.769775	0.580409
3362.686523	1.79031
3370.752930	6.24096
3374.988770	9.90111
3379.515869	16.2217
3384.633057	9.14838
3390.708008	3.53973
3392.894043	2.63783
3394.209473	13.2282
3399.104980	0.644673
3400.117920	0.668342
3401.320313	0.268278
3402.365234	0.12325
3404.102051	4.31731
3409.653076	1.48211
3411.628906	0.3206
3413.822266	0.637311
3415.867676	0.183303
3424.917725	0.494159
3427.083984	0.134969
3428.363525	0.355142
3429.819336	0.586104
3431.662354	6.02875
3434.894287	1.56408
3436.347900	1.44609
3438.619629	0.410491
3440.291504	0.113109
3443.081543	0.0522569
3445.362793	0.000999251
3448.782715	0.323125
3457.984375	0.020731
3458.827148	0.0309829
3459.565430	0.0269223
3460.132324	0.00610855
3461.242676	0.0162246
3462.052246	0.0126024
3464.309570	1.09852
3483.375977	0.394171
3489.892822	0.0664171
3491.560059	0.128927
3492.632568	0.118217
3493.832764	0.055828
3494.856934	0.0765943
3495.835205	0.0584165
3496.644775	0.0411143
3498.080322	0.031245
3499.134766	0.116235
3501.781982	1.0542
3505.774658	0.144251
3507.035400	0.100856
3507.909180	0.029515
3509.273926	0.0685865
3510.381348	0.0321257
3511.281738	0.0498593
3513.841553	0.0849822
3515.256348	0.0474151
3516.121582	0.0189861
3517.454346	0.0341947
3518.628174	0.0172785
3520.617432	0.281242
3524.234863	0.251502
3527.126465	2.03122
3529.342285	1.49316
3531.201172	0.336949
3533.237305	0.354383
3534.118408	0.0242314
3537.059814	0.0321483
3540.203857	0.0181295
3548.029053	1.36985
3561.736328	4.65973
3569.569336	4.0635
3573.931396	1.34372
3576.192871	0.760934
3578.048096	0.785351
3579.787598	0.193114
3580.305176	0.135351
3581.861328	0.285225
3583.313232	0.0648298
3595.647705	1.81482
3613.277588	0.19825
3616.348633	2.25331
3618.740234	1.55281
3620.738770	0.534714
3622.632568	0.460869
3624.381348	0.759019
3632.460938	0.161167
3634.041260	0.538262
3635.164307	0.467678
3636.442627	2.02576
3639.533203	0.657187
3640.199707	0.864092
3649.406006	3.74887
3659.746338	0.322752
3665.790771	0.362401
3667.835449	0.378629
3670.323486	0.555191
3672.040039	0.62131
3673.415283	0.315546
3674.257324	0.131331
3675.743164	0.145748
3676.847900	0.110801
3678.498535	0.593305
3681.972412	0.413015
3683.942139	0.643819
3685.774902	0.115724
3688.641846	0.431826
3692.206787	0.154464
3701.234619	2.81794
3709.427246	0.287437
3711.689941	0.121364
3712.814453	0.435742
3715.141357	0.445019
3717.104492	0.187809
3719.073486	0.169585
3720.770508	0.0370765
3724.089355	0.0420932
3725.781738	0.0684021
3726.865479	0.0392529
3727.955322	0.0200494
3729.367676	0.0244085
3737.565674	0.973448
3739.025879	1.2672
3741.449463	1.80248
3743.381104	0.911274
3746.177979	1.12662
3747.802979	0.18363
3749.506836	0.0191449
3750.197021	0.0598932
3751.170410	0.0840889
3752.971680	0.679917
3763.767578	0.0289631
3765.225342	0.0731642
3766.567627	0.0584446
3767.481201	0.0186811
3768.929199	0.0295144
3770.054932	0.01889
3770.883789	0.00226146
3771.787354	0.00147709
3775.895020	0.00912924
3777.647949	0.0661752
3778.990234	0.0648701
3779.974854	0.037724
3781.496582	0.250529
3782.859375	0.247888
3783.899170	0.337171
3786.832275	1.06714
3788.740967	0.851557
3790.719238	0.937316
3792.527832	0.311023
3793.974609	0.179385
3795.009277	0.11722
3795.795410	0.0177819
3797.474609	2.40933
3800.512695	2.64304
3802.203613	0.70073
3804.904785	0.848228
3807.889648	3.61167
3835.047363	0.0800454
3836.827637	0.124609
3837.917969	0.0835322
3839.046387	0.0381004
3840.437256	0.0433652
3841.437744	0.0181825
3845.031982	2.55724
3850.906494	3.11423
3853.425781	1.59463
3855.146240	1.24368
3858.019775	3.01835
3862.041992	0.562172
3864.767090	3.07829
3866.174316	1.39809
3868.071045	0.080826
3868.584229	0.0716758
3872.205078	1.53917
3877.046387	2.50512
3880.343994	0.849813
3882.028320	0.477521
3884.245605	0.259067
3886.628174	0.207247
3891.973389	0.161484
3894.499268	0.681571
3896.682617	0.5495
3897.498779	0.0493264
3899.137695	0.909264
3900.940918	0.31431
3903.169189	0.189766
3906.528076	0.36785
3908.949219	0.344607
3910.975342	0.898729
3922.455322	0.460387
3932.463867	0.281603
3935.922363	0.338773
3937.999756	0.158057
3940.187744	0.0670318
3942.009277	0.0380071
3950.184570	1.19042
3951.873291	0.156181
3953.022705	0.122038
3953.806152	0.0817877
3955.907715	4.75934
3958.121582	3.53182
3960.326904	1.46763
3962.354248	2.04491
3964.750244	2.87067
3969.400635	1.6177
3972.112061	2.73395
3974.079346	9.21731
3979.431885	7.55545
3983.326416	0.968861
3984.914063	0.0238184
3987.039795	0.202684
3990.826660	0.0739286
3992.510986	0.153789
3993.614014	0.0986907
3994.647217	0.105859
3996.131348	0.0418989
3999.146973	0.7969
4000.446777	0.202664
4001.591797	1.12394
4004.425293	1.11103
4006.046875	1.52461
4006.923096	0.333532
4008.352539	0.362234
4009.691406	0.310638
4011.005615	1.47939
4018.056885	2.23365
4019.462402	0.351107
4020.377686	0.104298
4022.023682	0.138142
4023.127930	0.153141
4024.402100	1.48092
4032.815186	0.858764
4033.986572	0.375886
4035.330078	0.166194
4036.535400	0.120838
4038.280029	0.478717
4039.362061	0.225565
4040.521240	0.188768
4042.473633	8.50058
4049.717773	1.62596
4052.116943	3.2724
4054.241943	1.40549
4055.851807	0.697187
4056.398926	0.0585047
4057.314453	1.02606
4058.518555	1.70812
4061.072998	0.243077
4062.181152	0.0227982
4067.036377	3.1398
4068.281494	0.321879
4069.136963	0.215249
4070.819336	1.89592
4074.217285	0.176789
4075.973145	0.169297
4078.662354	8.06678
4085.841797	5.74305
4092.204834	0.571999
4095.005371	0.039709
4096.234863	0.00319157
4097.757813	2.461
4099.238281	1.74436
4100.343750	0.249234
4101.752930	0.43208
4102.893555	0.603615
4104.008301	0.923018
4104.955078	0.459366
4106.495605	0.27441
4107.575195	0.055382
4110.558105	2.79476
4115.044922	1.71311
4118.922363	0.239178
4125.818359	0.807869
4132.898926	3.8313
4137.010254	1.98963
4138.566895	0.495777
4141.140137	0.917286
4142.681641	0.0631691
4145.363770	0.121202
4146.249023	0.00631127
4149.183594	0.0438095
4151.319336	0.152232
4152.769043	0.107225
4153.726563	0.0358591
4155.220703	0.0656536
4156.410645	0.0322846
4157.958496	0.472895
4168.958984	0.109404
4175.369629	0.750986
4180.595215	0.931577
4184.537598	0.196219
4187.234375	0.255765
4188.932617	0.0750486
4189.985352	0.265405
4191.785156	0.541656
4193.936523	0.336703
4195.858398	0.16124
4198.035645	1.41566
4205.493652	14.0582
4215.827148	56.3929
4221.139160	20.585
4234.977051	244.744
4240.588867	0.00976537
4241.943848	3.24165
4245.684082	0.08103
4246.964355	0.811437
4249.574219	1.03618
4251.840820	4.9323
4262.286133	6.50393
4264.717773	1.43376
4265.929688	1.01207
4268.308594	9.68745
4285.939941	0.156877
4288.556641	0.124234
4290.041016	0.380711
4291.283203	0.327516
4293.795410	0.753729
4294.958984	0.304336
4297.864746	9.80955
4303.263672	9.17059
4307.882813	3.73064
4313.706543	12.315
4319.462891	0.422082
4322.162109	2.01943
4324.786621	2.2934
4326.663574	1.36424
4329.165039	1.48323
4330.377441	1.13309
4331.097168	0.00855487
4331.767090	0.304353
4333.002930	0.401864
4333.976563	0.592949
4336.845703	0.456326
4338.205566	0.217003
4339.166016	0.174858
4343.655762	5.90862
4346.167480	1.71791
4348.303711	1.79908
4350.570313	3.01859
4352.371094	8.23835
4354.412598	3.78016
4356.083008	11.2082
4359.522461	0.0707925
4364.026367	3.7428
4365.754395	4.91464
4368.506348	7.85472
4369.604492	2.35677
4370.417969	5.15558
4372.091797	0.632745
4373.706055	29.2633
4380.793457	1.66304
4385.278320	69.7518
4387.009766	2.98103
4389.690430	7.5561
4390.976563	13.2442
4393.333496	14.7625
4395.901855	4.2965
4397.617188	5.90732
4399.745117	0.32381
4401.380859	0.222214
4404.051270	11.9799
4405.797363	1.0136
4407.643066	18.3265
4411.360352	2.96232
4412.227539	0.213185
4413.605957	0.42034
4415.494629	11.01
4420.194824	2.28652
4422.357910	3.76133
4424.948242	1.3348
4427.551270	1.95903
4430.686035	3.09353
4432.708496	2.92076
4434.326172	3.38174
4438.212891	6.86626
4439.281738	5.53278
4441.207031	86.1094
4446.662598	3.79969
4448.235352	8.6776
4449.903809	44.557
4458.622070	33.2705
4465.413574	46.8184
4467.004883	3.28343
4467.903809	1.47891
4470.128418	135.547
4484.140625	46.2257
4486.261719	94.9583
4494.800781	21.8822
4497.221191	0.101006
4499.751953	7.44239
4503.354492	0.811437
4505.445801	8.67595
4507.815918	7.53195
4509.726074	3.47801
4511.830566	2.47275
4517.972656	20.2164
4522.109863	19.1499
4525.709961	3.09917
4527.706055	1.59256
4530.137695	2.18115
4531.787598	26.2158
4537.786133	67.8762
4542.321289	2.23196
4547.615723	24.1194
4549.399414	21.4051
4556.960449	6.72106
4558.822754	1.02977
4562.694824	8.14122
4566.632813	10.0925
4570.075195	6.32992
4572.130859	2.62001
4574.624512	3.06685
4576.436523	0.612012
4577.381348	2.72231
4583.077148	26.9532
4585.865723	4.53836
4586.998047	0.580468
4587.992188	3.78512
4589.556152	0.257022
4590.661621	0.384635
4591.812988	0.804235
4592.856934	3.8547
4596.575195	0.398486
4597.510742	0.252179
4599.620605	8.22508
4604.021973	1.58159
4606.441895	0.339531
4611.505371	106.175
4617.898438	32.0775
4621.808105	10.4595
4632.693359	233.882
4638.264648	4.42658
4640.822266	20.43
4642.405762	79.1862
4649.260254	25.3182
4660.362793	53.6387
4663.179688	4.40387
4664.652832	15.0396
4669.377441	2.55063
4671.412598	1.21795
4673.112305	5.85612
4675.404785	0.578034
4676.991699	4.17013
4678.162598	12.8775
4681.037109	10.6624
4682.420410	8.18724
4685.319336	8.95014
4690.124023	10.7668
4694.884766	1.78036
4699.259277	1.13765
4700.971191	0.492161
4703.540527	0.243639
4704.806152	0.162155
4712.072266	10.8041
4713.522949	1.24113
4714.991699	0.77117
4716.194336	0.536047
4717.762695	1.0189
4719.121582	0.691198
4720.011230	0.816027
4721.848633	2.0457
4725.562988	1.38924
4727.752441	1.27597
4730.389648	2.12199
4732.242676	12.3643
4738.655273	7.31233
4741.184082	1.47302
4742.589844	0.794868
4743.601074	0.770534
4748.590820	18.4113
4752.440430	3.88159
4754.170898	2.08827
4756.471191	0.121831
4757.656738	0.413518
4759.958984	9.52724
4766.917480	6.87911
4768.196777	6.15088
4773.486328	1.81859
4775.691895	3.74736
4778.734375	3.66072
4780.744141	1.3672
4782.915527	2.21177
4786.680176	0.203095
4789.016602	2.62527
4790.531250	0.728335
4793.373535	0.12903
4796.558594	1.6987
4799.837402	1.45479
4801.360352	1.16199
4802.442871	0.244062
4804.072266	0.458952
4805.305176	0.210495
4807.086426	3.3978
4809.903809	2.49179
4812.064453	0.793763
4816.308105	15.6744
4821.409668	18.3572
4823.823730	0.17796
4825.945313	47.1888
4838.635742	153.783
4842.453613	1.32133
4844.067383	78.1859
4855.020508	57.5636
4858.756836	0.423479
4860.853027	8.31599
4866.055664	1.823
4871.517578	0.625875
4876.517090	0.0472434
4881.787109	1.826
4888.213867	0.635956
4889.512207	0.191943
4890.525391	0.261248
4892.400879	0.382295
4893.434082	0.0827614
4894.501465	0.0814397
4902.440918	1.41978
4903.866699	0.500639
4905.346680	0.553467
4906.547363	0.0158768
4907.862305	0.507507
4915.433105	8.30956
4916.506348	9.10117
4923.785645	6.44391
4932.056152	0.0488206
4933.135742	0.145166
4936.411621	0.402754
4938.066406	5.16204
4943.160156	1.00807
4946.735352	6.14035
4957.526855	2.79787
4958.636230	0.678883
4959.524902	2.93808
4962.355469	0.0104339
4964.115234	3.35164
4973.771484	33.9919
4975.042969	3.18436
4977.952148	53.7163
4992.312988	14.2857
4995.383301	3.77085
4997.029297	1.84901
4999.811035	0.774924
5001.927246	0.382491
5003.206543	0.236197
5004.774902	0.320589
5005.981445	0.606364
5011.353027	0.829206
5018.199219	7.79566
5022.117676	2.1477
5023.594238	3.84509
5027.346680	4.98949
5031.945313	3.48687
5036.187012	0.445873
5039.268555	5.16411
5045.769043	3.51397
5048.935547	0.644019
5053.687012	4.67651
5058.998535	3.36122
5060.571289	0.981508
5063.596680	0.771576
5065.438477	0.59376
5067.458008	0.749373
5069.433105	1.6617
5070.204102	0.0733995
5071.816895	0.531972
5076.631348	5.87085
5079.033691	3.53756
5080.875977	2.94573
5084.537109	14.7252
5086.958984	1.74435
5089.185059	24.3523
5091.860352	22.1281
5101.435059	106.255
5103.712891	12.8772
5104.869629	1.36924
5106.944824	26.7953
5109.353516	128.814
5122.348633	40.4225
5124.381348	18.454
5129.014648	0.964629
5131.434082	2.12183
5139.845703	37.5847
5146.270508	13.852
5150.519043	1.59085
5152.029297	10.4115
5158.178711	34.0295
5160.231934	9.89653
5162.825195	1.47024
5165.582520	0.727352
5168.420898	3.6596
5170.257324	1.20968
5172.677246	0.273612
5175.737793	7.98903
5178.377930	0.446314
5179.701660	0.111053
5181.111328	0.956881
5182.936523	0.905487
5184.706543	0.0603339
5185.727051	0.2431
5187.325684	0.174731
5188.777832	0.0526316
5194.571777	2.52856
5195.932129	0.184081
5196.796387	0.353491
5200.437988	0.404307
5201.970703	1.66835
5204.969238	4.90003
5206.922363	0.861054
5211.637695	16.9386
5216.778809	14.7722
5222.144043	4.56318
5224.521484	3.65946
5226.633789	4.63884
5229.099121	1.53158
5231.448730	2.11538
5234.337402	0.494603
5237.838867	63.3813
5252.795410	44.7495
5259.496094	26.4857
5265.645996	8.77925
5267.863770	7.47564
5271.802246	0.896086
5272.867676	0.16913
5273.507324	0.8033
5275.156250	3.39851
5279.657715	8.53137
5284.199707	12.9458
5289.418457	23.7532
5292.994141	16.8184
5298.803223	7.69349
5304.196777	15.7491
5308.428711	63.2603
5310.083984	2.73832
5310.882324	0.519956
5313.198242	166.893
5319.653320	4.11733
5320.809570	0.874007
5321.909180	15.4609
5326.203125	1.96527
5327.986816	0.0508906
5329.086426	8.12449
5333.574219	0.240464
5340.722168	50.8622
5348.211914	52.6527
5349.872559	0.236616
5351.867676	55.4077
5357.926758	2.27995
5359.875977	1.29782
5361.016602	1.12827
5366.724121	115.68
5368.367676	128.374
5376.055176	26.245
5379.366699	3.20774
5384.644043	261.268
5390.537598	0.390372
5393.082031	44.6344
5399.423340	14.6903
5403.397949	46.6741
5411.140137	26.2164
5413.235352	4.61808
5416.015625	4.24426
5417.798340	7.12686
5422.876465	24.5459
5427.462402	8.51773
5429.626465	5.1117
5430.787598	1.03831
5432.214355	2.83542
5433.760742	0.369794
5435.028809	1.6649
5438.180176	0.0528763
5447.988281	77.1374
5452.959961	2.42499
5454.979980	3.53648
5457.532715	8.93327
5460.676758	19.1507
5462.076172	0.686593
5462.815430	5.00414
5466.240234	10.344
5467.756836	29.2479
5472.520020	19.6796
5474.617188	5.57924
5476.947266	5.53344
5477.963379	2.06593
5479.687500	8.81737
5481.684082	19.293
5490.483887	68.2775
5497.312012	43.5765
5499.251465	5.54032
5503.752441	15.6221
5508.109863	48.8273
5511.194336	7.30596
5513.503906	0.628077
5514.883789	1.99488
5515.929199	6.5665
5518.644043	0.457385
5521.478027	2.69278
5523.777832	22.2955
5533.125977	17.175
5534.547852	7.02665
5542.873535	14.5526
5546.095215	4.52361
5549.301270	7.86594
5551.785156	36.0769
5559.981445	9.98312
5562.230469	1.87401
5563.839844	0.143845
5564.690430	0.476133
5566.709473	1.63396
5568.643555	2.92381
5571.663574	4.14342
5575.143066	19.6444
5580.433105	20.4951
5582.493652	0.477673
5583.514160	0.205251
5585.273926	19.6063
5596.369141	11.4364
5600.644043	7.95275
5602.169434	2.31632
5603.523438	0.75154
5604.934082	5.10696
5609.398438	6.53535
5612.587891	2.39628
5614.669434	11.0917
5617.074219	2.52047
5618.721680	0.315828
5620.672852	3.85088
5622.775391	1.46233
5625.880371	2.09746
5629.799316	0.170387
5631.140137	0.919193
5634.490234	2.66678
5636.746094	3.45714
5639.050781	0.409895
5639.953125	1.02399
5642.183105	22.5851
5649.456055	13.8709
5652.866699	0.533238
5654.456543	1.33228
5655.959473	0.628727
5657.749512	0.167208
5658.998535	0.278719
5660.102539	0.306828
5662.808105	2.28515
5665.678711	0.668649
5667.283691	0.969055
5669.358887	0.879933
5672.301758	2.32253
5674.057129	8.90844
5681.374512	21.5116
5689.075684	22.9482
5694.819336	0.683749
5696.919434	9.85671
5699.108887	1.81369
5700.821289	0.143739
5702.290527	0.430708
5703.694336	0.301058
5705.392090	0.876922
5706.789551	0.975189
5709.909668	5.77701
5713.057129	13.081
5714.080566	1.64015
5715.291992	33.7752
5724.937012	0.126552
5726.367188	3.41994
5729.667480	4.55764
5730.484863	0.118712
5731.784180	2.7014
5734.180176	1.76154
5740.105957	4.57453
5741.740723	0.612254
5743.225098	0.581412
5744.604980	0.0397241
5746.052734	0.501211
5748.091797	0.933362
5750.348145	0.180148
5755.430176	0.671764
5757.068848	0.188367
5759.667480	6.75751
5771.760742	9.27469
5776.394043	0.470906
5777.609375	1.42428
5780.830566	0.143463
5783.397949	21.0539
5788.617188	3.7424
5790.611328	5.70312
5794.417969	0.402065
5796.342285	3.65934
5800.903809	0.0931856
5802.318848	0.361796
5804.158691	1.51411
5805.887695	1.73865
5809.475586	1.29713
5812.715332	2.55714
5814.341797	0.224242
5817.071289	1.39116
5820.877441	10.18
5823.236328	2.99526
5825.575195	3.96064
5828.006348	2.0056
5830.196289	21.2919
5843.972168	20.2591
5847.113281	1.31434
5856.744141	8.13166
5861.851074	8.60115
5863.743164	1.40068
5866.343750	2.12816
5868.304199	4.67628
5870.660645	1.04529
5873.329102	0.793233
5877.665527	24.2165
5895.137207	7.40094
5899.992188	1.39273
5902.393066	1.06753
5908.253906	19.1433
5910.436523	6.33942
5913.719238	3.30926
5915.663086	4.20327
5918.354004	4.61192
5924.893066	2.17564
5927.278809	3.77694
5929.562500	2.28906
5931.666016	2.27588
5934.011719	8.78877
5936.083984	1.83919
5938.464844	2.29631
5940.287598	3.61098
5943.113281	95.5857
5959.104004	75.3324
5961.119629	35.1263
5965.681641	48.4607
5976.126953	21.228
5978.267090	3.40776
5983.035156	0.614903
5985.843750	1.75944
5988.085938	4.8034
5992.447754	21.6426
5996.314941	8.40369
5998.205078	2.97055
5999.059082	1.18339
6000.819336	0.377211
6002.401367	1.90108
6004.682617	1.917
6006.998047	0.893381
6009.974609	32.836
6019.451172	6.82972
6020.284668	0.483889
6022.517090	2.40014
6024.692871	1.36811
6027.789063	24.0424
6040.493652	35.6061
6049.174316	3.77295
6055.605957	9.58293
6058.961426	1.08625
6061.487305	0.473884
6065.434082	5.81655
6067.798828	4.18867
6070.365723	1.84635
6072.559570	0.302429
6077.810547	19.4173
6084.582520	12.7042
6088.351074	3.48439
6093.864746	9.93701
6098.007813	2.0614
6099.141113	1.62069
6100.990234	0.996534
6102.307617	0.0765221
6103.978027	0.636071
6105.862305	0.346971
6107.455566	0.147506
6108.932617	0.0634279
6110.123047	0.0417347
6111.931152	0.119489
6114.376953	2.71018
6117.638672	1.15569
6120.846680	7.69881
6123.495117	0.513398
6127.402344	33.8003
6134.759766	26.7911
6140.039063	12.7956
6142.467285	0.670572
6143.792969	0.618472
6145.217285	5.10634
6150.634766	9.57888
6153.235352	1.15714
6156.202148	11.33
6159.866699	0.992118
6161.810547	0.129503
6164.538086	0.558607
6166.439941	0.545631
6169.487793	6.03209
6173.654785	12.8043
6180.972168	33.3042
6188.091309	22.9444
6192.286621	0.997993
6195.223145	0.996483
6197.939941	0.442558
6203.121582	10.5153
6207.711426	7.93053
6209.816406	2.96314
6212.719727	1.87948
6215.005371	0.525034
6224.118652	17.5338
6231.281738	0.969315
6236.041504	6.87504
6241.690430	11.286
6248.266113	21.6194
6257.221191	8.59495
6263.105469	5.97493
6266.188477	0.283563
6267.403320	0.151368
6269.641602	1.55098
6277.781250	3.58578
6285.613770	25.9741
6291.945313	31.9091
6296.492676	1.41977
6300.015137	4.84048
6306.322754	19.2874
6309.978027	2.0965
6317.591797	17.6548
6328.110352	3.42962
6333.793945	31.7302
6338.269531	14.3892
6352.655762	12.7048
6357.856445	0.164755
6360.780273	1.97989
6363.882813	0.599582
6366.118652	0.558411
6368.958496	0.230528
6373.682617	1.80049
6375.687500	0.106276
6377.530273	0.700076
6380.112305	0.646774
6387.229492	7.16247
6393.281250	4.35596
6395.187500	0.476634
6398.514648	1.03808
6401.334961	0.785668
6403.834473	0.0738853
6407.077148	0.793473
6409.202637	1.2387
6410.719727	0.395595
6412.200195	1.09702
6414.424805	11.4077
6423.575195	4.39634
6426.365723	3.26681
6427.630371	0.706532
6429.316406	0.803595
6430.947266	0.356813
6432.221680	0.68972
6437.258301	0.577491
6444.936035	16.2964
6453.170410	0.735132
6455.696289	3.71381
6458.470703	0.175207
6462.886719	8.91784
6469.226563	0.543593
6471.518066	1.53586
6474.121582	12.2972
6485.898438	45.1246
6493.751953	10.9943
6495.875000	3.67037
6498.782227	2.82578
6500.855957	0.892044
6503.737305	30.2496
6516.138672	8.58829
6524.447754	12.2804
6531.819824	2.99039
6536.942383	10.3815
6539.641602	0.987292
6542.219727	5.38121
6546.894043	0.190674
6548.958496	7.96914
6550.977539	3.81046
6553.908203	11.9465
6559.239746	0.775084
6561.098633	1.72709
6567.608887	18.1726
6570.122559	0.776553
6572.914063	13.9774
6581.366699	14.8395
6584.900391	48.5021
6594.511230	27.399
6601.987305	20.2639
6609.232422	7.07725
6611.577637	2.78063
6614.727539	4.77799
6616.488281	11.6633
6622.161621	16.09
6624.815918	5.15467
6626.997070	7.97089
6631.188965	1.3386
6635.301270	16.3781
6636.864746	1.08558
6638.423340	0.54861
6640.335938	0.219929
6641.979004	11.4923
6652.491699	0.573159
6658.305664	44.7633
6663.936523	6.43211
6665.727051	2.23823
6667.859863	3.20388
6668.811035	2.874
6672.489258	4.57101
6675.167480	8.97843
6678.815918	4.77861
6681.450684	5.61657
6686.288086	33.6768
6691.810547	4.29595
6694.240723	4.42758
6696.057617	3.76469
6697.358398	13.4875
6701.631836	1.38356
6704.314941	7.43197
6707.046875	0.985372
6708.950195	1.28768
6710.770996	4.17705
6712.037109	13.8881
6716.902344	6.66942
6719.159180	1.96207
6722.432617	13.2979
6724.593750	3.1549
6727.453125	4.65561
6732.880859	0.109573
6734.689453	2.01
6736.284180	6.97823
6739.484375	0.284727
6742.378906	4.63064
6744.249512	0.373407
6747.357910	1.15486
6749.493652	0.329767
6753.384277	11.0952
6760.788086	4.47451
6763.571777	10.7142
6765.597656	13.0528
6773.307129	17.4381
6780.035156	9.0434
6783.840820	19.8826
6786.058105	21.2706
6793.056641	38.7329
6798.967773	4.25464
6804.496582	105.44
6810.458984	25.631
6815.623535	1.59912
6822.680664	57.5038
6824.297363	9.35077
6826.842285	57.5673
6842.112305	30.6563
6845.263672	16.3778
6850.197266	5.79636
6852.324707	2.72253
6855.251953	0.873952
6858.516113	4.77165
6859.777344	4.00871
6862.857422	15.298
6864.638672	16.4826
6867.634277	0.147933
6872.558105	39.8938
6879.972656	1.02136
6881.642578	2.544
6886.989746	88.9881
6891.668945	6.13641
6894.346191	2.83353
6897.507324	7.21832
6899.140137	5.73523
6902.411133	0.136988
6904.494141	1.22931
6906.420898	18.7872
6912.820313	1.29991
6914.943359	0.924223
6916.872559	13.0445
6923.940430	29.7029
6932.949219	6.48357
6937.407715	2.64717
6939.964844	1.77671
6942.635254	0.725298
6945.609375	2.94753
6947.439453	1.31679
6950.128906	0.420613
6952.049805	1.64747
6954.209961	7.15942
6956.125977	15.8157
6961.668457	8.37812
6963.104004	4.62368
6968.298828	3.70703
6969.880371	0.969021
6974.170410	3.26575
6983.500000	6.9428
6984.952637	0.982029
6986.384277	1.57487
6988.164063	21.1916
6994.979980	55.4249
7003.143555	37.1737
7008.890625	11.7307
7013.662109	5.71443
7015.025391	10.8121
7020.265137	10.7018
7022.706543	4.94697
7025.423340	3.30953
7027.742188	15.4833
7032.254883	2.13603
7036.148926	3.15579
7039.105957	8.68346
7042.475098	5.92555
7046.821777	3.0466
7048.272461	1.29781
7050.322754	1.33677
7053.011719	1.67489
7057.251953	19.2255
7063.775879	0.539346
7065.583008	1.34495
7070.363770	19.9985
7074.181641	20.092
7076.206543	4.5391
7079.395508	26.0475
7085.221191	2.02644
7088.455078	25.9506
7090.277344	17.6224
7094.481934	1.29556
7097.232910	19.842
7102.224609	3.48771
7104.985352	2.9896
7107.470215	8.74592
7112.899414	4.44901
7116.239258	1.5946
7118.493652	4.08624
7121.406250	3.86465
7123.669922	2.54192
7126.026367	5.19015
7127.901855	13.169
7130.977051	0.521397
7133.021973	2.45231
7134.812012	2.65783
7137.158691	5.81842
7139.890625	6.94054
7145.294434	11.0034
7152.159180	16.2061
7158.328125	20.0761
7163.090820	11.8922
7165.067871	3.66311
7168.702148	3.39559
7171.235352	1.63789
7174.375000	2.24749
7178.047363	7.1773
7184.197266	2.85399
7185.666016	3.95406
7187.863281	2.38016
7189.064453	0.200504
7190.907227	1.66128
7193.303223	1.94469
7195.663086	1.90904
7201.423340	2.58683
7203.995117	9.86657
7205.901367	6.51299
7208.708008	16.1506
7210.367676	22.0534
7213.513672	0.293097
7227.505371	333.355
7245.272949	98.7994
7250.359863	31.8359
7256.709961	8.40274
7259.720703	42.5566
7272.068359	41.3515
7273.948730	0.604033
7275.340820	1.6572
7277.509766	0.452413
7280.081543	23.9569
7282.383789	3.83481
7286.159668	7.79912
7288.052246	18.0224
7293.556641	15.1138
7304.936523	434.587
7318.131348	0.0789596
7328.845703	116.641
7339.080566	54.4716
7340.931152	25.4412
7345.602539	5.6046
7348.111816	6.52408
7350.873535	2.53932
7354.330078	36.8109
7367.559082	4.45297
7370.684570	11.0145
7373.973145	3.43068
7375.514648	9.49067
7381.584473	10.767
7384.354492	5.02444
7387.013184	2.84965
7388.977051	2.74672
7391.994141	0.747943
7394.268066	3.04903
7397.443359	6.445
7399.975098	3.47352
7402.529297	1.57137
7405.151855	1.00192
7408.072754	5.62526
7410.939941	0.955266
7418.647949	24.5772
7421.418457	12.2538
7423.929688	13.9262
7427.262695	25.0649
7433.386230	11.7219
7439.543945	14.0389
7444.734863	7.37206
7446.493164	2.78287
7449.316406	15.0154
7462.853516	56.6236
7464.492676	2.75105
7466.353027	22.9637
7469.796875	33.4723
7480.113770	96.7941
7487.392090	13.4353
7490.439453	21.7052
7492.693848	10.7913
7495.330078	35.3294
7500.145996	2.55238
7502.982910	4.61705
7506.017578	5.87777
7509.908691	39.4865
7512.059082	87.9359
7518.700195	0.757098
7521.544922	2.63823
7524.024902	4.99251
7529.384277	14.98
7531.429688	3.27452
7533.072266	47.3958
7541.940430	61.0403
7551.408203	22.7961
7553.329590	2.03912
7556.654297	6.03029
7559.525879	4.72827
7561.765625	3.79796
7564.657715	13.4537
7568.336426	34.7087
7573.995117	10.3943
7577.778809	1.33987
7580.281250	1.43434
7583.375977	0.958963
7585.237793	0.288612
7586.678223	1.33375
7588.625977	7.49728
7592.922363	0.808622
7595.783691	15.643
7599.939941	1.39799
7602.392090	12.2465
7605.090820	8.43062
7606.175781	1.43186
7607.866699	17.0615
7611.608887	5.79875
7613.218262	13.4801
7616.709473	1.14061
7621.539063	37.0106
7625.637695	0.759389
7628.922363	3.62113
7633.161133	12.6267
7637.206543	6.24747
7639.966797	2.39781
7642.681641	17.0452
7645.345215	5.0193
7650.333008	41.6486
7654.844238	12.4825
7656.987793	27.0879
7662.771484	37.9229
7666.108887	4.64315
7668.898438	4.62858
7672.174316	5.40843
7674.275391	0.526131
7676.145020	5.1221
7682.994629	14.8481
7687.867676	11.8228
7690.148926	6.39829
7692.859863	0.807422
7700.597168	34.0625
7706.432617	14.8852
7709.022461	4.31662
7711.488281	18.6437
7715.529785	8.07633
7717.987793	17.9682
7721.463867	8.46941
7722.870117	11.536
7726.100586	2.26682
7728.248535	6.49276
7730.872559	2.81584
7733.193359	14.9277
7738.603516	1.86159
7741.571289	32.1193
7744.992188	2.62634
7748.009766	21.0052
7751.112305	17.3703
7753.880371	21.2245
7755.603516	2.84964
7757.134766	25.6611
7762.452637	37.5437
7765.789063	22.0935
7767.161133	71.0872
7771.925293	41.9296
7773.958496	60.8512
7783.027344	438.11
7794.519043	171.544
7800.419922	155.064
7805.969238	27.2852
7811.611816	58.051
7813.430176	6.14919
7817.180664	137.656
7818.740234	210.037
7827.629883	240.21
7831.783203	11.2821
7833.208008	12.619
7836.239746	34.5412
7843.472656	397.435
7845.370117	218.24
7848.756836	47.9759
7852.362305	261.832
7863.237305	3099.36
7873.842285	1.96617
7880.554199	3301.69
7897.832520	2892.52
7915.634277	1810.56
7932.051758	787.77
7938.044922	20.5667
7941.833008	35.3908
7943.061035	1.80953
7944.525391	21.3181
7947.955078	1.74286
7950.031738	26.7435
7953.380371	16.3479
7956.090332	20.1735
7958.910156	46.7687
7962.326172	9.01926
7965.623535	47.2219
7969.256836	7.59419
7972.630859	10.975
7977.774902	94.7472
7980.366699	154.924
7988.411133	4.33434
7993.604980	84.097
7995.329590	81.4086
8001.838867	115.797
8009.870605	59.5592
8013.094238	6.92325
8015.072754	1.95047
8016.531738	5.49276
8018.433594	5.11639
8020.089844	2.35853
8021.742676	17.9802
8027.235352	43.287
8032.552734	47.9484
8037.819336	9.18682
8042.543457	9.93539
8044.378418	16.2702
8049.105469	22.9945
8054.835449	34.0366
8057.636230	0.686894
8059.840332	22.6499
8062.961914	4.65982
8066.255859	19.6683
8068.454102	27.6634
8074.458496	20.6471
8077.404785	14.8909
8079.276367	33.8576
8086.488281	40.0658
8090.252441	15.1133
8092.068359	0.9312
8094.321777	29.5651
8098.583008	4.27302
8100.656250	12.0642
8103.539063	8.13599
8106.080078	23.051
8110.223145	6.92832
8113.017090	4.97137
8116.599609	1.21044
8122.377441	19.4085
8127.436523	94.6802
8132.984375	48.6564
8134.553711	65.8869
8140.641602	4.13303
8146.114258	203.369
8156.554688	13.6363
8161.609863	4.78582
8164.355957	5.5283
8167.636230	15.6037
8170.550293	6.40849
8174.024414	63.9431
8178.468750	0.909181
8182.145020	4.87153
8183.888184	7.45921
8188.134766	10.883
8194.928711	14.0392
8203.797852	232.038
8213.297852	47.8407
8215.096680	2.56322
8217.110352	50.0244
8225.345703	69.1496
8231.945313	89.7881
8238.097656	6.51894
8241.239258	5.71916
8243.906250	5.6182
8248.932617	2.87286
8253.650391	25.5378
8257.109375	1.96347
8259.802734	17.2411
8262.950195	14.287
8270.094727	165.867
8276.106445	28.7409
8278.359375	3.30675
8281.451172	7.06522
8284.021484	7.35569
8286.933594	5.76315
8289.728516	27.3265
8292.592773	10.7659
8295.847656	4.82442
8298.340820	13.2575
8301.070313	3.81397
8304.451172	5.11957
8307.582031	5.06264
8310.563477	8.86361
8313.311523	14.1823
8315.908203	20.4644
8318.039063	6.20618
8320.880859	11.2343
8324.483398	17.9414
8327.072266	4.57383
8332.630859	47.7065
8337.179688	0.855046
8344.374023	239.858
8352.202148	139.049
8360.134766	67.1145
8366.153320	0.945136
8371.288086	102.855
8378.063477	69.8514
8383.041992	19.6201
8384.952148	7.82396
8388.646484	8.22687
8390.267578	29.9635
8394.905273	2.21475
8397.620117	21.2307
8401.125000	88.7254
8406.583008	3.89285
8409.215820	21.2199
8411.981445	4.01093
8414.445313	2.09137
8418.160156	3.12746
8422.193359	16.2266
8424.790039	61.0081
8436.368164	75.2254
8446.180664	6.24055
8450.620117	12.464
8454.522461	5.42423
8457.852539	35.2838
8461.958008	18.2149
8468.842773	20.7357
8470.413086	5.85417
8477.210938	66.2484
8481.522461	1.72991
8483.483398	4.90424
8489.179688	37.4455
8493.424805	5.01695
8495.309570	30.2238
8500.373047	93.7893
8507.218750	77.9527
8515.559570	75.0535
8521.007813	10.3582
8522.166016	0.522873
8523.744141	4.50058
8526.858398	5.65726
8529.854492	5.12042
8533.472656	18.1219
8540.097656	8.58551
8545.297852	151.954
8553.549805	4.9534
8555.831055	9.71983
8556.912109	12.9697
8562.876953	23.6261
8568.471680	50.6302
8573.595703	2.63645
8574.797852	10.5367
8578.694336	2.26528
8582.514648	26.1952
8585.408203	7.42039
8587.843750	6.33056
8591.975586	33.7684
8598.284180	37.5774
8602.804688	1.24376
8607.125977	27.6367
8610.687500	5.9546
8612.786133	24.657
8616.800781	1.7112
8618.768555	0.863567
8621.325195	7.46027
8623.839844	10.4882
8627.237305	8.16117
8628.941406	0.616563
8630.666016	12.8584
8634.559570	49.6452
8641.451172	3.33919
8646.708984	42.9136
8653.647461	22.541
8659.925781	41.3853
8665.797852	27.4231
8667.807617	2.50544
8670.376953	1.91153
8673.019531	13.5628
8678.089844	3.88712
8680.998047	0.773712
8685.859375	75.1754
8696.098633	3.44264
8698.885742	3.65915
8702.199219	11.7789
8704.118164	1.52749
8705.528320	2.24644
8711.393555	63.3785
8718.278320	8.68024
8722.291016	40.6773
8729.441406	20.9109
8733.018555	1.05247
8736.749023	8.52952
8740.811523	35.767
8745.664063	2.92882
8752.208008	95.0587
8758.839844	0.300966
8761.113281	12.5088
8763.138672	13.4797
8767.315430	8.41781
8770.434570	24.0521
8774.801758	17.8703
8778.180664	18.1008
8781.309570	15.8891
8783.894531	21.1172
8786.495117	58.6276
8791.146484	2.04305
8795.244141	147.625
8801.936523	0.793317
8807.110352	24.0825
8808.431641	9.66209
8812.247070	4.43202
8815.027344	2.7252
8819.157227	2.22468
8823.261719	7.66395
8828.973633	127.434
8839.858398	10.7543
8841.750000	20.9306
8850.029297	4.08132
8852.677734	3.13324
8855.106445	1.37667
8857.731445	23.6167
8860.619141	13.1815
8862.725586	18.5738
8864.772461	31.5011
8868.130859	1.33672
8870.640625	11.799
8875.639648	41.4033
8878.185547	13.9778
8881.442383	17.2029
8885.258789	21.7056
8889.602539	45.627
8893.383789	176.376
8899.712891	15.5125
8902.502930	18.2707
8910.168945	433.679
8919.552734	2.57371
8922.558594	12.8425
8924.735352	30.7346
8933.815430	45.1558
8938.230469	2.59172
8940.935547	4.88703
8944.053711	13.8802
8949.672852	25.2473
8954.908203	13.6595
8956.474609	5.96757
8960.501953	6.963
8962.675781	2.4098
8964.158203	2.36976
8965.821289	7.83194
8969.302734	1.58565
8973.143555	16.807
8975.408203	0.719331
8976.852539	2.25892
8979.277344	57.1827
8985.563477	0.946587
8988.875000	7.21734
8990.769531	4.85087
8997.332031	13.2433
9000.978516	8.18308
9004.757813	12.7821
9007.250000	4.2927
9009.391602	0.535545
9010.882813	5.13846
9017.721680	8.11585
9020.002930	4.35474
9023.180664	0.454618
9025.068359	1.18944
9027.761719	67.6669
9038.938477	64.7435
9040.750977	31.1059
9045.001953	9.10606
9052.790039	94.3935
9058.268555	3.24648
9065.125977	139.42
9074.373047	51.7618
9078.270508	1.45747
9079.972656	4.99412
9084.208008	3.26457
9087.329102	2.72935
9089.248047	0.0408181
9090.541992	4.72742
9095.983398	5.78065
9099.691406	9.45727
9102.685547	4.15009
9105.552734	9.48726
9112.540039	11.8976
9116.853516	4.72197
9125.337891	36.6444
9130.473633	89.9867
9143.592773	18.6397
9146.235352	26.1128
9153.136719	7.79368
9158.166992	148.433
9164.867188	25.7085
9167.960938	31.6609
9169.992188	7.53088
9177.625977	39.9864
9180.625977	1.58847
9182.634766	8.28129
9185.813477	77.4619
9190.875000	20.0813
9197.932617	7.72256
9200.044922	28.1687
9206.605469	1.47837
9207.621094	0.117821
9211.061523	6.07596
9216.904297	67.8242
9225.148438	25.7128
9229.521484	4.21762
9231.942383	3.36258
9234.583984	0.854034
9239.124023	25.5454
9246.327148	4.05622
9249.395508	1.4197
9251.490234	1.92655
9255.631836	11.4947
9257.144531	12.0894
9266.003906	3.42845
9269.024414	2.71109
9270.997070	7.03649
9275.270508	1.81406
9276.933594	0.829067
9278.653320	0.549749
9280.778320	0.605509
9282.603516	7.37405
9287.976563	20.7408
9293.593750	23.6286
9298.454102	27.0001
9304.012695	38.4091
9310.731445	25.1051
9321.337891	16.9015
9322.818359	0.365406
9324.425781	0.275508
9327.473633	32.7382
9334.325195	1.67859
9336.754883	0.869231
9338.732422	8.90293
9349.883789	43.3212
9359.180664	13.2003
9361.542969	9.67814
9368.076172	29.265
9376.543945	13.8273
9378.489258	0.444752
9380.180664	1.2885
9383.492188	1.38785
9386.535156	3.15073
9390.241211	0.942849
9393.577148	4.65372
9400.362305	38.3299
9406.491211	1.25443
9410.465820	10.4773
9411.968750	13.1694
9416.213867	5.5551
9419.374023	14.0978
9422.305664	1.04823
9424.078125	0.59996
9425.852539	1.70086
9428.058594	0.14235
9431.517578	24.4467
9442.457031	22.4436
9447.586914	1.50461
9450.326172	3.05849
9453.668945	10.8844
9459.010742	8.1823
9461.769531	2.15095
9463.927734	3.71509
9466.899414	7.45817
9469.601563	3.4239
9473.116211	3.113
9478.681641	5.17068
9481.609375	6.36874
9484.162109	34.6398
9496.107422	45.0414
9505.183594	15.8514
9509.925781	4.46188
9516.653320	19.4055
9522.333008	13.2765
9524.268555	5.40451
9528.396484	3.11524
9532.973633	0.310446
9534.647461	0.550471
9537.866211	0.46973
9542.235352	61.946
9553.024414	16.5096
9555.794922	0.831477
9559.333008	7.60948
9564.866211	9.92408
9567.409180	3.61547
9570.412109	10.3159
9579.861328	43.1996
9583.563477	0.916341
9585.701172	0.779522
9587.275391	0.805732
9591.018555	1.98587
9593.573242	3.45406
9596.401367	2.21513
9598.351563	2.35997
9600.370117	0.47092
9602.097656	2.60326
9605.693359	1.01901
9609.224609	1.28455
9611.554688	3.95757
9617.050781	25.1593
9622.740234	0.169816
9629.694336	64.9762
9634.310547	25.3512
9643.659180	7.3063
9645.958984	0.456245
9652.283203	8.80733
9656.526367	57.4385
9677.507813	15.602
9680.417969	5.89113
9684.444336	63.9355
9697.728516	9.05555
9700.350586	17.2846
9716.109375	38.1577
9718.909180	22.8926
9727.721680	18.3126
9732.437500	7.54581
9735.647461	44.9898
9743.973633	62.2436
9751.190430	41.5201
9754.033203	1.00204
9757.565430	6.42794
9761.527344	1.52056
9764.291992	2.90896
9770.408203	2.72487
9775.291016	0.877672
9779.056641	1.61287
9781.908203	7.73248
9788.281250	5.91913
9790.113281	7.77436
9794.919922	9.51344
9797.041016	4.55797
9801.591797	0.370716
9805.067383	5.07067
9807.288086	3.83673
9810.678711	5.3669
9813.282227	2.29203
9817.373047	6.03543
9825.008789	0.157726
9829.924805	13.4042
9836.077148	2.3622
9846.129883	57.0385
9856.781250	60.4959
9864.028320	22.0295
9872.569336	15.895
9874.000000	4.89356
9880.869141	20.1203
9882.542969	0.545675
9885.028320	0.37576
9887.592773	3.04331
9889.815430	12.0116
9893.112305	22.5824
9899.522461	4.11144
9901.635742	3.97606
9905.480469	14.608
9914.172852	11.1343
9919.951172	1.17306
9927.313477	15.0775
9935.161133	16.1611
9941.291992	7.7335
9943.838867	8.00265
9951.383789	3.25191
9954.154297	1.29128
9955.767578	0.408896
9957.426758	0.559034
9959.206055	5.49115
9962.309570	8.73666
9966.292969	15.2283
9970.949219	23.3258
9980.583984	46.8582
9986.448242	0.868359
9990.130859	3.01296
9993.938477	26.4789
10001.011719	9.87018
10003.288086	3.53748
10007.220703	1.51121
10009.180664	0.188334
10010.817383	0.0845588
10012.213867	0.354058
10018.795898	47.0519
10027.263672	14.5866
10032.011719	0.343923
10033.639648	3.35763
10038.120117	0.452797
10040.107422	0.97041
10043.700195	0.597757
10047.889648	16.7518
10058.085938	4.77473
10060.045898	2.52855
10065.583008	1.71095
10074.528320	2.78227
10081.483398	7.27237
10086.065430	8.99122
10098.179688	16.2407
10109.271484	3.63676
10117.498047	3.27387
10120.816406	1.41858
10125.384766	16.4368
10134.379883	21.0718
10139.907227	1.44165
10142.184570	9.96612
10161.626953	26.8036
10170.771484	3.06646
10175.066406	0.548443
10177.721680	4.25644
10183.518555	5.28857
10187.651367	0.11692
10190.983398	1.03374
10193.912109	2.69497
10201.682617	3.55172
10208.540039	0.0340968
10211.673828	0.893173
10215.431641	0.0727671
10217.191406	0.0250722
10219.469727	2.80919
10228.906250	1.87148
10230.520508	0.693462
10232.768555	0.217
10242.008789	9.50174
10247.532227	11.0107
10255.266602	23.4685
10261.054688	2.62301
10269.488281	15.0666
10288.343750	18.7094
10296.118164	2.38222
10300.004883	0.648977
10302.373047	1.57066
10305.997070	0.270899
10308.010742	0.0490056
10309.577148	0.146898
10312.480469	0.401257
10314.881836	0.79736
10317.201172	0.320737
10318.935547	0.611156
10320.935547	0.606838
10323.113281	0.159622
10324.621094	0.219657
10328.139648	0.486573
10331.186523	0.301161
10334.682617	0.0944525
10338.730469	1.36901
10344.865234	1.67871
10348.250000	1.51254
10351.789063	0.531308
10354.967773	0.299238
10356.643555	0.0475829
10359.139648	0.0338587
10366.178711	2.25579
10367.958008	0.197402
10369.549805	0.225119
10371.455078	0.0868605
10373.718750	0.112331
10376.132813	2.3287
10379.128906	1.13324
10382.950195	0.754093
10385.847656	3.83423
10389.006836	1.21499
10391.248047	1.68545
10395.371094	21.0915
10402.340820	20.8397
10408.427734	1.68517
10411.238281	1.40072
10414.266602	2.11693
10416.940430	0.354611
10419.028320	0.203959
10421.398438	0.421437
10423.764648	2.24531
10430.692383	2.02314
10434.910156	0.385159
10437.206055	0.097615
10440.166992	12.1991
10449.944336	12.0637
10456.959961	21.0338
10465.632813	0.0284086
10467.682617	0.0986662
10469.473633	0.011186
10473.277344	0.00493091
10476.996094	7.68056
10486.847656	17.7524
10491.931641	0.891948
10495.348633	12.5095
10498.767578	1.58088
10502.586914	1.47716
10505.367188	0.241241
10510.492188	2.95948
10512.774414	4.03578
10521.539063	0.288041
10523.707031	0.609866
10525.272461	1.39706
10530.972656	0.000477379
10532.727539	0.248137
10534.988281	0.140453
10539.295898	0.231786
10541.252930	0.0680904
10542.492188	0.227647
10544.629883	0.124725
10549.403320	0.633229
10552.901367	0.4791
10556.500977	0.177074
10560.272461	0.941771
10562.490234	11.1624
