TITLE "<<H6_MSMS_12901.0000_1>> 4700 MS/MS Precursor 12901 Spec #1 MC=>AdvBC(32,0.5,0.0)=>NR(2.00)=>SM31=>CT[BP = 12904.6, 33333]" CENTROID
TYPE MASSSPEC
64.881653	4.81167
65.270508	91.5196
66.429810	8.32487
67.297356	8.67077
68.693848	9.15684
69.616310	1.48048
70.061707	4.63808
70.335892	4.1865
70.588661	1.73745
70.884560	3.95756
71.176620	1.56108
71.382568	1.90709
71.697777	1.90708
71.928146	1.42483
72.213898	4.81626
72.873055	4.05575
73.174133	4.95533
73.438545	2.08824
73.756943	1.71699
74.208710	9.6325
76.569580	21.1016
77.850471	65.1791
78.584709	67.5406
79.153000	20.7985
79.317406	3.24212
79.659126	19.6315
80.411911	5.03088
80.713264	8.11042
81.174927	74.6304
81.885971	11.0278
82.073792	2.28379
82.448685	1.79967
82.601456	0.827495
83.013771	8.95442
83.447426	6.89023
83.704132	3.36012
84.059708	2.64014
84.232140	1.38875
84.626892	0.587012
84.769814	1.42227
85.005501	3.15822
85.167389	4.69714
85.772453	8.08532
86.110275	0.110795
86.320564	1.24993
86.704353	0.656436
86.959793	0.655417
87.263565	0.973737
87.719276	0.430365
87.932472	3.66622
88.711235	5.20524
89.151421	0.562458
89.311066	0.607527
89.452599	0.459876
89.693085	0.154575
89.851112	0.10822
90.112923	1.54016
90.813797	0.411116
90.982491	0.199839
91.139023	0.172075
91.366478	0.105743
91.504089	0.115795
91.789009	0.262629
92.003883	0.439161
92.728836	34.3847
95.325218	106.983
96.424767	3.37824
96.868820	0.721074
97.059624	0.601721
97.368889	24.465
97.779968	0.335789
98.275452	8.89346
98.629333	7.19029
98.851570	17.1945
99.387711	29.6123
99.937080	85.3488
101.239059	73.8173
102.325127	50.186
105.951492	24.2244
106.508133	8.56453
106.776459	1.36088
107.002289	0.696535
107.363113	14.767
107.680260	6.91687
107.993721	6.57924
108.300285	4.55419
108.624306	1.83038
108.928177	0.607965
109.213806	0.118215
109.712975	4.31353
110.094185	11.5086
110.343437	3.68937
110.815491	41.6502
113.170425	65.6597
113.910675	5.07323
114.509598	6.21362
115.087440	4.75972
116.165771	8.22178
117.303955	38.8671
121.900154	24.3691
123.296532	1.90004
123.644791	2.92495
123.945488	12.4893
124.313797	3.77148
124.645180	18.3755
124.963402	1.00651
125.251350	26.6649
126.685654	49.9746
127.982483	17.6871
128.926666	11.8411
129.601212	7.93679
131.520645	1.14095
132.166122	2.447
132.554642	1.54871
132.959702	2.15092
133.303711	1.25626
133.629974	1.8853
134.161652	2.48983
134.449066	6.27337
135.296768	6.73604
136.216171	13.7182
137.092270	11.5051
137.831497	1.29918
139.473953	35.3298
141.213516	12.0481
141.831085	83.2648
143.061081	59.0326
143.687027	3.63913
143.860809	0.506565
144.297958	6.40211
145.731384	6.43741
149.230789	7.23755
151.455780	6.9524
152.395737	14.195
153.336578	12.7734
153.616959	4.78484
154.071167	1.44649
154.770691	5.52098
156.184418	14.6971
160.808411	2.33739
161.388199	1.49441
161.756287	0.944035
162.193298	0.562499
162.523819	0.0784465
162.785934	0.0169724
166.002365	3.52128
166.670502	0.545941
167.100662	3.93452
167.401321	0.110143
167.941513	15.7874
169.249451	3.18397
171.271545	22.866
171.789490	15.6054
173.631165	14.2249
174.282639	1.2499
177.458755	5.213
178.566071	0.823772
178.938202	0.368708
179.176712	1.00927
179.714279	1.47541
180.307281	48.789
181.754227	40.958
182.529587	8.61644
183.840729	38.1436
185.660461	11.5053
187.225616	5.54655
191.390610	2.77301
192.323868	1.09277
192.937912	0.78607
193.341690	0.502615
193.820633	0.298374
194.200058	0.0438592
196.050827	1.15372
198.935013	1.21074
199.742844	2.34955
200.219025	1.25745
200.674225	0.806177
201.104675	0.266974
201.700394	2.51313
210.271072	0.505584
210.640228	2.11252
210.940292	10.1484
211.944519	10.4153
212.338364	1.27015
212.952927	1.35529
213.141556	0.167033
213.561066	0.530122
213.951904	2.42187
215.261230	21.0121
216.430786	15.6274
217.198502	0.872889
217.451050	0.162272
218.176941	0.921082
218.642670	6.59814
219.437286	6.59944
219.741699	2.69675
220.307739	4.37821
220.699524	1.53868
221.248367	2.00194
221.624207	0.232631
222.113815	0.44033
222.866089	1.14236
223.389572	0.545835
223.865631	0.687488
224.270172	0.247495
224.682663	0.00981017
224.994598	0.000377325
225.219452	1.0005e-006
225.386902	2.4155e-007
225.569565	1.35496e-007
225.700363	1.60753e-007
225.807114	8.03714e-008
225.878281	8.0372e-008
226.032501	2.67907e-007
226.174911	5.35813e-008
226.554886	8.0372e-007
226.935181	5.35813e-008
227.315796	8.0372e-007
227.696732	5.35813e-008
228.077972	8.0372e-007
228.459549	5.35813e-008
228.841446	8.0372e-007
229.223663	5.35813e-008
229.606201	8.0372e-007
229.989059	5.35813e-008
230.261490	5.68597e-007
230.935440	0.217554
231.981415	3.56898
232.598984	1.84731
232.911896	0.206254
233.151764	0.610588
233.560165	2.72279
234.925049	1.40567
235.160965	4.96028e-005
235.491745	3.88897e-007
235.697708	5.18529e-008
236.243317	1.11484e-006
236.850296	1.81485e-007
237.920486	2.10004e-006
239.029724	2.59264e-007
239.310486	3.37044e-007
239.579193	2.33338e-007
239.799164	2.33338e-007
240.680054	1.63337e-006
241.660721	4.4075e-007
242.065826	4.14823e-007
242.286942	5.18529e-008
242.348373	7.77793e-008
242.446686	1.29632e-007
242.594208	1.81485e-007
242.852463	3.6297e-007
243.110855	1.81485e-007
243.246262	1.03706e-007
243.332443	7.77793e-008
243.430969	1.29632e-007
243.652710	3.37044e-007
243.862213	1.03706e-007
243.997833	1.81485e-007
244.343201	3.88897e-007
244.121155	7.77793e-008
244.691772	3.42663e-007
245.079391	0.0136059
245.939178	0.593904
246.850632	1.14517
247.379288	0.643433
247.887466	0.42541
248.388535	0.138687
248.765656	0.0140079
249.097443	0.000377401
250.119308	0.532535
252.260742	3.73381
253.660492	1.3943
253.856857	2.01391
254.462479	0.278869
254.919617	0.994306
255.321289	0.0399922
255.893066	0.14731
256.588745	0.0102121
257.010223	0.000114975
257.239288	1.56744e-005
257.616180	9.89955e-006
257.944183	2.62623e-007
258.194824	2.58768e-007
258.410248	1.81543e-007
258.562592	1.29634e-007
258.702271	1.55559e-007
258.816559	7.77793e-008
258.918182	1.29632e-007
259.108765	2.59264e-007
259.375702	2.85191e-007
259.617371	2.07412e-007
259.820923	2.07412e-007
260.037323	2.33338e-007
260.279266	1.03706e-007
260.190125	7.77793e-008
260.546814	4.4075e-007
260.954803	3.88897e-007
261.171661	5.18529e-008
261.746124	1.11484e-006
262.385193	1.81485e-007
263.511841	2.10004e-006
264.679443	2.59264e-007
264.974976	3.37044e-007
265.257813	2.33338e-007
265.489319	2.33338e-007
266.416412	1.63337e-006
267.448395	4.4075e-007
267.795746	2.54734e-007
268.313049	0.0586501
270.026215	3.33972
271.950348	13.7333
273.196350	6.60606
273.632935	1.15324
274.233551	0.616623
275.145844	3.06065
275.694580	8.13509
276.428375	6.76002
276.760681	0.119441
276.991364	1.27323
277.467072	1.27895
277.751221	0.108086
278.578491	0.0894728
279.202789	0.00172477
279.423584	2.49956e-005
279.764099	3.59965e-005
280.149170	6.09329e-006
280.456299	3.00154e-007
280.702667	1.81854e-007
280.888092	1.815e-007
281.060181	1.55559e-007
281.192566	1.03706e-007
281.285278	7.77793e-008
281.497223	3.37044e-007
281.815277	2.85191e-007
282.120270	3.11117e-007
282.345825	1.29632e-007
282.505066	1.81485e-007
282.730743	1.03706e-007
282.637817	7.77793e-008
282.823700	7.77793e-008
282.943237	1.55559e-007
283.129242	2.07412e-007
283.341888	2.07412e-007
283.554626	2.07412e-007
283.780731	2.33338e-007
284.006927	2.07412e-007
284.219910	2.07412e-007
284.406311	1.55559e-007
284.672729	3.6297e-007
284.952606	1.81485e-007
285.099274	1.03706e-007
285.192627	7.77793e-008
285.299316	1.29632e-007
285.512787	2.85191e-007
285.793060	2.59264e-007
286.060150	2.59264e-007
286.275299	0.00155999
286.691376	0.378631
287.635620	0.028119
287.992523	0.000754504
288.655670	0.435782
289.900421	0.715047
290.559784	2.37568
291.079132	3.09207
291.702423	0.973009
292.238251	1.43556
292.810730	0.114442
293.235931	0.0109771
293.594604	0.000382371
293.851898	9.91674e-007
294.043030	2.35495e-007
294.252075	1.31175e-007
294.401581	1.55567e-007
294.523590	7.77788e-008
294.604919	7.77793e-008
294.713379	1.29632e-007
294.998169	4.14823e-007
295.242401	5.18529e-008
295.310242	7.77793e-008
295.418823	1.29632e-007
295.581757	1.81485e-007
295.866974	3.6297e-007
296.152344	1.81485e-007
296.301849	1.03706e-007
296.505829	1.29632e-007
296.397034	7.77793e-008
296.750671	3.37044e-007
296.981995	1.03706e-007
297.131744	1.81485e-007
297.267914	7.77793e-008
297.513062	3.88897e-007
298.112793	7.51867e-007
298.535675	5.18529e-008
299.273041	1.34818e-006
300.011353	5.18529e-008
300.079742	7.77793e-008
300.175537	1.03706e-007
300.285004	1.03706e-007
300.435577	1.81485e-007
300.558807	5.18529e-008
301.284973	1.32225e-006
302.066925	1.55559e-007
302.176758	5.18529e-008
302.245422	7.77793e-008
302.314087	5.18529e-008
302.698730	6.74088e-007
303.152405	1.81485e-007
303.962555	1.34365e-006
305.085236	0.0533129
306.863525	4.81536
308.942169	60.9825
310.365692	26.1663
310.812378	8.66903
311.542114	7.24586
311.889313	0.935863
312.711090	0.885141
313.564606	2.52316
314.156250	1.39761
314.774933	0.455911
315.802856	2.10649
317.368866	0.0938782
318.908173	0.282834
320.621460	3.71637
321.676544	8.62251
322.279999	4.40006
322.883270	2.38369
323.425751	1.14044
323.871948	0.0829824
324.726593	1.8094
328.698151	5.55593
330.733734	43.8275
331.703949	12.1874
332.151031	7.8055
332.932800	4.04776
333.380676	0.573677
333.886780	0.096872
336.604675	11.3646
337.911682	14.8896
339.959595	35.5928
341.321533	33.6271
343.360229	29.5832
347.136230	9.5308
349.577087	12.2458
350.016541	4.10558
353.088257	70.1035
357.200317	1.15545
357.952484	4.05408
358.934937	36.2617
363.089355	19.166
366.328583	1.35241
368.630768	1.3026
370.445465	4.56585
371.900421	2.69685
372.417664	0.331818
373.271667	1.69871
375.373108	0.618428
375.578217	5.18529e-008
375.639465	5.18529e-008
375.731384	1.03706e-007
375.976563	3.11117e-007
376.191162	5.18529e-008
376.313812	1.55559e-007
376.436462	5.18529e-008
376.497803	5.18529e-008
376.559143	5.18529e-008
376.620514	5.18529e-008
376.681854	5.18529e-008
376.743225	5.18529e-008
376.804596	5.18529e-008
376.865967	5.18529e-008
376.927338	5.18529e-008
376.988739	5.18529e-008
377.080811	1.03706e-007
377.172913	5.18529e-008
377.234314	5.18529e-008
377.295715	5.18529e-008
377.357117	5.18529e-008
377.418549	5.18529e-008
377.479980	5.18529e-008
377.541412	5.18529e-008
377.664276	1.55559e-007
377.787170	5.18529e-008
377.879333	1.03706e-007
377.971527	5.18529e-008
378.032990	5.18529e-008
378.094482	5.18529e-008
378.186707	1.03706e-007
378.278931	5.18529e-008
378.340424	5.18529e-008
378.432678	1.03706e-007
378.524933	5.18529e-008
378.586456	5.18529e-008
378.678711	1.03706e-007
378.771027	5.18529e-008
378.832550	5.18529e-008
378.924866	1.03706e-007
379.017181	5.18529e-008
379.078735	5.18529e-008
379.171082	1.03706e-007
379.263428	5.18529e-008
379.325012	5.18529e-008
379.417358	1.03706e-007
379.509735	5.18529e-008
379.571350	5.18529e-008
379.663757	1.03706e-007
379.756165	5.18529e-008
379.817780	5.18529e-008
379.910187	1.03706e-007
380.002655	5.18529e-008
380.064270	5.18529e-008
380.125916	5.18529e-008
380.187561	5.18529e-008
380.280029	1.03706e-007
380.434174	1.55559e-007
380.557526	5.18529e-008
380.619202	5.18529e-008
380.711731	1.03706e-007
380.804291	5.18529e-008
380.896820	1.03706e-007
381.097382	2.33338e-007
381.375183	2.33338e-007
381.792084	4.66676e-007
382.101013	5.18529e-008
382.162842	5.18529e-008
382.224640	5.18529e-008
382.301910	7.77793e-008
383.164337	0.0474699
387.091949	5.06243
390.210510	3.05546
391.713867	9.04193
393.887054	0.309499
394.491364	4.72055
395.816132	1.3366
396.881042	0.7217
398.633606	0.298294
400.247314	0.00586906
400.944092	3.90414e-005
401.640076	5.09936e-005
402.522125	1.13797e-005
403.024689	2.13554e-007
403.357147	3.38527e-007
403.786438	3.62479e-007
404.230927	3.62912e-007
404.564758	1.81486e-007
404.787415	1.81485e-007
404.994202	1.55559e-007
405.137421	7.77793e-008
405.487579	4.92603e-007
405.949371	2.59264e-007
406.140533	5.18529e-008
406.204254	5.18529e-008
406.268005	5.18529e-008
406.539032	0.707869
408.006134	3.61281
408.966125	11.2781
409.696350	6.93048
410.345490	2.71346
411.007507	1.43449
411.336731	0.0482441
412.422943	5.15888
414.028381	3.82124
415.414063	0.403327
416.312469	0.0628357
417.596497	1.20206
418.786224	2.56742
419.471924	1.35854
420.156097	0.785832
420.792328	0.340214
421.256683	0.0269922
425.051941	7.31593
426.934174	0.96517
427.216949	1.05693
427.788849	1.12424
428.101807	0.037528
428.486603	0.658824
429.145081	0.301452
435.170715	3.75084
439.454895	0.0725553
440.050598	3.14243
441.882935	10.7983
442.921814	2.62473
443.706879	37.2136
445.098694	17.4638
446.393127	0.525136
448.421600	4.66497
451.785339	0.648082
452.621521	0.364028
452.986511	0.227554
453.360901	0.123329
453.869324	0.114492
454.240479	0.314967
455.285187	1.1105
456.004272	0.677767
456.699432	0.467619
457.348877	0.136149
458.940826	3.26255
460.879425	3.42732
462.318146	0.983491
465.035034	4.31939
466.409851	1.65413
468.018311	5.75686
468.416565	1.66252
469.175415	0.20735
469.966064	15.1764
472.855225	7.03333
473.292450	3.59267
473.651550	4.32621
474.503357	2.32706
485.432007	11.3946
490.767273	18.5697
495.883514	66.2761
499.293671	41.8809
501.841400	17.9019
503.854950	1.37684
504.843262	0.00207276
505.586304	0.0201344
508.706757	9.7511
512.264404	3.62142
513.999329	2.37649
524.052856	79.315
545.066956	0.0829583
561.804016	71.5092
576.862183	0.565313
578.248657	1.05654
579.037109	0.514385
579.786255	0.24981
581.124268	6.5814
582.928894	3.34547
583.561951	0.429031
584.582825	0.588014
585.083740	0.00731448
587.058289	18.1993
589.097961	15.0784
591.385010	4.05053
595.426514	0.22471
596.672180	5.86162
597.796631	5.95225
598.604248	1.50644
599.392883	1.61518
600.113342	0.68596
603.856689	11.0557
610.121338	4.69142
615.206848	12.0516
619.140625	16.9376
621.898926	9.8487
623.805481	6.11395
624.908875	5.07305
635.685974	5.87394
638.218750	1.64885
639.044983	0.849088
639.938599	0.368975
640.677185	0.198366
641.283691	0.014079
644.722290	13.9999
672.443665	3.2955
677.152527	2.64605
678.414734	1.99531
679.341003	0.622554
680.436951	16.5185
682.598938	36.9492
684.332642	51.5371
686.156616	8.16016
687.723755	10.4096
690.336365	2.90229
692.560242	2.60135
699.115173	0.202481
699.865173	0.359647
700.323547	0.22481
700.789368	0.125012
701.411621	0.0934492
701.806396	0.0491345
702.304016	0.0687635
705.669434	0.587079
707.219177	1.13517
708.117371	0.658373
708.983521	0.443516
709.807312	0.133778
711.643311	16.5117
715.251221	9.01602
717.023560	14.1511
720.021057	15.5193
722.821411	1.90858
725.174927	0.0943728
726.696716	0.00128945
727.420410	4.36456e-005
728.492004	0.405737
730.304626	2.30266
731.546143	1.8549
732.192444	0.394039
733.107605	4.48915
733.961060	2.80178
734.866150	1.5442
735.724060	0.679287
736.383118	0.0618744
736.989929	0.0018971
737.334473	1.10125e-005
737.631470	1.18626e-006
737.979248	1.46262e-007
738.195374	9.67633e-008
738.346069	7.25937e-008
738.539917	1.45188e-007
738.949158	3.14574e-007
739.315369	9.67921e-008
739.444702	4.8396e-008
739.897278	4.59762e-007
740.457825	1.69386e-007
740.802917	2.17782e-007
741.601196	6.77544e-007
742.983032	8.71129e-007
743.825745	7.25941e-008
744.085083	2.17782e-007
744.431030	1.69386e-007
744.755371	1.93584e-007
745.101501	1.93584e-007
745.404358	1.45188e-007
748.392883	1.73837
753.498352	1.01855
770.515320	27.9779
799.657349	0.824292
801.705750	3.19274
803.731628	2.87919
804.332153	0.514622
805.463257	4.37771
810.791809	4.14733
816.219727	0.354901
819.417419	0.00639774
821.428955	3.26486
824.835327	12.1218
827.191589	9.3617
829.106140	1.59197
833.018982	1.61983
841.926331	2.24153
842.733948	0.114028
843.218872	0.630338
844.076111	0.553745
845.080261	2.06367
847.388123	2.17782e-007
847.642090	4.8396e-008
847.734436	4.8396e-008
847.826782	4.8396e-008
847.919128	4.8396e-008
848.011475	4.8396e-008
848.103882	4.8396e-008
848.242432	9.67921e-008
848.750610	4.35564e-007
849.212708	4.8396e-008
849.305176	4.8396e-008
849.397583	4.8396e-008
849.490051	4.8396e-008
849.582520	4.8396e-008
849.721191	9.67921e-008
849.859863	4.8396e-008
850.299194	4.11366e-007
851.108704	4.35564e-007
852.217468	0.0879743
855.281921	5.18193
858.474426	4.62427
859.461243	9.16142
860.733704	8.79037
861.385803	0.211767
861.685852	1.77765
862.581909	1.59126
863.066650	0.163228
864.557373	0.138545
865.619507	0.0025379
866.023315	4.74085e-005
868.086731	1.45983
872.193787	4.0331
874.415588	29.4368
876.199219	19.2386
877.081787	5.75542
878.203979	9.73035
878.895081	0.613407
880.315430	0.713747
881.621521	0.0411974
882.380005	0.000426371
882.831848	5.74781e-005
883.503845	3.52174e-005
884.028748	1.79127e-006
884.631165	1.72273e-007
884.964111	1.69599e-007
885.271057	1.45189e-007
885.483459	7.2594e-008
885.648682	9.67921e-008
886.049988	3.14574e-007
886.522278	1.69386e-007
886.900146	2.17782e-007
888.388916	1.30669e-006
890.115540	4.59762e-007
891.630676	1.08891e-006
892.981262	2.90376e-007
893.393005	0.000257638
894.625916	0.000334881
895.409119	0.000198224
896.741821	5.42628e-005
897.524292	1.20552e-006
897.989685	3.2199e-007
898.635193	3.36317e-007
899.297546	3.38481e-007
899.796997	1.6939e-007
900.130127	1.69386e-007
900.439514	1.45188e-007
900.725220	1.45188e-007
901.058533	1.93584e-007
901.368103	1.2099e-007
901.939697	4.59762e-007
902.440063	4.8396e-008
902.535400	4.8396e-008
902.964355	3.87168e-007
903.631897	2.90376e-007
904.108887	1.93584e-007
904.419006	1.2099e-007
904.991577	4.59762e-007
905.492798	4.8396e-008
905.588257	4.8396e-008
906.018005	3.87168e-007
906.543396	1.45188e-007
906.782227	9.67921e-008
906.925537	4.8396e-008
907.164490	1.93584e-007
907.546753	1.93584e-007
908.072571	3.38772e-007
908.885498	4.8396e-007
909.746643	3.87168e-007
910.512451	3.87168e-007
911.278625	3.87168e-007
911.949219	2.90376e-007
912.692017	4.59762e-007
913.938660	7.98535e-007
914.802185	7.25941e-008
916.140869	0.237328
922.203979	14.8398
929.023865	70.0645
933.943726	37.793
937.215759	16.4069
938.934509	1.14582
939.844543	0.877117
940.921936	0.332561
941.828247	0.200761
942.611572	0.0182137
943.567078	0.0273921
946.753479	1.27719
950.296204	2.60964
952.359741	2.83218
954.356689	3.5996
956.143921	0.35201
960.446167	12.6022
965.128418	8.20973
968.710815	2.86031
971.274536	0.199143
972.625854	0.381774
973.327881	0.283566
973.777710	0.102075
974.538269	0.15888
975.098450	0.105379
975.490906	0.0089446
975.874451	0.00555128
978.189270	1.63447
981.853638	5.11257
984.332520	3.97063
986.552612	0.455714
988.114380	0.0460847
989.250549	0.000845588
989.679199	1.55668e-005
990.335876	1.97708e-005
991.057922	3.22342e-006
991.609619	2.63568e-007
992.059082	1.69532e-007
992.384277	1.45191e-007
992.684326	1.45188e-007
992.909363	7.2594e-008
993.034424	4.8396e-008
993.756775	3.46376
996.090698	6.83356
997.556580	0.514193
998.779236	1.27365
999.944153	0.564123
1001.024170	0.389532
1002.576904	6.97935
1005.603394	6.01194
1008.031311	3.96203
1009.704590	0.22942
1011.267700	0.197895
1024.187500	4.93007
1030.836060	15.7605
1037.324585	88.5657
1042.388550	64.6362
1045.889771	19.5928
1047.861816	0.119605
1049.262329	2.64766
1050.582520	1.37657
1051.104370	0.169275
1051.695435	0.529964
1052.537842	0.347344
1052.905273	0.056563
1054.919678	1.29102
1056.701538	2.38213
1057.730957	1.56743
1058.834351	0.884823
1059.882324	0.325503
1060.640991	0.0335895
1065.455933	0.421077
1068.643433	0.219301
1069.592407	0.371815
1070.155640	0.222761
1070.718994	0.143871
1071.506470	0.082161
1072.601685	1.91287
1077.762817	4.18688
1081.064697	3.16424
1083.464355	1.75163
1085.138916	0.530155
1101.368408	8.2253
1104.065063	0.491035
1105.187012	1.03725
1105.967163	1.75079
1107.173828	0.809561
1108.140259	1.04011
1109.193970	0.132929
1110.179565	0.563368
1138.764038	9.56681
1142.304199	0.635454
1144.350586	1.14629
1145.495239	0.649333
1146.594604	0.421471
1147.655396	0.13902
1150.411377	4.3621
1173.574341	17.8309
1184.902222	0.625906
1186.862671	1.16215
1188.032837	0.579727
1189.143921	0.373265
1190.185669	0.126005
1191.342773	1.01246
1210.588623	2.04933
1212.406250	1.15227
1213.585693	0.648003
1214.717529	0.420543
1215.811646	0.139135
1216.675781	0.0146686
1217.454468	0.000482047
1217.896118	2.50955e-006
1218.283691	2.25939e-007
1218.730713	1.50404e-007
1218.980591	7.51818e-008
1219.313599	2.2557e-007
1219.757446	1.75436e-007
1220.145996	1.75436e-007
1220.479126	1.25311e-007
1220.728882	1.00249e-007
1220.923218	7.51867e-008
1221.589600	5.26307e-007
1222.339600	1.50373e-007
1222.811890	2.75685e-007
1223.228638	1.00249e-007
1223.451050	1.00249e-007
1223.673340	1.00249e-007
1223.895752	1.00249e-007
1224.118042	1.00249e-007
1224.340454	1.00249e-007
1224.562988	1.00249e-007
1224.785400	1.00249e-007
1225.007813	1.00249e-007
1225.230347	1.00249e-007
1225.814453	4.26058e-007
1226.398682	1.00249e-007
1226.899658	3.50871e-007
1227.344971	5.01245e-008
1227.456299	5.01245e-008
1227.679077	1.50373e-007
1228.291626	4.00996e-007
1228.848633	1.00249e-007
1229.155029	1.75436e-007
1229.545044	1.75436e-007
1229.907349	1.50373e-007
1230.464722	3.50871e-007
1230.910767	5.01245e-008
1231.022217	5.01245e-008
1231.245239	1.50373e-007
1231.858765	4.00996e-007
1232.416626	1.00249e-007
1232.723389	1.75436e-007
1233.114014	1.75436e-007
1233.476807	1.50373e-007
1234.035034	3.50871e-007
1234.481689	5.01245e-008
1234.593384	5.01245e-008
1234.816650	1.50373e-007
1235.431030	4.00996e-007
1235.989746	1.00249e-007
1236.296997	1.75436e-007
1236.688232	1.75436e-007
1237.107422	2.00498e-007
1238.806519	0.0474698
1245.864624	2.76658
1254.194092	14.8212
1257.291748	0.0791301
1259.151611	10.1626
1263.382446	2.53296
1266.658569	0.225149
1269.535522	0.0121263
1270.785278	7.99312e-005
1272.029541	0.000101317
1273.609863	2.20897e-005
1274.532837	1.59201e-007
1275.100586	3.28776e-007
1275.868774	3.49889e-007
1276.661987	3.50755e-007
1277.258423	1.75437e-007
1277.656128	1.75436e-007
1278.025391	1.50373e-007
1278.366455	1.50373e-007
1278.678955	1.25311e-007
1279.093628	0.00571578
1280.095093	0.211607
1281.148926	0.355599
1281.765137	0.230181
1282.407227	0.11969
1283.247192	0.0960062
1283.783325	0.051272
1284.184204	0.00172336
1284.655762	8.86058e-005
1284.877197	2.45559e-007
1285.224487	7.30526e-008
1285.395020	7.51659e-008
1285.964966	4.26058e-007
1286.563599	1.00249e-007
1286.877197	1.75436e-007
1287.276367	1.75436e-007
1287.647095	1.50373e-007
1288.217651	3.50871e-007
1288.674072	5.01245e-008
1288.788208	5.01245e-008
1289.016479	1.50373e-007
1289.644287	4.00996e-007
1290.215210	1.00249e-007
1290.529297	1.75436e-007
1290.929077	1.75436e-007
1291.300415	1.50373e-007
1291.871704	3.50871e-007
1292.328735	5.01245e-008
1292.443115	5.01245e-008
1292.671631	1.50373e-007
1293.300415	4.00996e-007
1293.872192	1.00249e-007
1294.186646	1.75436e-007
1294.587036	1.75436e-007
1295.016113	2.00498e-007
1296.755005	0.0949256
1303.979370	5.71198
1312.323608	28.9514
1317.383789	15.3975
1319.271118	1.9925
1320.336304	1.68155
1321.627197	2.30519
1322.548706	0.261284
1326.256714	1.7962
1330.178223	4.75102
1333.397827	12.4741
1336.517822	14.9823
1340.461304	5.64875
1344.639648	12.8467
1348.185181	10.5156
1350.632202	4.29633
1351.308472	0.347016
1353.159912	0.42975
1369.359863	9.06505
1374.487915	6.85175
1378.520996	11.1774
1381.560913	8.68142
1384.090698	0.695129
1386.103516	0.600442
1386.938110	0.263014
1387.471680	0.0827966
1388.360840	0.182141
1389.043335	0.093744
1390.682373	7.39557
1420.346680	3.45232
1421.866943	0.38986
1422.522827	0.296877
1423.240967	0.106814
1424.082520	0.119376
1424.702759	0.0611503
1425.041016	0.00086593
1426.239868	4.33281
1428.519165	9.89886
1429.824707	6.68021
1430.900757	4.73394
1431.889771	3.03186
1432.302490	0.360583
1433.241821	1.39857
1434.041748	0.405048
1434.568359	0.203189
1435.599854	0.0795239
1440.614990	9.26306
1448.047363	7.77793e-008
1448.198730	5.18529e-008
1448.380371	1.03706e-007
1448.652832	1.29632e-007
1449.308472	0.013806
1451.388916	0.611532
1453.642822	1.15197
1454.935547	0.648
1456.176147	0.420505
1457.375366	0.139129
1458.321655	0.0146543
1459.176270	0.000458527
1459.666748	3.26382e-006
1460.088623	2.30578e-007
1460.574829	1.56263e-007
1460.879028	1.03717e-007
1461.122314	1.03706e-007
1461.395874	1.29632e-007
1461.791260	2.07412e-007
1462.277954	2.07412e-007
1462.764648	2.07412e-007
1463.373169	3.11117e-007
1463.920898	1.55559e-007
1464.468750	3.11117e-007
1465.047241	1.81485e-007
1465.595337	2.85191e-007
1466.143555	1.81485e-007
1466.509033	1.29632e-007
1466.752686	7.77793e-008
1467.057373	1.81485e-007
1467.331543	5.18529e-008
1467.819214	3.6297e-007
1468.459229	1.81485e-007
1469.038452	3.11117e-007
1469.465332	5.18529e-008
1469.831299	2.59264e-007
1470.624268	4.14823e-007
1471.265015	1.29632e-007
1471.478516	5.18529e-008
1471.661621	1.03706e-007
1471.936279	1.29632e-007
1472.180420	7.77793e-008
1472.424683	1.29632e-007
1472.699341	1.03706e-007
1473.004639	1.55559e-007
1473.248901	5.18529e-008
1473.554321	2.07412e-007
1473.920776	1.03706e-007
1474.165039	1.03706e-007
1474.378906	7.77793e-008
1474.623169	1.29632e-007
1474.898193	1.03706e-007
1475.295288	2.33338e-007
1475.753662	1.55559e-007
1476.273193	2.85191e-007
1476.823486	1.81485e-007
1477.312622	2.33338e-007
1477.893555	2.59264e-007
1478.260620	5.18529e-008
1478.597046	2.33338e-007
1479.025391	1.29632e-007
1479.392456	1.81485e-007
1479.789063	1.54503e-007
1480.478394	0.0183037
1481.875488	0.19568
1482.989136	0.27852
1483.594971	0.842229
1484.359619	1.29267
1485.044067	0.688111
1485.970093	0.466713
1486.493164	0.119929
1487.434326	0.336615
1488.638550	0.138929
1489.594604	0.0144424
1490.458252	0.000458527
1490.953979	3.26382e-006
1491.380493	2.30578e-007
1491.871826	1.56263e-007
1492.179321	1.03717e-007
1492.425171	1.03706e-007
1492.794067	2.07412e-007
1493.285889	2.07412e-007
1493.777832	2.07412e-007
1494.208252	1.55559e-007
1494.608154	1.81485e-007
1495.223267	3.37044e-007
1495.777100	1.29632e-007
1496.084839	1.29632e-007
1496.884888	5.44455e-007
1498.177979	5.44455e-007
1499.009521	1.55559e-007
1499.410034	1.81485e-007
1499.902954	2.33338e-007
1500.395996	1.81485e-007
1500.889038	2.33338e-007
1501.413086	2.07412e-007
1501.906372	2.07412e-007
1502.399658	2.07412e-007
1502.923950	2.33338e-007
1503.417480	1.81485e-007
1503.911133	2.33338e-007
1504.497314	2.59264e-007
1505.176392	3.11117e-007
1505.855469	2.59264e-007
1506.225952	5.18529e-008
1507.059814	6.48161e-007
1508.238281	0.000308177
1509.057373	1.56904
1510.310791	0.054938
1511.736572	2.6742
1520.749878	0.9829
1523.863647	2.61104
1525.202515	4.17898
1526.607178	2.4191
1527.124512	0.335349
1527.623779	3.62998
1529.123169	5.14296
1530.238403	1.68524
1531.604370	2.23141
1533.828979	24.236
1542.164185	14.6941
1545.089722	21.0869
1546.989746	6.22293
1547.517700	0.301886
1548.090942	4.68109
1549.291748	4.17272
1552.957031	11.6909
1555.989502	15.9907
1558.411377	5.34254
1564.780884	14.1162
1567.265625	3.72847
1569.256226	3.33616
1570.335083	5.81545
1573.651611	5.89224
1578.371704	0.728249
1580.562012	1.08325
1581.904785	0.689515
1583.212280	0.482084
1584.470215	0.158477
1585.994019	0.80641
1590.168823	11.4526
1594.135254	10.6316
1596.528931	2.8145
1596.916504	1.08099
1598.067505	0.619648
1599.529663	1.51552
1600.902710	2.29127
1604.210449	4.38315
1606.717896	1.33733
1613.161621	11.8226
1621.639404	4.14315
1629.341431	0.354907
1640.120605	3.89779
1641.682251	0.377157
1643.910400	3.54573
1645.766479	2.24292
1646.950806	1.41028
1648.356934	0.837175
1649.930420	1.16584
1679.996582	3.82569
1683.440430	2.38084
1684.745117	1.54957
1686.141479	0.869204
1687.468140	0.321066
1688.424194	0.0331181
1696.198608	0.534058
1700.658325	0.209229
1701.854492	0.361672
1702.567505	0.2249
1703.296021	0.132101
1704.239502	0.757823
1722.762207	7.96539
1728.655273	1.7208
1733.691895	9.37182
1737.000854	4.57918
1738.150024	2.33986
1738.750244	0.129894
1739.695557	1.25829
1740.569092	0.456152
1741.093018	0.0296246
1741.741821	0.18082
1744.560303	0.219608
1745.757690	0.373512
1746.482544	0.22301
1747.241577	0.10922
1748.217041	0.104323
1749.044189	0.624059
1753.143066	1.13944
1755.913818	10.3003
1757.894287	4.57001
1759.133789	8.0506
1761.064209	4.97541
1762.217407	1.2235
1764.267944	2.43694
1766.571289	0.146484
1771.324951	0.403523
1773.027832	1.18067
1773.762939	0.878575
1774.465332	0.371658
1775.495850	0.298126
1776.189209	0.158145
1776.670776	0.00693866
1784.122925	5.34197
1792.172485	22.2281
1796.920288	11.2573
1799.791870	0.797402
1801.269165	0.132244
1806.669800	9.20911
1827.737549	3.30803
1832.473511	2.05963
1833.014404	2.82289
1834.127930	1.64256
1835.197021	3.45102
1835.812988	0.665296
1836.586182	1.3066
1837.638916	0.373707
1838.276123	0.131366
1839.217163	0.101076
1841.199341	0.470853
1845.544678	4.25248
1847.861816	0.386768
1848.819336	0.268711
1849.433350	0.1135
1850.431885	0.244182
1851.367310	2.10909
1857.978394	30.8545
1861.503784	10.2343
1863.232910	16.5395
1863.869507	0.348859
1864.506836	5.61146
1869.060669	16.2819
1873.342163	6.00226
1881.859619	1.93187
1901.855835	9.68524
1912.000977	0.0166505
1913.749512	3.12247
1915.622925	4.09673
1917.765137	15.7799
1920.843628	6.24554
1923.620605	1.40971
1927.700439	6.45815
1931.306274	4.33772
1934.615601	5.14374
1938.167969	2.18272
1938.908691	1.79265
1941.924194	2.64771
1944.408813	0.123946
1946.399414	0.0102743
1947.531982	0.000106124
1948.204712	1.58215e-005
1949.148315	8.2961e-006
1950.223389	3.58459e-007
1950.895020	2.06307e-007
1951.388672	2.05736e-007
1951.846436	1.76301e-007
1952.198608	1.17533e-007
1952.445190	8.81499e-008
1952.726929	1.46917e-007
1953.572266	5.58283e-007
1954.488403	2.05683e-007
1955.016968	2.35066e-007
1955.580933	2.35066e-007
1956.356445	4.11366e-007
1957.273193	3.526e-007
1958.331177	5.289e-007
1959.142578	1.46917e-007
1959.530640	1.763e-007
1960.165771	3.526e-007
1960.906982	2.6445e-007
1961.401123	1.46917e-007
1961.718872	1.1752e-007
1963.723633	0.0474702
1972.641113	3.13898
1982.210571	4.071
1985.784790	0.691791
1986.535889	0.366715
1987.272949	0.13905
1988.339722	0.0870703
1990.331055	3.29471
2004.098389	3.28385
2008.845337	3.02682
2010.474731	7.72161
2012.414795	8.12418
2013.568848	1.90732
2015.256836	1.02773
2015.952759	0.103816
2018.020508	0.0836819
2046.798828	19.5091
2057.848389	0.925146
2064.509033	3.42239
2068.771484	3.30575
2072.265869	2.11662
2074.694824	0.144605
2080.410400	0.375384
2083.063721	0.616723
2085.789063	1.15013
2087.341309	0.648122
2088.829834	0.419361
2090.247070	0.142983
2094.592285	10.2904
2129.299805	5.98848
2135.068604	6.85313
2136.608154	4.86304
2138.065430	2.56422
2139.957520	43.187
2147.185791	115.555
2157.599365	71.063
2164.126709	0.619185
2168.410400	1.20333
2170.643066	0.817842
2172.733643	7.85564
2174.535889	5.20692
2176.022949	1.76471
2177.577637	1.59947
2178.412354	0.624066
2181.241943	1.21863
2182.815186	0.48053
2183.845703	0.397745
2184.773438	0.407521
2185.610352	0.323031
2186.639893	0.260265
2187.478271	0.213652
2194.140381	17.7454
2196.963623	0.834339
2197.949951	3.28533
2198.599121	6.90976
2201.466797	3.93845
2209.299805	8.62953
2210.218506	1.24711
2212.221436	0.802915
2213.175293	0.129068
2215.450684	1.50907
2224.076660	1.22213
2226.808350	2.61034
2228.407959	1.34293
2229.995850	0.768484
2231.500488	0.34914
2232.754639	0.0476783
2241.662598	0.0432866
2244.550293	1.79321
2247.348145	3.62182
2248.955811	1.95672
2250.537598	1.24805
2252.039551	0.497594
2260.862793	2.06643
2263.194092	0.737785
2264.263916	0.574499
2264.958740	0.211644
2266.130859	0.302215
2266.983398	0.214077
2267.618408	0.0196573
2268.974121	0.0212632
2271.223145	1.97803
2274.058838	4.15855
2275.820068	2.51591
2277.370117	0.909199
2279.016846	1.55056
2283.372314	10.5504
2287.982666	7.42707
2290.284668	1.73354
2291.931641	3.16895
2293.709229	4.38646
2295.192871	1.71134
2296.767090	1.59899
2298.159180	0.198542
2300.012207	2.56
2316.313232	0.161121
2319.298828	1.472
2321.375488	0.890115
2322.049316	0.0470167
2322.934570	0.440247
2324.605225	0.457711
2342.904541	16.1125
2353.406250	27.0908
2358.786865	5.85322
2361.445313	30.161
2365.600830	22.0199
2367.331299	0.615848
2368.796143	0.161478
2369.230469	0.0529842
2373.576660	28.4472
2380.144287	0.86564
2381.382813	8.70661
2381.969971	15.0796
2384.862549	12.7306
2387.274170	19.0282
2388.530273	7.44993
2390.868408	9.64706
2393.752197	2.2809
2403.680908	8.79298
2409.782715	0.383361
2412.540771	1.73216
2413.923584	1.17252
2415.588379	2.88553
2422.895508	146.617
2430.140137	40.7689
2431.105469	16.9353
2433.270020	4.73884
2436.227295	15.6262
2441.121094	4.49908
2443.912109	1.2215
2447.836670	1.51227
2450.281494	0.583738
2454.799316	6.70799
2456.638428	0.942448
2457.606934	0.45605
2458.401367	0.557246
2459.498047	0.194677
2460.558838	0.685432
2466.984131	105.216
2474.884033	68.2906
2478.725098	29.7383
2484.277588	12.7443
2487.777832	4.23999
2491.638184	33.4469
2495.943115	0.864444
2498.466797	3.10967
2501.276855	8.2092
2502.876221	7.22975
2504.311523	6.30018
2505.787598	0.550106
2509.321289	8.6866
2517.499512	12.0603
2523.528076	25.9117
2531.922119	14.0124
2533.156006	3.83148
2535.065186	1.13821
2536.619385	10.1876
2540.337158	5.96824
2541.765869	13.5315
2544.169922	13.5535
2545.310791	29.0568
2550.428955	17.8059
2551.574951	2.47052
2552.815918	0.0540453
2553.493408	0.115447
2556.311523	4.54992
2558.659180	2.57684
2560.190430	1.15992
2562.070313	1.10204
2565.730957	10.0182
2567.637207	8.20977
2569.186279	4.69484
2570.760986	24.4839
2580.847412	23.3076
2589.857910	1562.28
2594.811035	15.4607
2600.674561	54.3426
2615.107666	118.705
2619.838867	1.44803
2622.506592	0.707949
2623.368652	1.95499
2624.462646	2.29548
2625.599365	0.267869
2626.446533	0.662685
2627.802490	2.07368
2629.647217	0.472564
2631.058838	1.12266
2633.059570	1.57319
2635.830811	3.83752
2638.434570	20.3875
2642.401367	24.6042
2645.905273	2.86892
2651.418701	12.1888
2666.612549	1.92525
2672.888672	8.54958
2675.584717	4.05938
2676.429443	2.14725
2677.227783	1.41286
2678.553467	0.602504
2679.392822	1.62012
2684.121338	5.84081
2688.723633	7.02707
2694.770996	7.92327
2700.041748	6.99063
2707.745850	16.5815
2710.426270	3.92616
2711.748047	4.12913
2713.396240	0.833341
2716.172119	19.6341
2721.230957	5.97171
2726.145020	1.53697
2728.881348	2.79177
2731.036133	4.41507
2732.790527	7.52553
2734.118408	1.62835
2735.055420	1.41106
2735.998779	0.903543
2737.172363	12.9852
2740.978271	0.130719
2743.023682	3.7287
2743.620850	0.114621
2744.359375	0.926256
2747.900146	24.3208
2758.775146	24.092
2772.675049	48.6447
2781.026367	25.5039
2783.109863	9.60151
2785.912842	0.182223
2786.621582	0.926532
2794.030518	19.3074
2800.090332	3.36016
2800.929688	3.32935
2801.837891	2.32102
2803.061279	5.29158
2807.826416	3.38772
2821.876221	18.8015
2831.667725	7.18666
2836.254395	56.5908
2840.022705	48.3175
2842.288086	0.213818
2845.417236	18.1619
2850.950684	8.54283
2855.197510	2.50252
2858.834229	3.95126
2860.921875	12.5602
2862.066162	4.55015
2864.556152	7.08901
2865.676025	4.18301
2867.854492	7.891
2869.764893	3.04393
2871.231934	3.47262
2873.074463	1.99907
2874.473145	0.347115
2875.236084	0.320657
2876.703369	12.1528
2888.912109	14.0774
2891.156738	4.65319
2891.991211	0.306306
2893.305420	39.312
2900.471436	43.9466
2906.191406	33.4331
2925.069092	10.5375
2929.639893	38.7043
2934.239014	27.6711
2938.105469	12.7476
2952.624268	33.174
2958.102051	1.13064
2960.357910	3.34573
2962.902832	1.68479
2964.554688	0.712873
2969.599854	82.9578
2975.924072	1.16554
2977.772461	33.5534
2978.984375	11.4137
2985.287109	37.5343
2988.482422	2.63772
2989.127930	0.358525
2990.682617	36.163
2994.352295	40.0952
2995.649414	13.1374
2997.740479	8.29843
2999.451416	2.13321
3000.974121	2.55043
3005.422852	0.589311
3016.434814	33.2782
3033.675537	5.28717
3034.908447	1.64145
3036.290283	23.4756
3043.367432	22.4608
3045.555908	0.11989
3047.348145	10.1242
3051.269775	15.9655
3054.098145	15.3372
3060.714600	33.778
3064.266602	6.35982
3067.556885	2.87546
3069.811035	1.92755
3071.594971	1.97058
3073.336914	1.04603
3075.694824	4.97327
3078.395264	2.30124
3080.379639	21.3455
3085.300293	15.8257
3101.256836	19.5669
3103.732666	1.03893
3104.955811	0.895781
3105.864746	0.449975
3106.729980	0.43609
3108.038086	0.991056
3108.939209	0.680376
3109.854248	0.600459
3111.225098	0.339932
3112.845947	20.3344
3124.797607	6.42057
3126.882813	6.13048
3128.873047	5.35844
3130.972412	38.4195
3137.042236	3.0952
3138.812500	3.46103
3139.681885	0.382466
3140.697754	1.21031
3142.014893	0.427138
3142.968262	0.132803
3143.558838	0.101957
3146.405273	1.29763
3161.242920	5.13238
3173.656250	6.01775
3175.601318	21.8025
3183.469971	19.1785
3185.651367	65.657
3191.163086	59.2295
3194.377686	8.26704
3196.147217	0.460012
3196.971191	0.329269
3199.090576	3.07194
3201.311035	3.10103
3203.228271	3.08189
3205.587646	18.1129
3215.982422	8.79265
3217.561035	9.86295
3220.157227	15.3084
3222.068359	1.6719
3224.849609	15.2631
3229.073975	12.613
3233.442383	6.39546
3235.275391	1.90066
3239.423828	0.393058
3240.727783	1.04894
3241.885742	0.758507
3242.823242	0.25951
3244.114502	0.270477
3245.259521	0.105354
3246.147705	0.117013
3248.632568	0.20359
3250.199707	0.394178
3251.194580	0.210548
3252.140381	0.171935
3253.550537	0.0857656
3254.544922	0.402736
3259.507324	3.64622
3264.750977	1.32655
3265.446533	1.69545
3269.692627	2.62773
3276.400391	4.33677
3277.862061	0.949834
3278.991943	1.77317
3280.245605	0.326003
3281.262451	6.09891
3291.204102	3.78749
3292.705566	1.25867
3293.697754	0.764104
3294.615723	0.572179
3296.099854	0.231128
3296.908203	0.0602716
3302.240723	2.85677
3303.589844	0.669878
3305.015625	3.98188
3308.268311	0.0397862
3312.941895	18.643
3316.311523	11.4058
3318.884277	31.1643
3320.333740	9.90429
3322.677490	5.71346
3324.295898	1.15168
3325.306885	0.000366083
3326.244141	5.09457e-007
3327.353027	5.08054e-007
3328.369141	4.23464e-007
3329.154541	2.96426e-007
3329.708984	2.11733e-007
3330.171143	2.11733e-007
3331.095459	6.35198e-007
3332.250732	4.23465e-007
3333.175293	4.23465e-007
3334.467285	7.63969e-007
3336.163330	0.0272116
3339.379150	1.18781
3342.783691	2.29034
3344.756348	1.28687
3346.654053	0.870137
3348.663330	0.453272
3350.114502	0.290882
3350.994873	0.102101
3352.382568	0.14406
3353.452393	0.0954464
3354.420898	0.0177123
3357.181152	1.06902
3360.530518	2.83988
3362.524658	0.921886
3365.868164	29.8501
3371.527344	30.4389
3375.810791	22.2396
3378.999268	1.35889
3384.560303	3.51202
3385.971680	0.834058
3387.300049	6.1806
3394.261719	8.88274
3395.249268	5.01942
3400.945801	9.17274
3406.293213	0.426245
3410.965332	0.0115003
3413.029297	7.78728e-005
3415.080078	0.000101692
3416.591553	1.06925e-006
3418.078857	7.00261
3430.871582	8.12493
3433.398682	8.29471
3434.920898	6.369
3436.877686	6.04387
3448.299561	34.5667
3458.833496	5.64549
3463.345459	2.2518
3465.293945	4.60432
3468.046387	3.97166
3469.795898	2.60694
3471.844238	1.49573
3473.541260	0.522526
3475.292236	0.72071
3476.350098	0.398864
3477.314453	0.396468
3478.738037	0.2004
3479.694092	0.485585
3483.432617	0.615252
3486.821045	2.54391
3488.709229	1.80341
3490.022461	3.49753
3493.985352	14.804
3501.218750	48.5952
3506.029297	36.3731
3510.088623	7.07808
3512.627197	1.16327
3517.126953	1.42291
3518.516602	0.323321
3519.573730	0.206336
3520.635010	0.119551
3522.019043	0.10214
3522.940186	0.0302643
3523.691406	0.00320548
3524.326172	5.23879e-005
3524.962402	3.46501e-007
3525.564697	1.70345e-007
3525.894531	1.29589e-007
3526.179932	1.29632e-007
3527.083984	6.91372e-007
3527.988037	1.29632e-007
3529.415771	1.16669e-006
3530.891602	1.72843e-007
3531.272461	1.72843e-007
3531.653320	1.72843e-007
3532.034180	1.72843e-007
3532.415039	1.72843e-007
3533.177002	1.72843e-007
3532.796143	1.72843e-007
3533.605713	2.16054e-007
3534.177246	3.02475e-007
3535.097900	4.44036e-007
3537.033203	0.621308
3541.205322	11.2643
3543.583740	5.4928
3544.494385	0.336722
3545.753174	2.16161
3547.148682	1.05053
3547.909424	0.193012
3549.443848	0.133818
3550.778320	0.00832648
3552.101807	0.00871932
3554.107910	0.208078
3555.875000	0.320174
3556.938721	0.207535
3558.012207	0.116017
3559.396484	0.102564
3560.322998	0.0259586
3561.130615	0.175678
3562.744141	0.345616
3563.816406	0.194224
3564.825684	0.150642
3566.279785	0.0921628
3567.271484	0.0301863
3572.569824	11.4026
3583.800781	82.8076
3590.517334	19.2108
3592.127197	5.41634
3594.270752	3.67534
3596.146484	0.983175
3597.858643	0.276544
3603.272217	0.10392
3606.343262	0.0111053
3608.561523	0.262918
3610.362305	0.635045
3613.096191	39.6521
3620.792725	20.8198
3624.788086	67.3709
3630.868652	48.3524
3633.929932	5.67972
3636.102783	4.52149
3637.844238	10.4697
3649.611572	3.28745
3655.351563	0.24877
3666.472900	67.9741
3673.717773	8.33964
3676.438721	50.1689
3679.520264	0.262761
3680.691162	0.0564688
3684.268555	20.9859
3691.993164	83.3152
3709.272705	138.498
3710.823730	60.2167
3718.834961	3.29723
3722.143799	15.37
3723.652588	42.6557
3729.288574	8.48837
3730.599854	7.5131
3731.819336	7.35982
3734.219482	0.353553
3736.227539	17.7821
3747.285889	25.4578
3748.466797	2.01585
3749.474609	0.936086
3750.814697	6.98078
3758.875244	71.9227
3774.207764	113.254
3788.497070	46.872
3799.363037	8.27557
3800.596436	3.30516
3802.882080	0.275586
3806.932373	10.8385
3816.321289	7.42864
3824.235596	3.94595
3826.143311	3.23094
3827.661865	5.16176
3828.614502	0.736045
3829.859619	2.56612
3831.243896	0.905479
3835.395752	7.09996
3841.748047	0.809542
3847.533691	0.457642
3851.465820	0.437857
3853.216553	0.691359
3854.339844	0.405276
3855.498291	0.181268
3856.934570	0.272158
3860.606201	8.58357
3869.773926	3.54639
3871.792236	11.6341
3874.541260	4.59551
3876.625732	2.09844
3878.355469	0.64937
3879.011963	0.0963298
3881.896973	1.01486
3884.650391	0.679004
3886.604004	1.44112
3888.719971	1.13591
3890.702637	0.596955
3892.150391	0.0907523
3892.923828	0.0285984
3894.328125	0.020033
3895.652344	0.00034256
3897.011719	0.0288272
3900.551025	1.2113
3904.272705	2.2931
3906.406738	1.27888
3908.449707	0.820395
3910.390625	0.273945
3911.896240	0.017102
3914.237061	20.4189
3930.893799	110.159
3946.443359	27.9077
3950.056641	18.0358
3956.212646	1.16112
3959.142822	17.4984
3960.687988	3.55354
3962.964844	1.31774
3967.915283	19.0455
3973.191895	10.9792
3977.202637	31.6869
3998.498779	94.2263
4000.520996	77.5285
4009.261475	35.5569
4016.517090	14.0588
4018.952637	2.13006
4019.918945	0.0931882
4020.984131	2.44995
4024.839600	10.7597
4031.283447	6.40755
4038.747559	3.54495
4041.691162	0.941456
4044.781006	2.07734
4047.103760	0.531591
4054.214844	91.2725
4062.556152	5.16445
4064.159424	35.3983
4071.183350	31.4578
4075.634766	12.4853
4078.712891	3.54795
4079.444092	3.62288
4081.529541	2.90152
4083.710205	2.88006
4085.813721	1.00012
4089.815430	35.7867
4110.327148	28.9076
4114.129883	22.9363
4118.085938	1.83779
4123.809082	12.6447
4128.942871	6.80005
4131.220215	7.99806
4132.817871	19.9876
4140.049316	25.9713
4146.984375	3.88503
4152.688965	0.188963
4156.377441	0.00258442
4158.129395	9.50561e-005
4160.846191	0.000106456
4163.328613	3.98898e-006
4164.545410	4.61809e-007
4165.757324	5.98796e-007
4167.104004	5.9449e-007
4168.398438	5.49617e-007
4169.383301	3.20625e-007
4170.108887	3.20624e-007
4170.782715	2.7482e-007
4171.612305	4.58034e-007
4172.789063	5.75137e-007
4174.342285	0.0137721
4177.828125	1.17815
4180.212891	1.41345
4181.650879	1.6409
4182.517090	0.3068
4184.072266	0.813677
4185.514648	0.372962
4186.188965	0.185362
4188.190918	0.138357
4189.765625	0.0140082
4191.149902	0.000377638
4193.021484	3.74639e-007
4193.672852	2.3056e-007
4194.245605	2.74829e-007
4194.713379	1.3741e-007
4195.025391	1.3741e-007
4195.648926	4.12231e-007
4196.533203	3.66427e-007
4197.053223	9.16068e-008
4197.469238	2.7482e-007
4198.353027	5.03837e-007
4199.185547	2.29017e-007
4199.653320	1.83214e-007
4200.017578	1.3741e-007
4200.693848	4.58034e-007
4201.527344	2.76452e-007
4208.708984	3.4747
4226.593262	5.31569
4233.626953	13.4215
4265.844727	0.116617
4267.823242	0.934027
4269.386230	0.802412
4270.636230	0.254593
4271.888184	0.32114
4273.288086	0.283609
4274.519531	0.0373064
4289.023438	111.493
4304.232910	23.035
4308.083984	4.49072
4309.763184	1.52199
4311.310059	2.40823
4314.214355	4.26721
4316.755859	4.18546
4318.765137	1.72441
4322.298828	1.49889
4323.229980	1.17813
4324.661133	1.91574
4327.183594	0.727708
4328.985840	0.476265
4330.870605	0.341986
4337.618652	7.03125
4347.627930	5.35009
4360.771484	3.07612
4366.137207	4.0666
4370.666992	6.06854
4374.227051	4.30676
4375.380859	1.03409
4378.101074	2.65347
4382.321289	8.91903
4383.976074	15.1655
4387.331543	7.59965
4388.114746	0.86063
4389.313965	3.47633
4391.017090	0.67084
4392.656738	18.7024
4403.514160	11.3259
4408.278809	6.51811
4409.906250	0.941572
4414.027832	44.9296
4428.476563	23.2292
4430.978516	7.70084
4432.792969	6.91023
4435.096680	2.57744
4436.740234	1.6518
4438.515625	0.40526
4439.602051	0.113747
4441.287598	2.26353
4443.179688	1.3207
4444.460449	0.175429
4445.974121	4.31349
4448.046387	5.63921
4455.666504	81.0283
4465.432617	36.3936
4471.869141	2.43362
4473.053711	0.856403
4473.865234	0.918492
4475.594727	0.872431
4479.796875	3.43605
4481.464355	15.3932
4484.068359	25.2132
4485.860840	6.26986
4488.199707	11.2775
4490.746094	5.96388
4492.750000	3.11337
4495.227051	1.46337
4496.838867	0.522717
4500.616211	1.02342
4503.459961	9.37581
4509.056641	4.19902
4511.715332	13.2169
4514.984863	10.5077
4517.047363	1.89684
4519.795410	11.4413
4529.597168	4.51498
4530.824219	1.05696
4531.894531	13.5593
4539.401855	17.6812
4553.287598	14.8025
4557.714355	0.79944
4560.416016	0.966502
4561.282227	0.53067
4562.822754	7.63306
4564.837891	7.37131
4565.898926	1.20705
4567.359863	0.597596
4568.435059	0.908647
4569.913086	2.69488
4572.789551	3.41538
4575.180664	4.05326
4577.153320	3.32781
4578.987305	0.94225
4583.411133	5.80337
4587.094727	1.23803
4587.849121	0.0888789
4589.630371	0.36141
4593.398438	3.67692
4594.897949	3.27838
4601.766602	5.27765
4608.469238	0.573078
4618.850586	3.11247
4627.884277	5.46383
4633.828125	4.42238
4638.654785	2.75788
4642.550781	6.85892
4644.821777	4.17902
4647.084961	2.47119
4649.474121	2.60355
4655.957031	15.209
4661.669922	12.6563
4665.929199	8.43176
4681.439453	3.8908
4687.396973	8.99986
4689.625000	11.3709
4692.543457	22.607
4696.663086	13.0894
4698.718750	0.537896
4701.377930	4.59844
4704.077637	1.63258
4705.496582	0.952755
4706.750000	1.12811
4708.168457	0.448665
4709.238770	0.087493
4719.508301	12.4676
4730.236816	2.16631
4732.971191	0.58001
4735.841797	0.969887
4736.937012	0.346647
4739.131348	4.11538
4741.968262	4.78074
4743.732910	1.41876
4746.082520	3.47047
4750.187988	4.90182
4752.944824	5.72085
4754.957031	2.7519
4757.744629	1.97628
4760.886719	1.39171
4768.621094	3.17079
4782.162109	2.43366
4783.902344	9.18265
4788.762207	11.029
4792.306152	2.0701
4794.169434	1.09984
4796.578125	0.282695
4800.829102	59.374
4806.486816	13.9982
4807.302734	0.262869
4808.285645	13.2438
4813.627930	23.3965
4818.671387	1.26779
4821.894531	0.102612
4827.113281	1.75242
4833.457031	1.48313
4837.446289	2.9984
4839.818359	2.34787
4842.190430	2.82788
4844.103027	5.07611
4848.059570	1.24141
4851.538086	8.68909
4852.999512	3.84509
4855.894043	1.39904
4859.856445	1.53131
4861.500488	0.914345
4862.834473	0.411514
4864.184570	0.301243
4865.709473	0.325005
4866.850586	0.279987
4872.414063	0.930787
4874.652344	0.969351
4877.723633	8.2329
4880.181641	7.41551
4882.687012	1.97013
4885.085449	2.25704
4887.139648	0.233728
4888.918457	0.371534
4892.882324	0.411065
4895.025879	7.59378
4898.634277	40.0896
4903.314453	3.16026
4908.079590	22.1189
4911.586426	0.868512
4914.060059	0.514167
4916.256348	0.339153
4919.332520	95.4049
4934.527832	80.7838
4939.678711	101.58
4945.914551	7.26436
4956.106445	49.671
4961.229980	4.30509
4965.313965	2.35323
4968.420898	20.9299
4974.583984	16.8629
4999.888672	27.1496
5006.761230	4.58829
5009.760254	3.93982
5011.887207	9.04333
5015.301758	2.71868
5017.875977	6.28441
5019.704102	1.3751
5022.249023	1.22399
5023.084473	0.618482
5024.913574	0.197907
5030.198730	13.149
5052.917480	17.672
5061.235352	46.7548
5066.873047	49.0292
5070.857910	17.5481
5074.687988	38.754
5076.233398	21.7376
5081.458496	41.3156
5086.719727	3.52807
5090.313477	14.1941
5097.688965	21.3565
5102.563477	2.80647
5108.963379	1.13886
5113.319336	1.08055
5115.746094	0.877652
5118.056152	0.598057
5120.253418	3.49342
5131.744141	14.9825
5140.776367	0.531111
5142.801270	0.62383
5143.941406	0.892061
5145.305176	1.07452
5146.959961	0.255334
5148.137695	0.437667
5150.115234	2.68111
5155.842285	2.78986
5157.993652	0.421511
5160.606445	1.65187
5162.683594	9.49072
5166.357422	8.43121
5168.139648	5.3719
5171.166016	3.0593
5172.765625	0.617752
5176.375977	0.654585
5195.958008	4.85994
5209.812988	2.80632
5213.377930	1.42999
5216.691895	31.0356
5219.803223	22.3075
5221.929199	7.71398
5225.065918	8.53736
5226.447754	0.095395
5227.608887	3.99123
5230.622070	3.1186
5232.577637	2.12807
5234.961914	0.0881914
5238.255859	5.69789
5244.440918	4.77209
5247.436523	0.783237
5248.716309	0.282615
5249.426758	0.0219695
5250.286133	0.237698
5251.665527	0.206071
5253.560547	1.1508
5260.829102	6.19296
5266.280273	1.94862
5267.373535	2.7808
5270.850586	5.23533
5273.364258	2.85075
5275.752441	2.28956
5278.035645	0.673146
5279.591797	0.371233
5286.419434	74.33
5293.738770	51.0767
5298.462402	12.7498
5300.613281	4.72347
5302.320801	3.68235
5309.312500	24.883
5315.055176	8.18417
5316.633301	1.8512
5320.561035	2.58001
5324.067871	0.141697
5335.375488	1.11283
5340.430176	0.632945
5343.908203	1.79946
5345.562500	0.894329
5348.674805	0.447169
5351.096191	9.84935
5357.000000	7.52861
5359.771484	1.71701
5362.131836	1.26466
5364.371094	0.349249
5365.950195	0.288879
5370.392578	3.91957
5375.625977	4.38937
5384.911133	12.6943
5391.075684	9.52835
5394.450684	4.67865
5396.773926	1.25785
5399.934570	9.27445
5407.307617	14.1238
5411.527344	12.7695
5415.953613	1.0355
5419.358398	7.71236
5421.030762	13.4789
5430.232422	44.8678
5436.393066	28.3684
5439.296875	0.842869
5442.269043	5.41576
5444.972168	1.55559
5446.899414	1.90621
5450.245605	6.29537
5452.634766	5.51811
5454.731445	4.40185
5457.333496	9.45293
5461.377930	50.2289
5466.786133	47.2924
5470.736328	8.127
5472.666504	3.06483
5475.072266	5.8863
5480.101074	6.23824
5481.976563	4.0009
5484.219727	0.800975
5487.539063	8.89428
5498.892578	65.2862
5510.935547	25.4085
5516.313477	82.3791
5520.463379	12.6553
5525.058594	2.26957
5527.490723	1.01874
5528.629395	1.20064
5530.665527	2.00982
5533.232422	1.11386
5534.935547	0.30375
5536.707520	0.256449
5539.150879	0.417377
5541.182129	9.51553
5546.929688	8.48655
5549.715332	0.119712
5552.778320	21.5241
5568.685059	0.473547
5570.090820	0.955339
5574.821777	35.8986
5592.066895	18.5909
5595.136230	17.7728
5597.421875	5.75469
5599.785645	7.42977
5613.810059	72.6601
5619.246582	288.232
5630.844238	77.8686
5636.075684	89.6804
5640.815430	6.60292
5646.297363	18.8577
5660.519531	11.1818
5662.397949	3.54909
5663.820313	1.84901
5665.044434	2.13609
5666.755371	4.48465
5672.745605	24.7986
5676.586426	6.44638
5679.489258	8.70365
5681.602051	2.84916
5684.372559	3.491
5686.256836	5.56695
5687.938965	0.131881
5689.127441	1.1957
5694.495117	12.8998
5696.822266	1.02351
5697.761230	0.087767
5699.550781	0.644774
5703.347656	16.913
5707.301270	6.00389
5709.734375	2.63777
5711.816895	0.466683
5712.533203	0.254362
5715.115723	0.6463
5719.468262	5.46648
5722.888672	2.57511
5725.125000	3.21046
5727.978027	2.53861
5730.240234	5.96472
5731.977539	14.6336
5738.532227	14.767
5746.178223	28.2201
5752.789063	7.34552
5754.486816	2.48185
5755.317871	2.13704
5757.377930	2.4107
5761.269531	21.0705
5765.506348	6.969
5767.587891	9.04482
5772.208008	12.8177
5774.090332	8.80083
5777.293945	3.21072
5779.523926	8.24876
5781.953613	1.25406
5783.808105	3.87281
5794.475098	25.5156
5802.929688	4.92651
5804.422852	2.71094
5807.041992	4.47484
5808.574707	1.48135
5811.978027	3.56989
5814.500000	2.33334
5815.972656	0.552876
5817.114746	1.69923
5818.996094	0.649001
5819.933594	0.00373301
5830.689453	33.298
5837.204590	0.464553
5840.124512	3.02085
5844.818848	43.4957
5851.818848	53.5102
5857.849609	17.4902
5859.491699	4.60233
5861.640625	7.38569
5866.533691	0.398935
5869.186523	11.3755
5876.895508	0.91135
5894.866699	38.4343
5906.828613	5.42989
5910.543945	2.96644
5912.882813	2.69816
5915.156738	0.282639
5919.851563	39.4187
5926.572754	43.7176
5929.230469	0.149357
5931.808594	4.76488
5934.492188	24.5643
5954.678711	55.4946
5965.193359	9.14252
5972.000000	26.7562
5976.331543	1.13304
5978.681152	20.7479
5982.504395	15.0569
5985.564941	20.9611
5987.996094	6.88773
5990.792480	9.19163
5998.420410	7.71028
6000.067383	4.96304
6002.074219	74.9946
6014.174805	109.14
6021.709473	55.2389
6024.312988	0.292768
6025.954590	1.04065
6028.094238	1.8321
6030.022461	2.82756
6032.793945	1.9204
6034.547363	0.257816
6036.606445	10.346
6044.430664	6.93582
6047.171387	3.51048
6049.145508	7.25506
6051.585449	0.645476
6053.380859	1.46465
6055.541504	9.05045
6057.738770	7.76392
6060.086426	46.4661
6071.714355	71.5794
6076.698730	0.33309
6081.900879	19.0993
6090.148438	8.96367
6095.745117	16.5199
6102.745117	19.7184
6106.839355	12.622
6108.979980	0.885156
6112.646973	5.61305
6115.186035	2.54629
6117.609863	2.40824
6120.154785	11.5435
6123.291016	9.70812
6125.385254	26.6437
6133.535645	24.2041
6147.247070	29.5694
6150.129395	19.0566
6161.951660	43.9968
6167.991211	18.3187
6172.113770	51.7298
6174.789063	55.0117
6177.932129	158.497
6184.166016	17.2599
6186.339355	13.8073
6188.468750	3.10332
6190.354492	1.78551
6192.302734	99.839
6203.522461	7.85617
6206.362793	16.6573
6208.310547	44.3754
6215.569336	35.2057
6217.422852	6.11081
6222.278809	7.88931
6223.450195	4.35867
6229.164063	40.2463
6235.939941	29.3432
6241.582031	100.968
6244.269043	5.91592
6245.674316	12.1682
6248.771484	72.1376
6258.165039	171.443
6263.574219	30.6023
6269.036621	41.9422
6273.381836	0.862141
6279.737305	101.737
6285.301270	1236.98
6294.811035	217.865
6302.765137	5382.94
6321.320801	101.739
6334.867188	35.406
6337.826660	72.3609
6345.425781	23.206
6351.750488	1.35786
6358.444824	64.2632
6363.914551	9.67367
6367.257813	22.6214
6373.780762	38.5476
6377.195313	19.6396
6384.206543	78.0142
6391.596191	52.797
6394.938965	4.44128
6398.617676	15.3553
6400.889648	17.6675
6403.533691	9.6298
6406.150391	20.8767
6411.728516	1.91939
6414.488281	8.94147
6420.009766	15.1285
6431.613770	12.8445
6433.570313	0.934072
6438.081543	25.3632
6440.768066	46.8348
6452.118652	80.9633
6460.315918	6.8334
6463.310059	6.4338
6465.807129	2.70753
6469.418945	8.71268
6477.159668	4.7521
6479.180664	4.58102
6480.971191	3.89122
6482.312012	16.6909
6486.009277	1.64185
6491.385742	47.0655
6499.072754	11.3717
6500.925293	32.4188
6506.536133	8.14127
6510.752930	33.6206
6518.494629	202.848
6523.690430	0.215174
6526.955078	28.5596
6528.502930	12.6991
6536.599121	30.6337
6538.581543	21.1558
6546.490234	13.117
6548.418945	1.29601
6551.252441	5.9389
6554.045410	3.14101
6555.686035	4.95865
6558.948242	2.50907
6566.513672	8.12786
6568.668457	2.52199
6571.709961	59.4247
6576.699219	26.231
6585.832031	55.8843
6589.573730	9.2097
6592.691895	21.7521
6595.059570	4.31645
6598.519043	7.46668
6602.164063	3.42813
6606.532715	11.3077
6609.401367	5.64957
6613.644531	107.346
6624.348633	138.664
6633.214355	61.305
6639.290527	8.83521
6642.580078	36.9838
6657.070313	26.02
6664.588867	3.62724
6670.282227	17.2302
6671.915039	14.7154
6677.610352	23.8333
6685.042969	54.908
6686.874023	39.3024
6695.177734	55.6939
6700.102539	14.2404
6703.235840	1.26073
6705.353516	10.5017
6714.424805	3.95396
6716.966309	2.55196
6719.687012	17.4802
6728.106934	4.65572
6729.479980	3.05081
6734.379395	31.8261
6739.808105	4.36739
6741.909668	7.68247
6744.235840	23.0554
6749.023438	17.9418
6756.433594	5.07598
6760.502441	21.7213
6765.055664	12.958
6768.000000	7.73403
6770.923340	2.38014
6774.937988	24.8739
6781.475098	51.8037
6785.327637	21.2548
6797.244141	6.03362
6799.227051	13.9562
6801.985352	27.8103
6805.497559	25.0443
6808.183105	7.74905
6810.881348	13.9218
6812.576660	36.4286
6817.530273	115.928
6826.582031	205.458
6831.982910	3.61012
6836.768066	34.1517
6844.413574	560.462
6867.248047	39.3168
6872.180664	3.91261
6876.714844	16.056
6879.885254	11.0205
6881.837402	7.64418
6884.942871	16.0168
6894.386719	5.93052
6896.229004	14.4503
6904.847168	25.3123
6907.087402	1.02972
6911.002441	4.26367
6914.152832	14.8644
6920.310547	0.129819
6925.161133	7.98827
6930.188965	27.6147
6938.513184	17.7414
6940.962891	1.41236
6944.562988	60.7229
6965.880859	4.78091
6971.290527	1.96645
6978.279785	113.089
6999.639160	22.3798
7006.336426	61.0385
7012.983398	166.835
7029.035645	84.6168
7031.634277	4.1749
7035.088867	2.48923
7037.192871	3.12712
7039.773926	2.10282
7042.430664	2.00181
7047.567871	0.510017
7050.481934	3.07969
7053.091797	2.28209
7055.001465	19.5572
7062.356445	12.8786
7066.905762	3.00489
7069.456543	2.69204
7073.415527	2.13967
7076.478027	4.62165
7078.717285	4.51502
7082.701172	10.1537
7085.000977	2.77773
7086.660645	0.931528
7088.331543	2.86401
7089.828613	6.60288
7093.583984	2.03257
7095.888672	3.68195
7098.546875	2.65001
7101.593750	3.14111
7104.670898	31.792
7112.718262	6.09951
7115.254883	24.0275
7116.190918	0.0967149
7117.790039	6.59708
7120.033691	16.0994
7129.122559	20.8804
7141.244629	30.6198
7145.137695	4.57195
7148.082031	3.44843
7150.361328	21.7459
7154.677734	0.651284
7157.636719	52.2675
7165.217773	34.8478
7169.031250	1.9469
7170.950195	0.236077
7172.607910	0.630821
7176.077637	14.6056
7180.333984	4.41887
7182.538574	2.61713
7185.251953	0.375634
7187.084473	0.988344
7189.825195	8.54066
7192.972656	5.38154
7195.697754	12.0534
7199.559082	0.997528
7207.124023	28.263
7215.284180	44.8223
7224.136230	36.5457
7231.797363	29.4005
7236.135742	1.95199
7238.356445	6.79978
7246.070313	14.8937
7249.504883	4.6328
7252.017090	3.03269
7255.669922	2.13131
7257.589355	0.271158
7260.516602	0.554937
7265.352539	0.0382233
7267.499512	0.454195
7269.583984	2.33599
7277.234375	8.36892
7281.647461	4.70877
7283.889160	0.570453
7288.274414	3.23708
7293.562012	3.78389
7299.479004	0.584541
7301.313965	6.59188
7306.101563	5.36644
7308.024414	5.189
7316.655762	6.51612
7322.046387	108.231
7330.631348	1.57796
7332.524902	1.23121
7336.197754	125.884
7341.051270	0.750634
7343.043945	0.131823
7346.169434	5.21902
7356.949707	40.9989
7365.368164	31.9591
7371.399902	15.8454
7374.236328	7.70564
7377.406738	2.42014
7381.608398	7.12786
7386.724121	1.89057
7389.599609	1.14596
7392.478516	0.391164
7395.160645	0.0165672
7398.359863	3.34936
7401.875488	3.65644
7404.462402	1.11938
7406.845703	1.61276
7410.945801	13.0602
7415.187012	2.81153
7419.118164	43.6708
7427.514160	34.1091
7432.716797	3.0838
7435.894531	1.78821
7438.414551	8.47355
7442.697754	0.296927
7444.668945	2.80139
7446.080566	3.93954
7450.974609	9.75203
7454.919922	3.72605
7457.181641	7.04789
7459.643555	23.2578
7468.530273	40.6024
7476.047363	17.0168
7477.580078	5.72065
7480.954590	2.77452
7489.416016	34.0813
7496.534668	25.4051
7502.836914	23.9968
7509.270020	42.9923
7523.176758	4.48867
7527.917969	22.121
7531.116699	24.9643
7533.803711	11.2771
7537.142090	4.38809
7540.259277	9.58144
7544.293457	4.73299
7546.997559	3.27573
7550.128906	1.46838
7552.059570	0.408149
7554.194336	4.03953
7562.494141	3.90504
7570.365234	23.0851
7579.622559	24.4667
7582.496582	11.6522
7585.121582	53.465
7595.374023	70.6214
7601.199707	18.1906
7606.555176	6.48654
7618.937988	14.8234
7621.180176	10.4429
7627.011719	17.159
7630.647949	19.9667
7633.722168	12.9751
7636.051270	7.21444
7641.247070	1.33169
7646.723633	5.29376
7656.627441	28.1683
7670.279785	0.089476
7674.770020	3.40085
7677.484375	2.31267
7681.679199	10.1969
7685.087891	48.385
7701.741699	45.432
7703.776367	2.19054
7705.982422	69.7389
7731.416504	25.4271
7733.140625	0.519821
7734.547852	0.965211
7737.178711	28.4521
7746.525879	25.343
7750.945313	39.0578
7761.297852	36.32
7766.948242	21.2899
7777.898438	19.2836
7780.870117	0.396322
7782.381348	5.50279
7784.788574	9.86847
7788.004883	3.42611
7790.513672	2.15017
7792.439941	0.154986
7794.904297	3.59431
7799.563477	17.5471
7805.239258	13.3045
7808.319336	1.48364
7811.295898	3.60518
7813.604004	6.11198
7818.013672	3.4573
7820.986816	17.9021
7827.634766	5.71645
7837.711914	13.8783
7844.934082	33.4631
7853.013672	102.647
7858.723145	14.8904
7861.834961	40.0361
7866.708496	18.1513
7877.110352	8.19858
7889.305176	12.0929
7893.661621	0.333786
7896.094238	10.5082
7903.294434	0.810356
7906.645508	0.189155
7912.094727	2.79506
7918.961426	19.0152
7923.362305	26.1359
7927.711914	19.0256
7930.270508	6.3206
7934.078613	11.0556
7936.863770	1.95167
7941.319336	67.4509
7957.941895	14.8438
7960.875977	51.7218
7966.382813	9.72532
7969.679199	3.80695
7972.110352	16.798
7976.337891	16.4109
7979.758789	12.185
7981.955566	38.2947
7988.135742	51.6498
8004.714844	28.1565
8009.821777	25.973
8016.913574	20.0966
8030.125000	4.70791
8032.940918	3.14576
8035.833008	5.93427
8041.197754	0.927567
8045.901367	7.10915
8058.252441	16.1837
8064.199707	0.8211
8066.178711	1.31321
8067.796387	1.28303
8069.424805	1.12902
8071.464844	10.6069
8074.452148	4.7427
8077.389648	2.50965
8080.261719	0.637293
8082.711426	8.54165
8085.494629	3.7435
8088.845215	3.85578
8091.251953	6.7128
8106.099121	63.7554
8116.558105	11.3826
8119.294922	10.1606
8121.838379	6.95642
8124.971680	0.225101
8127.969238	1.5747
8129.538574	3.10453
8133.231934	0.1768
8139.897949	11.0358
8146.089355	31.452
8148.262695	27.8167
8156.428223	3.94804
8165.346191	9.56541
8170.213867	4.94073
8173.211914	38.9762
8175.912598	4.39581
8178.923340	8.90874
8182.628906	2.8136
8184.604492	8.27998
8190.742676	28.4934
8192.813477	19.7481
8199.621094	8.7145
8202.145508	7.08471
8205.173828	6.68849
8210.005859	0.318305
8212.277344	2.85359
8214.142578	26.7041
8220.599609	11.4849
8232.393555	101.407
8251.142578	94.077
8262.468750	23.6961
8268.137695	9.9429
8270.549805	1.41582
8273.644531	3.88578
8280.582031	22.9919
8285.560547	18.7629
8287.986328	4.68889
8291.684570	8.50538
8293.581055	0.965961
8296.972656	0.423777
8299.357422	0.554935
8301.245117	0.493895
8305.516602	2.68363
8307.227539	6.86339
8310.542969	10.7317
8313.200195	2.71278
8319.771484	25.3335
8329.894531	8.29468
8333.083984	23.34
8336.748047	71.4677
8344.326172	8.07755
8346.047852	1.63886
8348.384766	21.5069
8352.069336	15.6245
8354.713867	14.1005
8357.665039	3.54968
8360.369141	16.1204
8366.614258	34.2812
8371.678711	3.78833
8374.022461	0.630615
8377.247070	15.3192
8383.886719	11.4901
8388.402344	0.475171
8390.368164	0.693538
8408.291016	22.5329
8411.094727	4.26442
8414.309570	3.1032
8416.635742	1.26488
8419.916016	5.96571
8423.111328	1.72144
8425.720703	5.39474
8429.276367	7.78511
8433.481445	55.3292
8440.482422	42.8586
8443.285156	0.894618
8444.976563	9.61458
8450.382813	106.218
8469.076172	71.2156
8478.402344	25.3018
8487.354492	8.94958
8490.046875	37.3591
8496.135742	23.522
8498.263672	4.37494
8502.111328	4.0073
8503.493164	0.563263
8505.303711	25.5369
8524.132813	131.009
8540.267578	13.1179
8547.438477	65.2787
8551.378906	1.50864
8552.685547	0.904775
8554.587891	2.4065
8556.768555	0.707438
8561.704102	35.1543
8567.915039	9.51617
8572.405273	0.892147
8575.675781	1.19206
8577.891602	6.86283
8583.127930	0.472066
8585.989258	9.81575
8591.458984	4.366
8594.700195	37.5545
8599.644531	7.79465
8600.668945	1.86721
8602.969727	0.969716
8604.720703	0.776721
8607.101563	3.02227
8608.104492	0.0418478
8610.782227	26.1457
8618.139648	1.8443
8621.080078	34.6434
8624.093750	9.66394
8628.178711	7.52247
8631.472656	7.59794
8634.566406	1.06029
8637.717773	4.2604
8642.550781	1.44079
8646.854492	0.919554
8648.892578	3.64868
8652.307617	5.87267
8654.846680	7.1835
8656.258789	0.322275
8658.198242	2.90885
8660.736328	2.48432
8668.912109	9.2328
8672.822266	35.0233
8680.797852	66.0973
8684.385742	0.837432
8688.587891	36.6153
8703.907227	2.73326
8707.830078	6.35852
8711.064453	20.9895
8713.611328	3.87088
8717.512695	3.94295
8719.492188	4.72654
8725.621094	12.0921
8729.798828	41.3774
8731.562500	58.2249
8738.641602	7.67529
8743.884766	19.8444
8755.329102	22.972
8757.036133	9.95773
8762.745117	15.0676
8771.681641	7.60727
8777.187500	1.48105
8779.450195	0.898204
8780.982422	0.277776
8783.014648	0.427447
8784.844727	0.340248
8787.011719	0.667845
8788.824219	0.304879
8790.381836	0.305232
8792.624023	0.160538
8795.341797	0.27256
8798.111328	0.0711975
8800.141602	1.2412
8802.207031	1.63496
8805.906250	0.27789
8807.949219	3.96057
8814.081055	2.9674
8821.105469	18.0096
8826.920898	12.3731
8828.468750	4.47308
8832.920898	78.8202
8838.656250	2.03412
8844.267578	40.5913
8847.761719	3.33618
8849.281250	4.84571
8853.208008	18.5479
8856.322266	11.124
8859.615234	8.03562
8862.901367	79.0733
8874.361328	111.567
8880.004883	3.31053
8885.235352	17.6506
8893.349609	1.42286
8898.280273	7.68596
8903.155273	1.73702
8905.812500	11.5248
8909.113281	0.630491
8912.594727	5.83099
8918.153320	2.93523
8921.542969	47.149
8931.274414	14.5796
8933.552734	27.3405
8939.205078	0.831299
8942.637695	3.95139
8945.322266	1.00068
8949.478516	5.38207
8952.610352	2.66542
8955.710938	1.19288
8959.459961	1.8963
8963.641602	7.55123
8966.921875	4.08006
8968.442383	0.569309
8970.200195	2.30013
8972.479492	0.716765
8976.400391	5.12515
8981.176758	2.80392
8984.866211	4.96966
8987.495117	5.55197
8990.484375	0.404516
8993.531250	13.9495
8996.865234	7.95235
9000.034180	14.9626
9005.573242	4.87264
9009.908203	29.9866
9014.426758	8.5122
9017.105469	8.36771
9019.991211	11.0505
9034.692383	8.54329
9036.769531	3.66003
9038.635742	0.923663
9040.256836	5.32153
9046.708008	9.97831
9051.737305	0.180047
9056.648438	5.16422
9058.614258	1.73866
9060.204102	0.594775
9062.158203	2.00504
9068.695313	7.00484
9072.672852	0.543113
9075.232422	1.57064
9077.109375	1.11435
9078.965820	9.54417
9083.568359	4.14357
9087.673828	33.56
9100.006836	12.8509
9103.232422	83.974
9113.496094	110.873
9121.330078	7.99681
9125.566406	9.86427
9129.801758	12.4244
9132.446289	54.6495
9140.560547	32.5858
9142.378906	19.5519
9148.752930	80.2361
9156.591797	61.6588
9161.734375	42.6029
9163.704102	18.7493
9174.717773	749.824
9179.795898	15.1784
9181.972656	138.694
9191.529297	2196.17
9202.713867	169.674
9217.732422	41.8018
9220.754883	0.200961
9224.589844	5.1482
9229.927734	73.4164
9234.813477	7.19249
9238.755859	12.0073
9247.429688	35.2343
9252.536133	12.851
9254.504883	6.36408
9258.804688	2.79459
9262.038086	10.2796
9265.354492	13.496
9268.452148	17.5847
9272.114258	4.94036
9277.220703	117.517
9285.953125	95.5003
9290.950195	81.2195
9293.538086	39.5209
9298.091797	95.2681
9310.135742	22.4552
9317.279297	0.520255
9320.529297	6.26978
9329.791992	6.51317
9334.543945	19.4377
9337.554688	0.691503
9339.860352	5.7489
9342.374023	38.2713
9354.971680	13.7335
9358.288086	4.23962
9361.064453	1.82969
9364.068359	7.62132
9369.393555	9.49626
9372.848633	28.3637
9375.972656	7.5118
9378.645508	18.3914
9385.850586	2.70271
9387.900391	7.04413
9390.332031	27.6581
9395.371094	0.897466
9399.754883	11.9822
9404.175781	4.19102
9405.890625	2.721
9408.056641	1.97479
9409.817383	1.87243
9412.000000	2.32459
9415.029297	13.3534
9418.915039	15.061
9421.799805	19.4928
9426.954102	11.3498
9429.780273	7.55564
9432.013672	27.4968
9435.654297	3.26308
9438.730469	5.1865
9442.009766	5.74989
9444.443359	20.9963
9449.451172	6.07669
9451.593750	3.68918
9452.945313	2.26659
9456.367188	7.86678
9461.659180	2.53233
9465.438477	2.16513
9470.448242	5.94632
9473.666992	6.10039
9475.426758	11.3669
9480.893555	30.6923
9483.653320	1.81631
9486.752930	10.5155
9489.098633	48.181
9493.997070	58.7984
9500.149414	46.0473
9514.424805	37.2875
9517.257813	68.1584
9529.019531	34.6215
9536.334961	169.001
9546.286133	5.83889
9562.108398	196.696
9570.375977	8.9361
9578.824219	53.5199
9582.535156	80.3427
9593.608398	36.3007
9600.168945	19.8017
9604.909180	30.4552
9609.133789	68.5546
9612.089844	12.0379
9614.830078	2.75599
9617.979492	34.3872
9624.056641	97.5416
9633.145508	51.9388
9641.457031	63.8084
9646.159180	0.538877
9650.473633	34.0942
9654.176758	6.74657
9657.204102	15.3632
9658.552734	3.52321
9661.222656	7.37469
9665.187500	37.8708
9670.629883	14.2397
9673.801758	7.91819
9676.525391	15.4287
9681.923828	48.4987
9689.168945	95.5543
9693.692383	13.4973
9697.420898	109.875
9707.139648	243.359
9716.355469	2.20279
9721.456055	9.32042
9730.438477	70.3991
9740.422852	20.8754
9742.976563	7.4729
9746.677734	15.1107
9751.183594	10.4688
9755.000977	5.90183
9759.065430	6.32622
9761.967773	1.13309
9764.587891	3.64024
9767.449219	12.6689
9770.690430	28.1033
9773.941406	11.3585
9776.940430	29.2079
9782.759766	2.12941
9785.834961	15.8179
9788.603516	16.3594
9794.093750	25.6753
9797.190430	4.41651
9803.473633	77.8312
9813.287109	2.76241
9814.835938	10.5427
9819.780273	41.7638
9823.383789	70.2127
9829.429688	0.427213
9832.210938	3.26148
9843.087891	20.644
9845.109375	1.69654
9847.645508	46.2676
9862.867188	12.2845
9866.607422	97.8289
9879.016602	146.832
9886.788086	190.356
9892.447266	8.67201
9904.669922	204.169
9912.130859	12.9561
9915.452148	3.50317
9919.191406	40.6599
9925.377930	23.1623
9927.603516	14.7753
9932.539063	26.2204
9941.657227	22.9132
9944.333008	32.3913
9955.858398	129.589
9969.063477	61.5876
9972.202148	2.15438
9978.570313	111.768
9996.845703	17.9042
10000.688477	36.5137
10002.635742	26.1921
10006.175781	33.7648
10012.092773	5.29682
10020.110352	28.4572
10023.565430	15.7086
10026.427734	15.4431
10030.416992	13.5417
10036.421875	2.81702
10038.467773	1.72939
10040.016602	1.18841
10042.361328	3.76425
10050.224609	1.24404
10053.162109	0.317169
10056.837891	71.8814
10070.420898	236.006
10075.915039	45.9319
10087.153320	42.9232
10096.790039	13.8241
10099.468750	15.2828
10102.870117	4.04375
10107.543945	28.3818
10118.020508	13.4741
10126.443359	8.63954
10129.577148	3.31444
10132.382813	1.66197
10138.237305	31.6213
10144.699219	125.831
10150.685547	25.206
10153.492188	4.23611
10156.883789	12.5228
10161.995117	1.20442
10165.559570	9.94378
10169.734375	24.2651
10177.936523	26.0079
10183.178711	1.34101
10186.500000	8.25357
10191.330078	13.545
10196.176758	5.99175
10198.980469	7.00058
10202.525391	24.1854
10210.602539	36.3485
10213.458984	17.6706
10216.350586	20.4832
10221.806641	2.00274
10223.481445	9.83805
10227.496094	0.691832
10232.311523	19.8391
10237.847656	11.6692
10241.197266	100.939
10252.668945	4.04198
10257.027344	77.2547
10258.986328	121.422
10266.190430	126.584
10273.359375	82.189
10286.624023	22.5966
10294.490234	25.06
10297.683594	4.90303
10300.958008	6.27638
10303.934570	6.19371
10305.451172	1.9718
10307.966797	4.40912
10310.075195	15.2464
10318.168945	24.9576
10324.529297	20.813
10327.173828	17.4507
10332.287109	6.05026
10336.400391	0.803669
10339.435547	5.90196
10342.362305	2.92662
10345.207031	5.17427
10348.002930	63.1796
10356.433594	185.829
10363.392578	3.18139
10368.344727	56.4583
10374.045898	39.1992
10377.169922	13.7896
10380.097656	24.6416
10392.585938	37.5673
10400.108398	257.262
10415.378906	144.512
10427.151367	61.1728
10430.307617	132.886
10440.685547	18.3635
10445.620117	355.957
10451.909180	33.5537
10458.146484	48.5628
10465.629883	27.932
10472.887695	26.293
10475.428711	1.1216
10480.708008	48.5338
10488.974609	12.7041
10497.662109	7.54647
10499.925781	3.58497
10503.405273	61.1245
10511.312500	12.2782
10516.233398	79.5443
10529.353516	87.3244
10536.691406	21.6352
10539.355469	7.58047
10546.153320	54.4365
10553.373047	45.9411
10559.148438	4.25623
10562.362305	16.8945
10569.239258	7.29944
10571.510742	31.2052
10578.132813	5.75843
10585.837891	43.7187
10595.280273	20.5119
10602.911133	9.79478
10606.545898	5.86484
10609.319336	4.95883
10611.200195	0.204954
10613.056641	11.2398
10618.948242	21.4145
10621.090820	40.2373
10631.087891	37.7095
10639.078125	77.8539
10646.187500	15.1164
10648.624023	5.45176
10651.650391	1.62399
10658.665039	10.4794
10661.590820	7.17678
10665.554688	22.8997
10667.539063	48.5701
10673.081055	0.99651
10675.924805	45.3592
10680.957031	30.2344
10684.922852	34.9855
10686.845703	81.5426
10696.934570	20.2179
10702.201172	31.0107
10704.562500	56.1436
10712.412109	12.8584
10714.556641	15.6697
10720.320313	30.531
10728.206055	106.11
10736.267578	45.2372
10741.523438	3.5061
10743.315430	8.58916
10747.416992	0.195305
10749.223633	2.60752
10758.278320	0.517896
10761.696289	2.79127
10764.031250	2.90654
10765.655273	0.480253
10769.762695	6.2565
10773.038086	2.65699
10775.195313	1.48075
10777.148438	2.48996
10780.024414	30.7806
10786.666992	46.7192
10795.006836	47.4937
10802.214844	6.15418
10808.846680	5.93556
10815.549805	102.019
10818.390625	24.1401
10821.741211	12.58
10825.256836	42.3063
10831.754883	3.19303
10840.803711	138.056
10843.346680	85.4259
10850.390625	57.6258
10854.880859	1.82659
10856.910156	2.36129
10858.355469	3.26541
10862.021484	6.80495
10865.248047	5.55317
10868.738281	22.6605
10874.805664	19.2887
10878.404297	6.11512
10883.943359	27.9112
10888.462891	6.35069
10895.274414	44.3167
10897.524414	40.5118
10903.647461	4.23395
10907.589844	76.1923
10919.957031	38.0294
10926.858398	57.5366
10930.234375	7.84675
10933.092773	8.28218
10936.460938	3.66774
10939.537109	19.8671
10946.976563	10.0052
10950.106445	26.9306
10952.575195	44.8765
10958.676758	11.4629
10961.516602	28.3467
10968.631836	24.1736
10972.234375	11.5087
10975.444336	7.2649
10979.557617	3.62754
10984.153320	24.6538
10987.489258	12.9927
10991.600586	16.0535
10995.231445	2.2286
10997.238281	17.2271
11004.615234	152.248
11017.586914	124.631
11021.467773	39.2513
11028.662109	24.8089
11031.222656	21.8813
11035.290039	1.3627
11037.583008	27.4157
11042.168945	3.37071
11045.302734	88.2441
11054.281250	238.004
11064.726563	1.0761
11066.891602	27.291
11069.631836	95.1534
11081.776367	98.2737
11089.356445	74.4406
11094.980469	1.02409
11102.228516	87.817
11109.223633	51.0592
11112.870117	4.41744
11116.877930	94.8542
11125.265625	0.445919
11132.060547	391.958
11148.180664	33.2558
11152.616211	109.558
11155.482422	25.3919
11158.889648	124.408
11165.972656	10.1942
11168.699219	1.32289
11172.471680	9.83455
11176.233398	10.2668
11179.943359	21.4237
11181.872070	3.54809
11183.514648	9.99741
11188.488281	20.4582
11192.393555	35.2484
11197.261719	23.8771
11200.238281	13.2143
11205.318359	31.5971
11211.222656	12.0776
11214.103516	6.48624
11217.946289	8.1211
11222.424805	73.5984
11225.498047	55.6546
11229.340820	10.6985
11232.174805	30.4669
11235.705078	3.06226
11243.470703	117.48
11245.880859	68.3143
11253.761719	2.2304
11259.245117	67.5251
11264.395508	33.2068
11267.848633	74.2855
11275.991211	31.4682
11279.903320	24.1291
11284.621094	15.77
11287.986328	13.5949
11291.290039	4.29589
11297.435547	8.1749
11301.050781	5.98169
11304.390625	10.5042
11308.108398	25.4061
11309.976563	4.85704
11311.488281	37.9627
11317.897461	12.8794
11321.287109	15.0325
11323.568359	62.0374
11330.626953	25.11
11335.343750	52.211
11338.382813	7.83344
11342.098633	10.2147
11345.299805	18.1464
11348.824219	10.7009
11352.770508	71.8498
11367.250977	386.091
11382.072266	56.9324
11391.109375	128.917
11396.146484	71.1224
11402.662109	17.2437
11405.485352	56.9749
11416.297852	116.921
11423.566406	79.7765
11426.883789	9.03672
11430.084961	68.5131
11436.649414	17.1817
11438.244141	4.37003
11441.962891	83.2275
11451.445313	136.909
11458.796875	41.6241
11461.472656	25.7124
11465.757813	18.9919
11470.189453	27.1282
11473.708008	14.3331
11476.410156	22.9065
11481.970703	13.8367
11486.250977	18.9801
11487.894531	12.1657
11492.134766	13.1682
11495.989258	47.2328
11505.070313	116.993
11510.909180	3.93267
11513.596680	15.3378
11516.108398	33.4097
11519.559570	41.6774
11522.859375	22.2567
11525.929688	18.9905
11527.350586	4.3828
11529.414063	7.77662
11532.268555	19.7623
11535.667969	106.793
11541.221680	71.2022
11544.110352	147.83
11556.244141	367.361
11562.421875	7.67948
11565.793945	5.65705
11574.127930	205.81
11583.784180	53.6613
11587.627930	34.6629
11593.674805	205.075
11606.301758	49.1258
11610.705078	72.2961
11613.684570	131.371
11626.646484	176.669
11633.113281	7.4213
11636.591797	0.145051
11640.155273	16.4033
11643.732422	10.887
11646.929688	16.0715
11651.166016	9.3666
11655.556641	26.9134
11663.765625	653.644
11683.490234	734.284
11695.316406	84.4165
11702.278320	29.7279
11715.353516	27.4863
11719.861328	59.522
11722.833008	19.6765
11726.908203	23.7358
11730.676758	27.4213
11737.094727	117.875
11744.692383	70.3824
11747.041992	22.6265
11753.106445	40.5894
11758.446289	26.6842
11761.622070	21.6455
11767.740234	10.0829
11772.965820	124.941
11784.506836	105.952
11794.433594	58.0378
11800.537109	60.5657
11804.762695	59.2288
11811.850586	91.8464
11815.337891	2.43884
11818.820313	11.4351
11822.367188	20.1613
11825.762695	23.3708
11829.952148	20.555
11833.349609	39.2876
11838.866211	41.8429
11840.610352	44.0772
11846.033203	48.9403
11854.300781	58.906
11856.917969	68.0225
11864.176758	7.50553
11866.790039	43.9321
11875.344727	9.17645
11878.094727	12.082
11887.400391	356.844
11892.195313	9.79462
11895.496094	12.8087
11899.086914	109.008
11905.564453	21.1213
11908.838867	89.0612
11912.725586	9.1266
11918.482422	69.3079
11922.753906	8.87431
11929.691406	63.3669
11932.222656	170.978
11945.133789	257.786
11956.062500	48.4742
11959.175781	17.0112
11962.237305	71.4701
11969.837891	221.248
11980.065430	438.544
11988.748047	12.8211
11992.435547	59.3782
11999.480469	51.2941
12003.978516	1.84076
12006.559570	3.26396
12009.605469	8.68187
12015.104492	61.7321
12022.267578	113.67
12026.426758	15.9885
12030.018555	21.2998
12033.614258	8.64124
12037.923828	7.80616
12044.211914	68.1639
12046.978516	21.3304
12050.474609	212.171
12066.437500	490.368
12077.483398	70.7131
12080.000977	25.7425
12087.687500	103.373
12092.667969	398.22
12106.283203	79.5324
12109.158203	2.21829
12113.590820	137.387
12115.929688	114.303
12123.292969	176.067
12130.628906	46.0679
12133.763672	90.3317
12140.918945	127.325
12146.484375	49.0533
12149.598633	147.558
12161.421875	213.482
12176.117188	67.1294
12180.925781	55.0904
12186.294922	17.4535
12191.913086	182.146
12197.156250	30.0134
12202.226563	33.523
12206.163086	31.6087
12212.063477	274.691
12219.023438	276.606
12227.645508	415.322
12232.038086	90.2319
12238.816406	9.56324
12242.530273	195.065
12255.710938	277.945
12258.382813	4.18278
12262.367188	155.926
12267.750977	46.37
12271.589844	114.753
12286.629883	187.267
12294.326172	146.272
12303.343750	220.492
12305.818359	16.2762
12309.923828	316.408
12318.989258	64.4671
12323.375000	31.4385
12327.446289	32.9178
12331.731445	16.6264
12336.060547	26.0072
12340.980469	205.363
12351.395508	128.533
12353.815430	166.679
12364.474609	70.9561
12370.428711	144.887
12376.314453	331.233
12385.860352	191.74
12387.691406	75.5009
12392.731445	8.85894
12396.335938	28.0286
12399.987305	17.9541
12403.677734	326.428
12416.059570	222.913
12421.280273	22.9696
12424.799805	32.3979
12428.319336	63.8205
12435.024414	61.0009
12445.675781	213.988
12451.476563	17.1127
12456.268555	418.433
12465.205078	469.032
12474.556641	64.0434
12478.886719	40.3596
12482.292969	25.7687
12485.813477	77.4178
12492.372070	1.2125
12494.181641	9.23816
12497.870117	138.585
12499.956055	157.755
12505.691406	138.971
12513.656250	156.1
12519.518555	68.9969
12524.274414	136.298
12530.053711	31.5229
12536.726563	128.636
12541.461914	17.3309
12544.666992	96.1657
12549.137695	20.7369
12551.772461	119.584
12562.965820	160.03
12565.872070	30.876
12569.457031	5.15036
12573.341797	55.3985
12576.426758	383.131
12589.197266	39.4801
12591.719727	28.7071
12596.082031	92.79
12599.198242	50.4121
12602.231445	84.3169
12606.814453	20.2977
12610.093750	22.3073
12613.242188	104.588
12619.127930	28.2441
12623.739258	40.3737
12627.564453	55.7799
12633.179688	190.577
12646.832031	1285.25
12666.843750	377.741
12674.586914	293.991
12684.585938	139.97
12693.439453	349.658
12697.544922	70.823
12714.859375	1751.4
12720.877930	76.5069
12726.913086	867.612
12735.010742	235.862
12745.482422	945.468
12749.799805	37.3592
12756.652344	1021.97
12766.996094	389.423
12772.704102	784.683
12780.080078	65.2624
12783.815430	133.647
12786.726563	130.035
12790.809570	662.592
12803.820313	66.4788
12810.383789	237.842
12818.973633	72.4881
12822.234375	22.6785
12829.283203	252.157
12845.585938	3900.5
12851.707031	359.031
12870.429688	11556.6
12888.573242	18788.5
12904.645508	33332.8
12923.358398	44.8498
12925.887695	203.418
12937.530273	80.1015
12941.763672	82.0184
12945.029297	81.3486
12951.784180	413.175
12960.472656	276.803
12966.239258	146.094
12969.170898	334.014
12973.782227	44.2369
12980.085938	699.492
12984.187500	82.2278
12988.458984	88.7121
12995.420898	422.527
12999.053711	146.033
13002.847656	159.693
13010.523438	85.6264
13014.641602	605.186
13023.370117	960.874
13032.132813	163.171
13036.913086	236.035
13041.626953	43.1106
13044.739258	287.25
13049.991211	269.759
13060.496094	862.7
13068.548828	7.99165
13072.355469	29.1643
13076.166016	73.9962
13079.478516	45.8552
13083.859375	293.977
13094.112305	31.3458
13097.458008	151.93
13108.865234	132.844
13118.464844	305.979
13130.260742	190.428
13142.097656	76.3204
13147.861328	746.729
13153.808594	305.807
13161.616211	13.3976
13173.081055	333.724
13175.851563	62.9287
13180.096680	112.521
13183.150391	56.6888
13189.146484	11.7727
13198.416016	890.771
13208.389648	317.942
13215.820313	22.6525
13219.646484	89.7252
13223.453125	22.5864
13228.815430	270.924
13233.923828	278.505
13245.762695	535.06
13249.073242	420.208
13259.257813	16.8068
13265.401367	246.027
13275.398438	270.564
13283.961914	777.219
13297.562500	381.513
13302.702148	25.5301
13307.083984	51.2654
13313.638672	209.549
13317.999023	413.832
13326.292969	28.1457
13330.052734	61.2881
13343.861328	562.263
13353.025391	132.888
13355.098633	10.8382
13357.426758	11.5855
13360.403320	27.4668
13370.600586	390.598
13374.122070	64.8638
13379.333984	717.097
13399.471680	674.622
13405.875977	65.3893
13415.765625	280.244
13434.259766	334.353
13437.749023	24.8602
13443.198242	137.123
13451.884766	765.526
13466.150391	2.58167
13469.589844	7.82744
13474.373047	74.404
13477.271484	73.2338
13483.977539	55.941
13487.862305	39.1208
13492.167969	50.0202
13495.884766	101.186
13503.223633	245.37
13511.236328	74.8793
13515.320313	85.2387
13517.989258	228.812
13529.961914	204.137
13541.678711	236.53
13553.692383	88.4724
13558.271484	166.867
13565.928711	285.973
13573.142578	301.646
13578.723633	62.5965
13585.072266	287.865
13591.227539	134.127
13596.435547	131.136
13601.197266	82.6408
13608.492188	192.779
13614.522461	76.7298
13616.861328	5.28299
