TITLE "<<210423_CED_CKF_G4_PM_8286_RM13514_ThermoSIN_MSMS1kVPos_Sen_MetON_AlkTrx_XCal_TIS_100Da_10K_7000hv>> 4700 MS/MS Precursor 8286 Spec #1=>AdvBC(32,0.5,0.0)=>NR(2.00)=>SM31=>CT[BP = 4490.1, 1851]" CENTROID
TYPE MASSSPEC
9.978888	13.9962
10.046860	0.00978188
10.082078	0.0100365
10.134115	0.0228383
10.165633	0.0147214
10.218931	0.00947057
10.257927	0.00477639
10.843746	0.219618
10.998405	0.0398262
11.054551	0.0275352
11.113632	0.0125256
11.188790	0.0120811
11.242571	0.00638303
11.989576	2.35898
15.374619	0.146694
15.956699	6.49784
21.299477	13.3537
22.448631	4.26081
22.859808	0.102315
22.979326	0.00869108
23.287666	24.4076
23.879133	0.551346
23.939436	0.277389
24.387278	4.62086
25.455849	4.25169
26.487617	10.7006
29.428291	0.31573
29.925146	2.222
30.089064	4.49315
30.308380	5.71125
30.449854	1.93299
30.645870	0.817202
30.929379	5.44068
36.076336	4.70964
36.758755	2.07022
37.145840	0.837727
37.251598	0.0629745
37.538307	0.156571
37.781120	0.0919119
37.885914	0.0547635
38.025856	0.034232
38.145920	0.0481554
38.400993	0.902482
39.125782	0.744546
39.595226	0.159854
40.260777	9.1148
43.492508	2.98044
43.850098	0.390355
44.043999	0.3909
44.268169	0.0709689
44.628544	0.771829
44.893753	0.440278
45.070133	0.239357
45.155769	0.0498968
45.275581	0.3518
45.466835	1.57017
46.868320	4.16128
47.427052	9.16711
47.802803	0.946949
47.861851	0.0170278
47.961872	2.11202
48.225750	0.0608327
48.925667	4.72153
49.181046	5.75975
50.677441	3.06712
50.926804	7.17111
51.329193	0.745167
51.441860	1.77263
51.732090	0.107222
51.916451	0.32009
52.229256	1.70789
52.489845	2.05381
52.634014	0.0660388
52.725498	5.50801
54.103546	25.4446
54.639931	96.5388
54.781078	36.9488
54.970684	41.8687
55.209431	42.1304
55.380192	3.1773
55.524773	25.384
55.780571	22.7584
55.931366	5.89328
56.125767	15.1833
56.326080	40.9797
56.668407	10.2708
56.858761	23.943
57.134548	4.37885
57.316841	3.13231
57.432617	3.29571
57.695873	15.8033
57.975067	6.29445
58.175091	3.35574
58.308739	9.06746
58.526974	6.19773
58.880966	40.2057
59.299629	2.35532
59.465420	8.91822
59.736717	2.16847
59.982498	2.28248
60.308578	7.91572
60.925228	10.459
61.545490	7.44108
62.141899	1.79453
62.552219	5.47953
63.079979	0.583302
63.606182	8.51443
64.322067	7.9217
64.696030	0.669046
64.923729	1.08092
65.218437	4.99262
67.768089	1.31839
68.202011	0.966415
68.461952	2.28184
68.695572	0.465896
68.994843	0.795007
69.127792	0.441786
69.746933	5.80264
70.597099	16.5878
71.640160	8.76693
72.289795	0.592352
72.431442	0.301673
72.597153	0.147001
72.755394	0.0464476
73.173965	18.2223
74.466202	37.8765
75.110336	7.37792
75.494423	4.95769
76.390923	2.05039
77.252312	1.60551
77.870422	0.355439
78.951195	6.97165
79.439697	3.95982
79.691612	1.61536
79.989685	0.873482
80.173134	0.309842
80.322662	0.0854811
80.485374	0.12852
80.919151	15.5955
82.056404	11.1749
82.301392	1.71635
82.576942	0.259665
82.898788	13.6937
83.529190	9.23619
84.194542	2.80281
84.491554	2.71703
84.738449	8.12042
85.717964	6.85372
86.404724	0.376555
86.730095	2.48849
87.067513	0.604821
87.355156	5.84877
88.313713	2.99893
88.489197	3.95778
88.958054	0.0782931
89.396454	1.56622
90.470734	2.34325
93.169594	6.03561
93.830673	2.26192
94.281303	16.137
94.747772	10.9013
95.041794	4.37496
95.337746	1.33088
95.548592	5.31539
96.145271	23.3223
96.888870	32.4515
97.583954	7.05998
98.222496	49.0411
99.393089	40.4948
100.463844	6.01432
100.793335	1.1691
101.144272	0.346329
101.401657	5.86596
102.015137	7.01181
102.288719	1.53919
102.655716	2.08769
102.915886	0.234098
103.315071	3.89281
104.165070	0.568203
104.573120	0.146444
104.850311	0.315787
105.217278	3.11425
106.345047	0.526335
107.084511	1.84576
108.104584	0.57206
108.939682	7.6666
109.728920	2.15891
110.307045	0.389987
111.424400	1.6075
111.752434	0.168974
111.928902	0.276504
112.329910	0.791757
112.482910	0.0306507
112.747078	0.932109
113.115021	0.381606
113.431152	0.262026
113.837769	1.04056
114.153938	0.518803
114.332664	0.193143
114.532463	1.04419
114.701347	3.21378
115.182213	1.30352
115.511940	1.58898
115.852036	0.622011
116.079674	0.0722667
116.257393	0.290585
116.502510	0.206383
116.664261	0.514011
116.909874	3.61233
117.466766	1.91698
117.675964	4.76014
118.231422	0.0150364
118.866524	2.4566
119.237350	14.6564
119.859962	0.0743524
120.507065	11.4335
121.486015	1.54385
122.245575	2.37298
123.013237	3.36989
123.842178	0.454363
124.343300	0.536207
124.977036	1.83615
125.726357	0.277809
126.138992	0.00224354
126.421257	0.0685309
126.658340	0.0833048
126.945671	0.27818
127.279739	0.0868984
127.898506	0.84516
128.217377	0.258367
128.637390	1.4398
129.019119	0.74054
129.383636	0.466501
129.708603	0.0894612
129.985107	0.158994
130.181793	0.351249
130.416626	0.416441
130.674500	0.0190288
130.853287	0.1125
131.143921	0.0983394
131.355545	0.00501054
132.389343	0.0668246
132.643066	0.0386481
132.842407	0.0348726
133.039169	0.017019
133.445938	1.48544
135.301804	2.3688
136.286514	0.634153
136.508743	0.787504
136.668106	1.87338
138.027069	2.452
139.073868	0.89534
140.135605	0.710852
141.200211	2.99063
142.220703	2.07821
143.990494	3.6942
145.856339	0.705022
146.125214	0.818707
146.286560	0.282196
146.563644	0.142931
147.043732	5.6736
147.850464	6.14528
148.731293	2.55048
149.152313	0.15241
149.474823	0.0840769
149.691925	0.199716
149.986664	0.049649
150.156921	0.0419594
150.396347	0.337454
150.901016	0.395065
151.158401	0.142933
151.352600	0.175017
151.650574	0.0783145
151.840240	0.219316
152.968704	0.448551
153.310394	0.855089
154.166245	0.603123
154.649200	3.12778
154.931229	1.28462
155.356964	0.0949438
156.114243	9.88376
157.095901	1.22784
157.769089	1.3481
158.323380	1.44222
158.656281	1.35937
159.039001	0.942621
160.230545	5.28708
160.491547	5.56569
161.171051	0.0477922
161.839951	13.2391
163.872696	8.19172
164.256927	19.0453
165.533463	5.37494
165.749237	3.32688
166.648895	4.44679
166.921417	0.77661
167.448959	0.457478
167.822388	0.0521116
169.245438	12.5308
172.040222	4.56972
172.324631	1.76254
172.487564	1.28937
172.784515	0.842982
173.018295	0.803427
173.640717	2.0234
173.923111	3.38357
175.254684	0.611175
175.824005	0.320436
176.357025	1.39941
176.733307	3.88896
177.080627	1.56727
177.501434	0.249626
177.784271	0.0472224
178.843079	3.14113
180.111343	1.58076
181.968292	2.81055
182.565643	0.102998
183.073639	0.318559
183.434418	0.161348
184.334869	0.15628
185.701782	2.87812
186.516922	0.117903
186.940521	2.79629
187.978027	2.06457
188.815872	0.186727
190.680389	1.50488
193.500427	3.3077
194.876373	0.104602
196.577515	0.416544
197.186417	1.13668
197.680237	0.453391
198.109344	0.439811
198.548126	0.112873
199.389175	0.489313
201.821884	0.729998
202.914124	1.36727
204.339554	0.970102
205.393967	6.34666
209.688019	2.44355
211.127350	10.2537
214.061783	3.09635
214.579697	0.0620681
214.776855	0.179836
215.350204	0.256256
215.674393	0.167925
215.889771	0.0852473
216.198212	0.106547
216.497208	0.185986
217.024399	0.0577892
218.601654	1.91333
220.168564	0.135994
220.933853	0.413285
221.385361	0.170557
221.881348	0.119352
222.264343	0.179892
224.422562	0.321977
225.057083	1.05264
225.463913	1.30278
225.761459	0.837049
226.000641	0.332315
226.343750	0.280894
226.960068	8.37855
229.430420	5.0663
229.786072	2.55327
230.180054	13.0588
231.623276	7.90833
232.784714	17.1371
234.017731	10.6664
235.190811	3.27267
235.880936	2.16303
236.234833	0.414687
236.390671	0.465701
236.807739	0.448259
237.078156	0.985774
239.421280	0.331225
240.149673	0.146762
240.588791	0.0946193
241.118103	0.0553589
241.497681	0.0106478
242.982803	0.827296
244.703018	7.70191
245.673615	2.79642
246.213181	0.941112
246.586517	0.392708
246.730087	0.0836498
247.145248	0.055483
250.439636	6.53632
254.153351	1.30168
255.823395	0.151525
256.686310	0.10394
256.923737	0.199466
257.261963	0.258803
257.648499	0.0196871
257.873444	0.0620662
258.276642	0.0644148
259.942078	0.289637
260.579437	0.0798844
260.858826	0.0461542
261.117981	0.0405767
261.497528	0.0236843
261.806183	0.224166
264.828339	1.44907
268.111450	0.501673
270.612488	0.0138379
271.647064	0.0665279
272.449829	0.0505902
272.751678	0.156122
273.081207	0.174087
273.415863	0.0165252
273.720490	0.0380811
274.471313	0.686144
275.815369	0.541829
276.903015	0.0906276
277.659271	0.00638277
277.843567	0.169732
278.630402	1.31476
279.652832	0.125058
279.920654	0.0466601
281.296082	5.07955
284.504150	4.89619
285.787109	3.34254
286.464386	0.0109973
286.952911	0.408576
287.530060	0.0594333
287.883698	0.00542193
289.394653	2.93648
293.648346	0.124462
293.943878	0.235234
294.373077	0.565228
294.717468	0.581624
295.000336	0.0614914
295.380829	0.171656
295.824158	0.195491
296.475891	0.0411052
296.894470	0.167146
299.319122	1.02619
300.219116	5.21569
301.246796	3.28978
301.608368	2.29118
302.265900	0.459731
303.331085	6.12587
304.805145	7.69971
306.082794	3.22683
306.776642	2.79414
310.969391	2.25287
312.529236	1.51229
314.641724	4.70949
315.697479	1.65956
316.160706	0.694796
316.805817	0.355868
317.352478	0.0349975
318.082275	0.0250958
322.127441	1.42561
326.821991	11.9
330.187256	0.608142
330.948364	0.634981
331.441498	2.61845
331.786804	3.02497
332.693390	7.87444
335.952850	4.67684
337.600800	0.0857564
338.001709	0.072362
338.275116	0.0247628
338.706879	0.0306182
339.036804	0.0246898
341.175232	0.172146
341.966034	0.0367448
342.286621	0.0248409
342.612732	0.0131122
343.028870	0.0126113
343.310486	0.0037826
346.243713	2.89884
354.836761	0.705411
355.909180	1.42643
356.523315	0.857272
357.130188	0.474734
357.723267	0.16137
358.168060	0.0183528
358.601563	0.0828617
359.401733	0.785817
359.925812	0.606783
360.270142	0.377584
360.604126	0.259272
361.085449	0.872492
361.750549	0.751497
362.323853	0.237512
362.959717	0.128809
363.354828	0.114657
365.493988	0.0250247
366.635071	0.0129712
367.039703	0.345944
367.519775	0.277862
367.776031	0.038833
368.231171	0.134103
368.620544	0.0672638
368.872162	0.00921379
369.822693	0.207822
371.635315	0.419176
372.541504	1.16077
373.222412	0.794085
373.819427	0.265856
374.451660	0.144674
374.817780	0.0110217
375.728760	0.00609715
376.418854	9.95714e-005
376.682922	1.29034e-006
377.079468	1.62242e-006
382.174194	0.00134944
382.711304	0.0499686
383.276794	0.0839694
383.607300	0.0543538
383.952057	0.028263
384.402954	0.0226705
384.690826	0.0121074
384.941223	0.00522301
385.242340	0.0431103
385.472473	0.0377055
385.658356	0.00754553
385.786224	9.02993e-005
386.027588	0.00696099
386.317749	0.00567769
386.515167	0.00440604
386.674988	5.9012e-005
386.920349	1.37645e-008
394.513306	0.118297
395.819916	1.7259
398.901001	2.91894
401.008942	0.884846
403.104706	0.421337
404.284241	0.0200161
404.823425	0.0394752
405.164642	0.0283046
405.533234	0.0111016
405.979828	0.0121706
406.274017	0.0060346
409.097382	7.59303
424.501038	0.671292
428.673126	0.917428
430.771118	0.904852
432.137909	0.224614
432.576813	0.283664
432.863007	0.148407
433.320374	0.0629204
434.416809	0.410685
435.722534	0.116554
436.753967	0.202737
437.238434	0.133583
437.549805	0.0111411
438.016663	0.0382966
438.445313	0.0161399
438.700165	0.000826557
438.983765	0.000160983
440.441986	0.210659
443.474121	0.366597
444.938660	3.28682
446.276031	2.43488
446.857971	0.481661
447.720917	1.01271
448.135742	0.0594686
449.066711	0.0544155
450.035553	0.0860222
453.695984	0.61215
456.091553	2.76891
457.375244	0.438716
457.806000	0.446883
458.561279	0.0440458
459.166443	0.0730169
459.443420	0.00344205
460.254852	0.0183522
460.948425	0.115259
461.545715	0.046682
462.323029	0.0343472
462.892792	0.00484027
463.374390	0.000362304
463.763306	5.46192e-006
464.051666	3.75995e-007
464.267578	3.08929e-007
464.469513	3.08662e-007
464.620850	1.54324e-007
464.721771	1.54325e-007
464.822693	1.54325e-007
465.260132	1.18315e-006
465.680969	1.02883e-007
465.765137	1.54325e-007
465.883026	2.05766e-007
466.000916	1.54325e-007
466.253571	6.17298e-007
466.489471	1.02883e-007
466.607452	2.57208e-007
466.725433	1.02883e-007
466.792847	1.02883e-007
466.910858	2.57208e-007
467.130035	4.11532e-007
467.315552	1.54325e-007
467.399902	1.02883e-007
467.467377	1.02883e-007
467.922943	1.28604e-006
468.378754	1.02883e-007
468.463196	1.54325e-007
468.581390	2.05766e-007
468.699646	1.54325e-007
468.953033	6.17298e-007
469.189606	1.02883e-007
469.307922	2.57208e-007
469.460052	2.05766e-007
469.679871	4.62974e-007
469.865875	1.02883e-007
470.373413	1.44036e-006
470.915070	2.05766e-007
471.033600	1.54325e-007
471.169067	2.57208e-007
471.287628	1.02883e-007
471.457031	4.11532e-007
471.643402	1.54325e-007
471.728119	1.02883e-007
471.795929	1.02883e-007
472.084076	7.71623e-007
472.609772	8.23064e-007
472.999969	3.60091e-007
473.509186	1.18315e-006
473.933746	1.02883e-007
474.239563	8.23064e-007
474.783447	8.23064e-007
475.174561	3.60091e-007
475.667938	1.13171e-006
476.093475	1.54325e-007
476.195648	1.54325e-007
476.531525	0.00832005
477.722260	0.318866
478.969116	0.52273
479.661865	0.331022
480.343262	0.420379
481.004730	0.112216
481.632172	0.0421169
482.151794	0.0037552
482.636627	0.000109845
482.909943	5.17929e-007
483.199768	3.71767e-007
483.425507	3.08701e-007
483.579956	1.54321e-007
483.700073	2.05766e-007
483.803040	1.02883e-007
483.940369	3.08649e-007
484.421143	1.13171e-006
484.850586	1.54325e-007
484.953674	1.54325e-007
485.170044	0.00135025
485.775574	0.0502046
486.409332	0.112905
486.784668	0.0703221
487.169830	0.0239614
487.698639	0.0196416
487.994415	0.00538852
488.681427	0.100742
489.505768	0.000929934
489.978516	0.244466
490.709045	0.148273
491.395905	0.124406
492.088837	0.032859
492.628723	0.00346318
493.443939	0.0245705
494.885559	0.399512
496.858612	0.0515597
501.415436	0.72973
503.320709	0.379315
504.059784	0.202418
504.805298	0.153126
505.395538	0.029164
506.122772	0.13099
506.872559	0.077147
507.591705	0.0503534
508.300232	0.0166221
508.822357	0.00167872
510.293304	0.0664191
514.111633	0.216134
515.690979	0.679915
516.661865	0.687946
517.353882	0.258945
518.450439	0.904636
519.921875	0.0444377
520.931274	0.0602947
525.445801	0.0802262
528.073364	0.682619
529.149170	0.0662404
529.590332	0.193098
530.100159	1.06368
530.953369	0.126628
531.638245	0.104015
531.867249	0.0663814
532.333252	0.0504474
545.551636	3.30576
567.396362	1.69101
573.328064	0.870906
577.471375	1.06062
579.846863	5.30272
581.604980	5.08165
583.060730	5.55224
587.031128	2.35668
587.457642	0.591568
587.811646	0.261391
588.369141	1.95897
591.164612	1.26283
593.811401	1.75968
596.182800	0.0500374
597.464111	0.586574
606.383728	3.06122
614.973328	1.12837
616.160767	0.456533
617.004456	0.413671
617.498840	0.306815
617.880005	0.135903
618.722046	9.61335
620.972900	7.85889
621.567810	2.93846
622.576416	1.51357
622.905945	0.577266
625.014771	0.811461
625.545715	0.105778
625.970215	0.556674
628.410278	0.416225
631.484863	0.74811
633.136108	0.234955
633.643677	3.48665
634.753174	3.78629
635.476135	1.42441
636.555298	2.05228
637.118835	0.0767532
638.234985	0.0792071
639.217163	0.0398242
645.339539	0.389343
648.324524	0.0164428
648.990356	0.0122074
656.740601	0.546384
658.382996	0.0403603
658.820251	0.0272963
659.274902	0.0132089
659.861206	0.0117456
660.275879	0.00619974
664.346375	0.632532
672.818054	0.0475921
673.542480	0.0853921
673.983032	0.0528111
674.428345	0.04185
675.127258	0.102126
675.738281	0.0666093
676.108154	0.0237208
676.727722	0.0370642
677.190735	0.0236174
677.788879	0.0932573
686.659973	0.145386
688.122620	0.116448
688.477173	0.147937
689.025208	0.251687
689.520569	0.00628428
690.013184	0.0735911
691.733765	1.28348
695.389099	0.568425
696.729248	1.89094
697.530396	1.25321
698.487305	0.428759
699.234985	0.225246
700.132568	0.224439
705.445496	1.50772
709.458008	0.108235
710.669739	0.313649
711.528320	0.182469
712.362244	0.0814797
713.203003	0.0269499
714.689392	0.297738
724.111511	0.95253
731.367920	0.664766
738.709473	0.477256
741.467346	0.909541
742.701721	0.0980855
743.956787	1.42147
746.013733	0.707484
747.132996	0.249124
749.422241	0.367033
751.470703	0.234654
754.100952	1.76361
764.218811	0.39817
765.582581	0.280896
766.017761	0.498136
766.596924	0.72482
767.494568	0.476465
768.319580	0.104551
769.346497	0.213371
770.126587	0.000281562
770.874512	0.0120418
775.198181	0.731593
777.489929	2.5282
778.347717	3.01691
779.243103	0.6937
780.030945	0.657802
780.739685	0.0285522
782.151672	0.285395
782.783691	0.0356276
783.452698	0.0474422
784.543030	0.289404
785.104492	0.444751
790.074402	0.253027
791.519165	0.0232764
792.283264	0.0418909
792.764709	0.0277201
793.265137	0.0133886
793.907898	0.0115249
794.362122	0.00625391
801.304382	0.148341
802.528320	0.0878606
803.153625	0.0677833
803.557007	0.0249394
804.242493	0.0363752
804.739502	0.025418
805.099548	0.00217847
812.922791	3.12185
821.420654	0.31569
822.975525	8.29385e-008
823.267212	2.76462e-007
823.648743	1.93523e-007
824.209961	4.97631e-007
824.883667	3.31754e-007
825.377869	2.76462e-007
826.074524	5.8057e-007
826.591614	5.52924e-008
828.031311	1.71406e-006
829.674927	3.04108e-007
830.103027	2.21169e-007
830.373474	1.10585e-007
830.553772	1.10585e-007
830.734070	1.10585e-007
830.914429	1.10585e-007
831.094788	1.10585e-007
831.275146	1.10585e-007
831.455566	1.10585e-007
831.635986	1.10585e-007
831.816406	1.10585e-007
831.996887	1.10585e-007
832.177368	1.10585e-007
832.357910	1.10585e-007
832.538391	1.10585e-007
832.764099	1.65877e-007
833.574646	0.0138474
836.566833	0.815199
839.825562	3.78251
841.624939	0.79471
841.941956	0.0563177
842.518311	0.381755
843.564880	0.344208
844.279358	0.0326778
845.280334	0.0241685
847.148071	0.424059
848.117615	0.286941
848.692017	0.619432
849.458191	0.133322
849.800171	0.122041
850.511475	0.241715
851.288269	0.0246913
851.941650	0.00181625
852.471680	2.73963e-005
852.863708	1.1075e-006
853.153381	1.67275e-007
853.430054	1.6594e-007
853.635925	8.29372e-008
853.773010	8.29385e-008
853.955872	1.38231e-007
854.161621	1.10585e-007
854.481689	2.76462e-007
855.304993	7.18801e-007
856.060120	1.936e-007
857.067200	0.0258393
859.061890	0.177762
860.311157	0.122949
861.250671	0.0540443
862.052856	0.235504
863.517273	1.22335
864.441467	0.66016
865.553833	0.19787
866.326965	0.132101
867.053467	0.00903142
867.576111	0.000150705
867.910461	0.0840455
869.547485	8.21203e-008
869.639709	8.21203e-008
869.778137	1.64241e-007
869.916565	8.21203e-008
870.424255	8.21203e-007
870.932068	8.21203e-008
871.024414	8.21203e-008
871.717163	1.14968e-006
872.941711	1.0265e-006
873.681458	2.87421e-007
874.028381	3.28481e-007
874.514099	2.87421e-007
874.282776	1.2318e-007
876.226868	2.75103e-006
878.335388	9.85443e-007
879.170227	4.92722e-007
879.564636	2.05301e-007
879.727051	8.21203e-008
880.121521	6.15902e-007
880.516113	8.21203e-008
880.632202	1.2318e-007
880.748291	8.21203e-008
880.887573	1.64241e-007
881.328796	6.15902e-007
881.886292	3.69541e-007
882.908813	1.4371e-006
884.280823	9.85443e-007
885.118530	4.92722e-007
885.514282	2.05301e-007
885.910095	4.92722e-007
886.538879	6.15902e-007
887.191284	5.33782e-007
887.727295	4.10601e-007
888.146912	3.28481e-007
888.869873	9.44383e-007
889.826416	7.39082e-007
890.409973	2.87421e-007
890.760193	3.28481e-007
891.157166	3.69541e-007
891.554260	3.28635e-007
892.605774	0.0521357
894.668274	0.192971
895.504028	0.0287323
896.001953	0.148131
896.898865	0.105605
897.876099	0.0900865
898.673218	0.00966404
899.346375	0.000725354
899.891235	1.15551e-005
900.244263	3.1923e-007
900.593628	2.4692e-007
900.876160	2.46386e-007
901.087524	1.2318e-007
901.228455	1.2318e-007
902.238708	1.64241e-006
903.320129	2.46361e-007
903.790466	5.74842e-007
904.331543	3.69541e-007
906.120667	2.75103e-006
908.265198	9.85443e-007
909.114319	4.92722e-007
909.515381	2.05301e-007
909.916626	4.92722e-007
910.553955	6.15902e-007
911.097107	3.28481e-007
911.498657	3.69541e-007
911.900269	3.28481e-007
912.302002	3.69541e-007
912.963867	7.80143e-007
913.815186	6.98022e-007
914.406555	3.28481e-007
914.832520	4.10601e-007
915.305908	4.10601e-007
915.748169	0.0733647
933.933228	3.30334
964.897034	0.0317934
966.218506	0.146224
967.904419	0.0891873
968.403442	0.541232
969.111084	0.48135
969.757629	0.123837
970.340210	0.157427
971.023376	0.145466
971.582520	0.00409478
971.796997	0.000146169
972.472473	0.000135017
972.863220	5.39237e-007
973.275818	3.92995e-007
973.597107	3.26897e-007
973.816895	1.63419e-007
973.987915	2.17896e-007
974.134460	1.08948e-007
974.378784	4.35793e-007
974.818604	5.44741e-007
975.111877	1.08948e-007
975.209656	1.08948e-007
975.356323	2.17896e-007
975.502991	1.08948e-007
975.649658	2.17896e-007
975.796387	1.08948e-007
975.894165	1.08948e-007
975.992004	1.08948e-007
976.089783	1.08948e-007
976.187622	1.08948e-007
976.285461	1.08948e-007
976.383301	1.08948e-007
976.652344	4.90267e-007
977.043762	3.81319e-007
977.386292	3.81319e-007
977.851318	6.53689e-007
978.267456	2.7237e-007
978.438843	1.08948e-007
978.536743	1.08948e-007
978.757141	3.81319e-007
979.099976	3.81319e-007
979.442932	3.81319e-007
979.663391	1.08948e-007
979.883911	3.81319e-007
980.226990	3.81319e-007
980.864258	1.03501e-006
981.403625	1.63422e-007
981.943176	1.03501e-006
982.458313	1.08948e-007
982.679138	3.81319e-007
983.022705	3.81319e-007
983.366333	3.81319e-007
983.587219	1.08948e-007
983.980042	7.62637e-007
984.372986	1.08948e-007
984.765930	7.62637e-007
985.158997	1.08948e-007
985.552124	7.62637e-007
985.945374	1.08948e-007
986.215759	4.90267e-007
986.486145	1.08948e-007
986.584473	1.08948e-007
986.682861	1.08948e-007
986.977905	5.44741e-007
987.273010	1.08948e-007
987.740417	9.26059e-007
988.478577	7.08163e-007
989.034485	0.00135029
989.901855	0.0499674
990.814697	0.0839702
991.348389	0.0542337
992.149170	0.341258
993.176147	0.462498
993.714905	0.292461
994.270569	0.114236
995.015442	0.0947683
995.451111	0.027978
995.813843	0.0018288
996.222839	9.39216e-005
996.415344	4.00148e-007
996.715881	1.61154e-007
996.864014	1.634e-007
997.012329	1.63422e-007
997.308960	4.90267e-007
997.729248	4.35793e-007
998.026001	2.17896e-007
998.273315	3.26845e-007
998.891724	1.03501e-006
999.584595	4.90267e-007
1000.079651	5.99215e-007
1000.847229	1.08948e-006
1001.515991	3.81319e-007
1002.408081	1.57975e-006
1003.226135	2.17896e-007
1003.374939	1.08948e-007
1003.573303	3.26845e-007
1003.771729	1.08948e-007
1004.044556	4.90267e-007
1004.466309	4.35793e-007
1004.937744	5.99215e-007
1005.359680	3.26845e-007
1005.607910	2.17896e-007
1005.756897	1.08948e-007
1005.905823	2.17896e-007
1006.054810	1.08948e-007
1006.154175	1.08948e-007
1006.253479	1.08948e-007
1006.725342	9.26059e-007
1007.346436	4.35793e-007
1007.793701	5.44741e-007
1008.589172	1.19843e-006
1009.335144	4.35793e-007
1009.583862	1.08948e-007
1009.857544	4.90267e-007
1010.330261	2.17896e-007
1010.156067	1.63422e-007
1010.529358	2.17896e-007
1010.877747	5.44741e-007
1011.724243	1.30738e-006
1012.521240	4.35793e-007
1012.770325	1.08948e-007
1012.969666	3.26845e-007
1013.393311	5.99215e-007
1013.866882	4.35793e-007
1014.116150	1.08948e-007
1014.365479	4.35793e-007
1014.821960	0.0002348
1016.922852	0.000288433
1017.334839	4.90267e-007
1017.759399	4.35793e-007
1018.159058	4.35793e-007
1018.633728	5.99215e-007
1019.108521	4.35793e-007
1019.483459	3.81319e-007
1019.708435	1.08948e-007
1020.158508	8.71585e-007
1020.608643	1.08948e-007
1021.083923	9.26059e-007
1021.784546	5.99215e-007
1022.310181	5.44741e-007
1022.610535	1.08948e-007
1022.710693	1.08948e-007
1022.860962	2.17896e-007
1023.011169	1.08948e-007
1023.161438	2.17896e-007
1023.311707	1.08948e-007
1023.411865	1.08948e-007
1023.512085	1.08948e-007
1023.612244	1.08948e-007
1023.712463	1.08948e-007
1023.812683	1.08948e-007
1023.912842	1.08948e-007
1024.188477	4.90267e-007
1024.589355	3.81319e-007
1025.015503	5.44741e-007
1025.516846	5.44741e-007
1025.817749	1.08948e-007
1025.918091	1.08948e-007
1026.068481	2.17896e-007
1026.218994	1.08948e-007
1026.369507	2.17896e-007
1026.520020	1.08948e-007
1026.620361	1.08948e-007
1026.720703	1.08948e-007
1026.821045	1.08948e-007
1026.921387	1.08948e-007
1027.021729	1.08948e-007
1027.122070	1.08948e-007
1027.398071	4.90267e-007
1027.799683	3.81319e-007
1028.151123	3.81319e-007
1028.628174	6.53689e-007
1029.055054	2.7237e-007
1029.230957	1.08948e-007
1029.331421	1.08948e-007
1029.557495	3.81319e-007
1029.909180	3.81319e-007
1030.260986	3.81319e-007
1030.713379	3.81319e-007
1030.487183	1.08948e-007
1031.065308	3.81319e-007
1031.719116	1.03501e-006
1032.272461	1.63422e-007
1032.473755	2.7237e-007
1032.840942	0.00067466
1033.727295	0.0249842
1034.660278	0.0419855
1035.205688	0.0271774
1035.774170	0.0141315
1036.517944	0.0113352
1036.992554	0.00605339
1037.347534	0.000203439
1037.764526	1.05892e-005
1038.268188	1.6317e-007
1038.419556	1.6342e-007
1038.848511	7.62637e-007
1039.605835	8.71585e-007
1040.413818	8.71585e-007
1041.020020	4.35793e-007
1041.525391	6.53689e-007
1041.954956	2.7237e-007
1042.131958	1.08948e-007
1042.233032	1.08948e-007
1042.460571	3.81319e-007
1042.814453	3.81319e-007
1043.168457	3.81319e-007
1043.396118	1.08948e-007
1043.623779	3.81319e-007
1043.977905	3.81319e-007
1044.635742	1.03501e-006
1045.369873	5.44741e-007
1045.673706	1.08948e-007
1046.028198	6.53689e-007
1046.382690	1.08948e-007
1046.864014	9.26059e-007
1047.725586	9.26059e-007
1048.207153	1.08948e-007
1048.308594	1.08948e-007
1048.587524	4.90267e-007
1049.018555	4.35793e-007
1049.322998	2.17896e-007
1049.576660	3.26845e-007
1050.210938	1.03501e-006
1050.921509	4.90267e-007
1051.429321	5.99215e-007
1052.216553	1.08948e-006
1052.902466	3.81319e-007
1053.817261	1.57975e-006
1054.656372	2.17896e-007
1054.808960	1.08948e-007
1055.012329	3.26845e-007
1055.215820	1.08948e-007
1055.495728	4.90267e-007
1055.928223	4.35793e-007
1056.411743	5.99215e-007
1056.844482	3.26845e-007
1057.098999	2.17896e-007
1057.251709	1.08948e-007
1057.404541	2.17896e-007
1057.557373	1.08948e-007
1057.659180	1.08948e-007
1057.761108	1.08948e-007
1058.244995	9.26059e-007
1058.881958	4.35793e-007
1059.340576	5.44741e-007
1060.156372	1.19843e-006
1060.921387	4.35793e-007
1061.176514	1.08948e-007
1061.457031	4.90267e-007
1061.763306	1.63422e-007
1061.941895	2.17896e-007
1062.145996	2.17896e-007
1062.503296	5.44741e-007
1063.371338	1.30738e-006
1064.188721	4.35793e-007
1064.444214	1.08948e-007
1064.648560	3.26845e-007
1065.083008	5.99215e-007
1065.568604	4.35793e-007
1065.824219	1.08948e-007
1066.258911	8.17111e-007
1066.770386	2.7237e-007
1067.281982	8.17111e-007
1067.972778	6.53689e-007
1068.535889	5.44741e-007
1068.868652	1.63422e-007
1069.150391	4.35793e-007
1069.560059	4.35793e-007
1069.969849	4.35793e-007
1070.456665	5.99215e-007
1070.943481	4.35793e-007
1071.328003	3.81319e-007
1071.558716	1.08948e-007
1072.020142	8.71585e-007
1072.481689	1.08948e-007
1072.968994	9.26059e-007
1073.687378	5.99215e-007
1074.226318	5.44741e-007
1074.534424	1.08948e-007
1074.637085	1.08948e-007
1074.791138	2.17896e-007
1074.945190	1.08948e-007
1075.099243	2.17896e-007
1075.253296	1.08948e-007
1075.355957	1.08948e-007
1075.458740	1.08948e-007
1075.561401	1.08948e-007
1075.664185	1.08948e-007
1075.766968	1.08948e-007
1075.869629	1.08948e-007
1076.152222	4.90267e-007
1076.563354	3.81319e-007
1077.000244	5.44741e-007
1077.514282	5.44741e-007
1077.822754	1.08948e-007
1077.925659	1.08948e-007
1078.079956	2.17896e-007
1078.234131	1.08948e-007
1078.388428	2.17896e-007
1078.542847	1.08948e-007
1078.645630	1.08948e-007
1078.748535	1.08948e-007
1078.851440	1.08948e-007
1078.954346	1.08948e-007
1079.057251	1.08948e-007
1079.160156	1.08948e-007
1079.443115	4.90267e-007
1079.854858	3.81319e-007
1080.215210	3.81319e-007
1080.704346	6.53689e-007
1081.141968	2.7237e-007
1081.322266	1.08948e-007
1081.425293	1.08948e-007
1081.657104	3.81319e-007
1082.017700	3.81319e-007
1082.378418	3.81319e-007
1082.610229	1.08948e-007
1082.842163	3.81319e-007
1083.203003	3.81319e-007
1083.873291	1.03501e-006
1084.440552	1.63422e-007
1085.008057	1.03501e-006
1085.549805	1.08948e-007
1085.782104	3.81319e-007
1086.143433	3.81319e-007
1086.504761	3.81319e-007
1086.737183	1.08948e-007
1087.150269	7.62637e-007
1087.563477	1.08948e-007
1087.976807	7.62637e-007
1088.390137	1.08948e-007
1088.803589	7.62637e-007
1089.217041	1.08948e-007
1089.501465	4.90267e-007
1089.785767	1.08948e-007
1089.889160	1.08948e-007
1089.992676	1.08948e-007
1090.302979	5.44741e-007
1090.613281	1.08948e-007
1091.104736	9.26059e-007
1091.958618	8.71585e-007
1092.786987	8.71585e-007
1093.408447	4.35793e-007
1093.926514	6.53689e-007
1094.366821	2.7237e-007
1094.548218	1.08948e-007
1094.651855	1.08948e-007
1094.885132	3.81319e-007
1095.247925	3.81319e-007
1095.610840	3.81319e-007
1096.077515	3.81319e-007
1095.844238	1.08948e-007
1096.440552	3.81319e-007
1097.114990	1.03501e-006
1097.867432	5.44741e-007
1098.178833	1.08948e-007
1098.542236	6.53689e-007
1098.905762	1.08948e-007
1099.399048	9.26059e-007
1100.282227	9.26059e-007
1100.775879	1.08948e-007
1100.879883	1.08948e-007
1101.165771	4.90267e-007
1101.607544	4.35793e-007
1101.919556	2.17896e-007
1102.179565	3.26845e-007
1102.829712	1.03501e-006
1103.558105	4.90267e-007
1104.078613	5.99215e-007
1104.885498	1.08948e-006
1105.588623	3.81319e-007
1106.526367	1.57975e-006
1107.386230	2.17896e-007
1107.542725	1.08948e-007
1107.751221	3.26845e-007
1107.959839	1.08948e-007
1108.246582	4.90267e-007
1108.689941	4.35793e-007
1109.185425	5.99215e-007
1109.629028	3.26845e-007
1109.889893	2.17896e-007
1110.046509	1.08948e-007
1110.203125	2.17896e-007
1110.359619	1.08948e-007
1110.464111	1.08948e-007
1110.568481	1.08948e-007
1111.064453	9.26059e-007
1111.717285	4.35793e-007
1112.187378	5.44741e-007
1113.023438	1.19843e-006
1113.807495	4.35793e-007
1114.068970	1.08948e-007
1114.356567	4.90267e-007
1114.853394	2.17896e-007
1114.670410	1.63422e-007
1115.062622	2.17896e-007
1115.428833	5.44741e-007
1116.318481	1.30738e-006
1117.156128	4.35793e-007
1117.417969	1.08948e-007
1117.627441	3.26845e-007
1118.072632	5.99215e-007
1118.570313	4.35793e-007
1118.832275	1.08948e-007
1119.277710	8.17111e-007
1119.801880	2.7237e-007
1120.326294	8.17111e-007
1121.034180	6.53689e-007
1121.611328	5.44741e-007
1121.952393	1.63422e-007
1122.240967	4.35793e-007
1122.660889	4.35793e-007
1123.080811	4.35793e-007
1123.579712	5.99215e-007
1124.078613	4.35793e-007
1124.472534	3.81319e-007
1124.708984	1.08948e-007
1125.181885	8.71585e-007
1125.654907	1.08948e-007
1126.154297	9.26059e-007
1126.890503	5.99215e-007
1127.442749	5.44741e-007
1127.758423	1.08948e-007
1127.863647	1.08948e-007
1128.021484	2.17896e-007
1128.179321	1.08948e-007
1128.337158	2.17896e-007
1128.495117	1.08948e-007
1128.600342	1.08948e-007
1128.705566	1.08948e-007
1128.810913	1.08948e-007
1128.916138	1.08948e-007
1129.021362	1.08948e-007
1129.126709	1.08948e-007
1129.416260	4.90267e-007
1129.837524	3.81319e-007
1130.285156	5.44741e-007
1130.811890	5.44741e-007
1131.128052	1.08948e-007
1131.233398	1.08948e-007
1131.391479	2.17896e-007
1131.549683	1.08948e-007
1131.707764	2.17896e-007
1131.865845	1.08948e-007
1131.971313	1.08948e-007
1132.076660	1.08948e-007
1132.182129	1.08948e-007
1132.287598	1.08948e-007
1132.393066	1.08948e-007
1132.498413	1.08948e-007
1132.788452	4.90267e-007
1133.210327	3.81319e-007
1133.579590	3.81319e-007
1134.080688	6.53689e-007
1134.529175	2.7237e-007
1134.713989	1.08948e-007
1134.819458	1.08948e-007
1135.057007	3.81319e-007
1135.426514	3.81319e-007
1135.796143	3.81319e-007
1136.271362	3.81319e-007
1136.033691	1.08948e-007
1136.641113	3.81319e-007
1137.327881	1.03501e-006
1137.909180	1.63422e-007
1138.490601	1.03501e-006
1139.045654	1.08948e-007
1139.283691	3.81319e-007
1139.653931	3.81319e-007
1140.024170	3.81319e-007
1140.262207	1.08948e-007
1140.685547	7.62637e-007
1141.108887	1.08948e-007
1141.532349	7.62637e-007
1141.955811	1.08948e-007
1142.379395	7.62637e-007
1142.803101	1.08948e-007
1143.094482	4.90267e-007
1143.385864	1.08948e-007
1143.491821	1.08948e-007
1143.597778	1.08948e-007
1143.915649	5.44741e-007
1144.233643	1.08948e-007
1144.737183	9.26059e-007
1145.612061	8.71585e-007
1146.460693	8.71585e-007
1147.097412	4.35793e-007
1147.628174	6.53689e-007
1148.079346	2.7237e-007
1148.265137	1.08948e-007
1148.371338	1.08948e-007
1148.610229	3.81319e-007
1148.982056	3.81319e-007
1149.353882	3.81319e-007
1149.592896	1.08948e-007
1149.831909	3.81319e-007
1150.203857	3.81319e-007
1150.894775	1.03501e-006
1151.665649	5.44741e-007
1151.984741	1.08948e-007
1152.357056	6.53689e-007
1152.729370	1.08948e-007
1153.234741	9.26059e-007
1154.139526	9.26059e-007
1154.645264	1.08948e-007
1154.751831	1.08948e-007
1155.044678	4.90267e-007
1155.497314	4.35793e-007
1155.816895	2.17896e-007
1156.083252	3.26845e-007
1156.749268	1.03501e-006
1157.495483	4.90267e-007
1158.028687	5.99215e-007
1158.855347	1.08948e-006
1159.575562	3.81319e-007
1160.536133	1.57975e-006
1161.417114	2.17896e-007
1161.577271	1.08948e-007
1161.790894	3.26845e-007
1162.004517	1.08948e-007
1162.298340	4.90267e-007
1162.752441	4.35793e-007
1163.260132	5.99215e-007
1163.714355	3.26845e-007
1163.981689	2.17896e-007
1164.142090	1.08948e-007
1164.302490	2.17896e-007
1164.462891	1.08948e-007
1164.569824	1.08948e-007
1164.676758	1.08948e-007
1165.184814	9.26059e-007
1165.853516	4.35793e-007
1166.335083	5.44741e-007
1167.191528	1.19843e-006
1167.994629	4.35793e-007
1168.262451	1.08948e-007
1168.557007	4.90267e-007
1168.878418	1.63422e-007
1169.065918	2.17896e-007
1169.280273	2.17896e-007
1169.655396	5.44741e-007
1170.566650	1.30738e-006
1171.424561	4.35793e-007
1171.692749	1.08948e-007
1171.907349	3.26845e-007
1172.363281	5.99215e-007
1172.873047	4.35793e-007
1173.141479	1.08948e-007
1173.597656	8.17111e-007
1174.134521	2.7237e-007
1174.671631	8.17111e-007
1175.396729	6.53689e-007
1175.987793	5.44741e-007
1176.337158	1.63422e-007
1176.632690	4.35793e-007
1177.062744	4.35793e-007
1177.492920	4.35793e-007
1178.003784	5.99215e-007
1178.514771	4.35793e-007
1178.918335	3.81319e-007
1179.160522	1.08948e-007
1179.644775	8.71585e-007
1180.129272	1.08948e-007
1180.640747	9.26059e-007
1181.394653	5.99215e-007
1181.960327	5.44741e-007
1182.283569	1.08948e-007
1182.391357	1.08948e-007
1182.552979	2.17896e-007
1182.714722	1.08948e-007
1182.876343	2.17896e-007
1183.038086	1.08948e-007
1183.145874	1.08948e-007
1183.253662	1.08948e-007
1183.361450	1.08948e-007
1183.469360	1.08948e-007
1183.577148	1.08948e-007
1183.684937	1.08948e-007
1183.981567	4.90267e-007
1184.412964	3.81319e-007
1184.871460	5.44741e-007
1185.410889	5.44741e-007
1185.734619	1.08948e-007
1185.842529	1.08948e-007
1186.004517	2.17896e-007
1186.166382	1.08948e-007
1186.328247	2.17896e-007
1186.490234	1.08948e-007
1186.598145	1.08948e-007
1186.706177	1.08948e-007
1186.814087	1.08948e-007
1186.922119	1.08948e-007
1187.030151	1.08948e-007
1187.138062	1.08948e-007
1187.435059	4.90267e-007
1187.867188	3.81319e-007
1188.245239	3.81319e-007
1188.758545	6.53689e-007
1189.217773	2.7237e-007
1189.406982	1.08948e-007
1189.515015	1.08948e-007
1189.758301	3.81319e-007
1190.136719	3.81319e-007
1190.515137	3.81319e-007
1190.758545	1.08948e-007
1191.001831	3.81319e-007
1191.380493	3.81319e-007
1192.083862	1.03501e-006
1192.679077	1.63422e-007
1193.274536	1.03501e-006
1193.843018	1.08948e-007
1194.086670	3.81319e-007
1194.465820	3.81319e-007
1194.844971	3.81319e-007
1195.088745	1.08948e-007
1195.522217	7.62637e-007
1195.955688	1.08948e-007
1196.389404	7.62637e-007
1196.822998	1.08948e-007
1197.256836	7.62637e-007
1197.690674	1.08948e-007
1197.989014	4.90267e-007
1198.287354	1.08948e-007
1198.395874	1.08948e-007
1198.504395	1.08948e-007
1198.829956	5.44741e-007
1199.155518	1.08948e-007
1199.671143	9.26059e-007
1200.567017	8.71585e-007
1201.436035	8.71585e-007
1202.087891	4.35793e-007
1202.631348	6.53689e-007
1203.093384	2.7237e-007
1203.283691	1.08948e-007
1203.392456	1.08948e-007
1203.637085	3.81319e-007
1204.017700	3.81319e-007
1204.398438	3.81319e-007
1204.887939	3.81319e-007
1204.643188	1.08948e-007
1205.268799	3.81319e-007
1205.976318	1.03501e-006
1206.765625	5.44741e-007
1207.092285	1.08948e-007
1207.473511	6.53689e-007
1207.854736	1.08948e-007
1208.372192	9.26059e-007
1209.298584	9.26059e-007
1209.816406	1.08948e-007
1209.925415	1.08948e-007
1210.225342	4.90267e-007
1210.688843	4.35793e-007
1211.015991	2.17896e-007
1211.288696	3.26845e-007
1211.970703	1.03501e-006
1212.734741	4.90267e-007
1213.280518	5.99215e-007
1214.126953	1.08948e-006
1214.864258	3.81319e-007
1215.847778	1.57975e-006
1216.749756	2.17896e-007
1216.913696	1.08948e-007
1217.132446	3.26845e-007
1217.351196	1.08948e-007
1217.651978	4.90267e-007
1218.116943	4.35793e-007
1218.636597	5.99215e-007
1219.101685	3.26845e-007
1219.375366	2.17896e-007
1219.539551	1.08948e-007
1219.703857	2.17896e-007
1219.868042	1.08948e-007
1219.977539	1.08948e-007
1220.087036	1.08948e-007
1220.607178	9.26059e-007
1221.291748	4.35793e-007
1221.784790	5.44741e-007
1222.661499	1.19843e-006
1223.483765	4.35793e-007
1223.757935	1.08948e-007
1224.059448	4.90267e-007
1224.580444	2.17896e-007
1224.388550	1.63422e-007
1224.799927	2.17896e-007
1225.183960	5.44741e-007
1226.116699	1.30738e-006
1226.995117	4.35793e-007
1227.269653	1.08948e-007
1227.489258	3.26845e-007
1227.956055	5.99215e-007
1228.477905	4.35793e-007
1228.752686	1.08948e-007
1229.219727	8.17111e-007
1229.769287	2.7237e-007
1231.640869	0.112897
1232.134033	1.2318e-007
1232.326660	1.64241e-007
1232.491699	8.21203e-008
1233.097046	8.21203e-007
1233.702637	8.21203e-008
1233.812744	8.21203e-008
1234.638794	1.14968e-006
1236.071167	9.85443e-007
1236.996826	0.000674459
1237.968018	0.024984
1238.989990	0.0419853
1239.587524	0.0271773
1240.210205	0.0141313
1241.024780	0.0113351
1241.544678	0.00605327
1241.933716	0.000203345
1242.391235	1.04953e-005
1242.718750	2.19498e-007
1242.941895	1.22928e-007
1243.107666	1.23178e-007
1243.522217	4.92722e-007
1243.992188	2.05301e-007
1244.185669	8.21203e-008
1244.655640	6.15902e-007
1245.125854	8.21203e-008
1245.264038	1.2318e-007
1245.402344	8.21203e-008
1245.568359	1.64241e-007
1246.093994	6.15902e-007
1246.758057	3.69541e-007
1247.976074	1.4371e-006
1249.610229	9.85443e-007
1250.607910	4.92722e-007
1251.134644	2.87421e-007
1252.505615	0.0154774
1254.796021	0.0956804
1255.816528	0.222835
1256.420166	0.140414
1257.015137	0.0651478
1257.890625	0.0287984
1258.381348	0.011053
1259.930176	0.565921
1262.702271	0.468806
1265.185669	0.0538047
1266.830811	0.0421132
1269.184570	0.116285
1270.576538	0.440839
1271.495239	0.488942
1272.563965	0.0561772
1272.917236	0.0829135
1273.578247	0.0814877
1273.931274	0.0144944
1274.818848	0.0133528
1275.591064	0.000728406
1276.242065	1.15443e-005
1276.662598	3.1922e-007
1277.079468	2.4692e-007
1277.416504	2.46386e-007
1277.668701	1.2318e-007
1277.836792	1.2318e-007
1278.369263	6.56962e-007
1279.154175	4.92722e-007
1279.630859	2.05301e-007
1280.107544	4.92722e-007
1280.864990	6.15902e-007
1281.510254	3.28481e-007
1281.987427	3.69541e-007
1282.464600	3.28481e-007
1282.941895	3.69541e-007
1283.728271	7.80143e-007
1284.739502	6.98022e-007
1285.442139	3.28481e-007
1285.948120	4.10601e-007
1286.482300	3.69541e-007
1286.791504	8.21203e-008
1291.059204	0.793352
1323.138794	0.356288
1327.114990	0.102034
1329.001709	0.159104
1330.611694	0.772389
1331.541382	0.821659
1332.053101	0.143098
1332.842896	0.266275
1334.084961	0.529579
1334.793213	0.0321165
1336.656006	0.0336344
1337.742188	0.00816739
1339.524414	0.416002
1341.649902	0.774881
1342.906250	0.371707
1344.080444	0.436945
1345.161377	0.207324
1346.449097	0.0515203
1353.007813	0.0616987
1357.786499	0.00439195
1371.147461	0.0565619
1376.123291	0.212426
1380.016235	0.254982
1381.417969	0.638951
1382.503540	0.997075
1383.712158	0.378549
1384.542847	0.117047
1384.842407	0.0281268
1385.815308	0.0389001
1386.892822	0.0944569
1387.753418	0.0402629
1388.373657	0.0227164
1389.240967	0.0121212
1390.065308	0.298045
1397.495483	1.55768
1405.710327	0.532462
1407.685303	0.136421
1408.942627	0.0686889
1410.137817	0.0443787
1411.256470	0.0148401
1412.853882	0.293382
1456.491089	2.48991
1469.991699	0.792367
1518.488159	2.49058
1528.672607	0.109727
1532.478149	0.592719
1539.107544	0.206473
1573.090698	1.4614
1583.130249	0.375477
1585.402710	3.046
1586.709351	2.00484
1588.031250	0.505736
1588.832642	0.0586207
1589.212280	0.0478077
1592.541138	0.813592
1597.707031	0.0572518
1603.163208	0.141868
1605.423828	0.180012
1607.245483	1.58187
1608.620239	1.23964
1609.943970	0.283675
1611.259521	0.326032
1612.187866	0.0268138
1614.062378	0.0227406
1615.819214	0.00121291
1616.836914	1.25034e-005
1617.439941	1.38903e-006
1618.376465	1.25046e-006
1619.213989	0.00029842
1619.822632	0.00929184
1620.410400	0.00795158
1620.791626	0.00186861
1621.520630	0.000712798
1622.114258	0.00526782
1622.566040	0.00479525
1622.885742	4.99649e-005
1623.174683	7.58974e-007
1632.963013	0.0258423
1635.751099	0.135481
1637.563110	0.0898062
1638.730225	0.0572048
1640.115845	0.0343187
1641.199097	0.00487491
1642.108643	0.000351679
1642.845459	5.86677e-006
1655.891968	3.45485e-006
1659.236572	0.445167
1664.068481	0.927715
1665.405884	0.845571
1666.279663	0.746875
1667.016968	0.24963
1667.874756	0.258754
1668.672974	0.188687
1670.037231	0.0925847
1672.095215	0.0108739
1673.558228	0.000198665
1674.116211	3.41351e-006
1674.954590	4.33684e-006
1720.655640	0.000119886
1723.420044	0.106793
1724.122681	0.0424267
1724.819580	0.0141607
1725.780762	0.0113969
1726.399170	0.00604142
1726.869385	0.000240521
1727.406372	7.99647e-006
1727.777466	2.75293e-007
1728.079468	2.11917e-007
1728.699585	4.7662e-007
1728.307739	1.58869e-007
1729.548828	9.00283e-007
1730.365479	4.23662e-007
1731.149658	8.47325e-007
1731.934082	4.23662e-007
1732.718628	8.47325e-007
1733.961304	1.16507e-006
1734.975342	4.7662e-007
1735.367920	1.58873e-007
1735.564331	1.58873e-007
1736.571167	0.0263409
1738.059448	0.0520681
1738.867676	0.102031
1739.493652	0.145671
1740.479370	0.0606756
1741.217529	0.043239
1741.912476	0.0612659
1742.624146	0.0041463
1743.099609	0.000237533
1743.542603	8.82001e-006
1744.008911	2.75233e-007
1744.312378	2.11917e-007
1744.541748	1.58869e-007
1744.869873	3.70705e-007
1745.459229	5.80301e-007
1746.136108	0.00134852
1747.292480	0.049874
1748.509399	0.0834895
1749.226685	0.0539834
1749.962524	0.0283394
1750.931274	0.0227945
1751.554321	0.0120834
1752.027954	0.000481506
1752.474854	1.64567e-005
1752.941162	2.85796e-007
1753.463013	0.000733956
1754.655029	0.0249375
1755.874512	0.0417443
1756.593384	0.0269914
1757.330811	0.0141692
1758.301636	0.0113969
1758.925903	0.00604142
1759.400513	0.000240521
1759.942749	7.99647e-006
1760.317383	2.75293e-007
1760.622192	2.11917e-007
1760.852661	1.58869e-007
1761.314209	5.82536e-007
1761.907593	3.70705e-007
1762.402222	4.23662e-007
1762.929932	4.23662e-007
1763.391724	3.17747e-007
1763.853516	4.23662e-007
1764.645386	8.47325e-007
1765.404541	3.70705e-007
1765.833618	3.17747e-007
1766.526855	7.94367e-007
1767.385376	5.82536e-007
1768.045898	4.7662e-007
1768.442383	1.58873e-007
1769.268311	1.16507e-006
1770.325806	5.29578e-007
1770.953857	4.7662e-007
1771.615112	5.82536e-007
1772.375610	6.35494e-007
1773.434082	1.05916e-006
1774.327393	3.70705e-007
1775.022339	7.41409e-007
1775.684326	3.17747e-007
1776.081665	3.17747e-007
1776.545166	4.23662e-007
1776.909424	1.58873e-007
1777.505493	7.94367e-007
1778.167969	2.64789e-007
1778.697998	5.82536e-007
1779.460205	6.35494e-007
1780.222412	5.82536e-007
1781.415894	1.32394e-006
1782.875122	1.0062e-006
1783.803955	4.7662e-007
1784.269897	2.69e-007
1785.223999	0.0266648
1786.997681	0.289747
1788.026001	0.205245
1788.812744	0.0767777
1789.712280	0.0707676
1790.501221	0.089276
1794.251099	0.739423
1830.295410	0.456623
1833.550781	0.264135
1834.982056	0.156642
1836.363403	0.104823
1837.724365	0.0354231
1849.648804	0.394043
1860.723267	0.306663
1862.243896	0.311384
1863.217896	0.236256
1863.962891	0.0833743
1864.872192	0.11691
1865.680908	0.0954982
1866.572876	0.0252696
1870.695557	0.501178
1875.281860	0.213076
1876.580078	0.0187574
1877.502075	0.011594
1878.391846	3.71366
1880.669800	1.81413
1881.251831	0.112553
1882.109985	0.525747
1884.148804	1.41633
1885.351196	0.00334833
1887.249390	0.00689086
1915.627319	2.11017
1925.065918	0.320335
1926.985596	0.211439
1928.389771	0.112908
1929.620972	0.105819
1932.019043	0.118063
1932.828125	0.116663
1933.575195	0.271388
1935.192505	0.0149478
1938.454102	0.337276
1941.484863	0.0109181
1945.017822	2.49352
1950.250000	9.74049
1953.724487	7.30295
1955.645874	0.181504
1957.167358	0.692076
1958.533691	1.3697
1959.883179	0.0923196
1961.258301	0.925168
1964.322144	0.384421
1966.801392	0.0336332
1968.732300	0.00242676
1969.856812	2.53277e-005
1970.523315	3.27212e-006
1971.423218	1.26891e-006
1973.156006	0.0504274
1976.191040	0.272156
1978.166992	0.17542
1979.259888	0.0798013
1979.779297	0.0253632
1980.930664	0.0596569
1981.708984	0.00866784
1982.287109	0.00431319
1983.120117	0.00144641
1988.021973	0.337008
1998.408447	0.401846
2000.418213	0.235609
2001.199585	0.17959
2002.174927	0.0669892
2003.041626	0.0985437
2005.901245	9.08106
2013.248169	2.07055
2017.224609	10.2516
2019.328979	1.55392
2020.805298	1.49304
2022.229614	0.805426
2023.936035	0.525096
2024.917847	0.15601
2026.817749	0.632666
2027.401245	0.651959
2028.359863	1.19141
2029.986694	0.494087
2031.139160	3.8446
2034.977539	1.10813
2036.315430	3.83386
2037.356567	1.27694
2040.659180	0.714587
2041.311401	0.152223
2041.904053	0.246308
2043.122925	0.0668669
2043.803833	0.0255091
2046.083374	11.5859
2056.368408	27.6032
2062.000732	6.33812
2064.918945	4.93715
2067.632568	2.22645
2068.880615	0.483808
2070.488281	0.370212
2071.673828	0.102402
2076.122314	1.35821
2079.015381	0.212041
2081.615967	0.415715
2083.147705	0.2257
2084.611816	0.143894
2086.002197	0.0491531
2087.409668	0.0918998
2107.500244	0.44634
2115.439453	3.94925
2120.118408	3.19732
2123.133789	1.33033
2123.853516	0.130079
2125.941162	0.138171
2126.697266	0.000352518
2128.148193	0.0101628
2133.210938	0.0717326
2136.596924	0.089847
2137.628174	0.0667396
2138.291992	0.0239807
2139.406494	0.0371473
2140.230957	0.0245636
2140.810547	0.00222376
2141.963623	0.0179349
2147.912109	1.01594
2151.363525	0.299196
2152.150635	0.397075
2156.546387	0.674914
2164.259277	1.27829
2173.308594	0.178351
2176.037598	3.91077
2180.986816	5.39543
2184.611328	1.09031
2187.481934	1.40542
2192.915771	0.818627
2196.580566	0.456048
2200.284424	2.5171
2213.744141	0.327322
2216.001709	0.647594
2217.448730	0.44169
2219.188965	0.554042
2220.362305	0.200364
2221.386719	3.16114
2232.221680	0.888734
2238.468506	0.714865
2239.678467	0.111301
2240.659180	0.360075
2241.631104	0.296103
2242.430420	0.326363
2243.445068	0.233603
2244.325439	0.0850629
2245.152344	0.0656329
2245.765869	0.00670936
2248.786865	3.47509
2268.558105	3.08124
2279.183838	0.0362654
2280.218506	0.0392136
2280.962402	0.0191732
2282.160889	0.031319
2289.237061	1.0048
2292.086914	0.278574
2294.736084	0.285791
2295.907715	0.443008
2297.542969	0.136626
2299.292236	0.182067
2301.835938	0.388914
2303.602783	0.0444365
2304.124512	0.0423763
2304.514648	8.28471e-005
2304.854248	0.000177485
2305.608887	0.0128261
2306.216553	0.0123384
2306.794189	0.0116826
2322.753906	0.733965
2335.264893	0.376638
2338.049316	0.0839585
2339.351318	0.500671
2344.036377	2.3084
2349.714844	1.03102
2351.203125	0.0831498
2352.447021	0.0924676
2353.333008	0.0546333
2354.328369	0.0534244
2355.291504	0.0208786
2356.358398	0.105298
2360.349854	0.446618
2362.732910	1.88417
2364.484863	1.09971
2366.129639	0.443211
2367.470215	0.183519
2368.654785	0.393684
2371.380859	1.03891
2373.150635	0.588323
2374.610596	0.535697
2376.292480	0.146173
2379.486328	1.64196
2382.403320	0.285197
2384.713623	1.89516
2387.228271	2.57646
2388.356689	1.04026
2390.025146	1.83934
2391.425537	0.492199
2393.122803	0.663655
2394.366943	0.042079
2396.477051	0.113938
2417.395508	0.109078
2418.954590	0.0407844
2420.027344	0.0341649
2420.844727	0.0197079
2421.949951	0.0148178
2422.820068	0.0130206
2429.678223	0.247162
2431.322266	0.0990813
2432.214600	0.0547285
2433.124512	0.109321
2434.832275	0.0924058
2436.385742	0.0547401
2437.952881	0.0184617
2445.414795	0.676378
2471.074463	2.56651
2479.322998	0.563196
2485.229492	1.48979
2488.924805	0.988738
2491.290039	0.196991
2492.228027	0.116289
2495.063477	0.100245
2497.513428	0.102975
2503.010742	0.32944
2505.346191	0.194102
2506.376465	0.358772
2507.339844	0.291538
2508.447754	0.0441134
2509.364746	0.0744405
2510.203857	0.0302396
2510.601563	0.00461917
2511.886719	0.0188105
2514.024658	0.0473406
2515.162109	0.032455
2515.880859	0.0117662
2517.087158	0.018485
2517.987305	0.0119148
2518.906006	0.0111731
2535.554688	0.0207606
2537.623291	5.85725
2539.526611	2.87459
2541.278320	0.912035
2542.935303	0.957992
2544.549561	0.0462652
2547.002441	0.607794
2576.038086	0.0998392
2578.140625	0.0266591
2579.561035	0.0434708
2580.442627	0.0277335
2581.545654	0.0159621
2582.597656	0.0208609
2585.788330	0.686898
2589.633057	0.275282
2592.178955	0.57335
2593.437744	0.533341
2595.276855	0.0785137
2598.888916	0.585409
2603.489014	0.0984452
2607.490234	1.05133
2609.909912	0.703183
2611.561035	0.268008
2613.620605	0.384454
2614.921875	0.185867
2615.768066	0.696421
2619.760742	2.0493
2621.907227	0.26097
2622.640381	0.0649286
2623.689941	0.1483
2624.679932	0.105332
2627.998779	5.32715
2632.345215	2.19945
2632.988281	4.14105
2636.476807	5.59192
2638.473389	0.207729
2639.451660	0.212366
2640.615967	0.280295
2641.555420	0.098
2642.544189	0.122258
2643.609131	0.0962131
2644.493408	0.00791472
2647.228027	0.631011
2656.365967	0.46457
2657.450928	0.2898
2658.288330	0.0662499
2659.373047	0.142251
2660.990967	1.44939
2666.260254	4.25471
2670.580078	2.16938
2672.071289	0.304305
2673.615967	0.198104
2676.022705	0.738276
2679.506348	0.877412
2690.790527	0.110923
2695.193115	0.534401
2696.688477	1.99521
2698.611084	1.11647
2699.298340	0.120983
2700.305176	0.693345
2701.585693	0.180745
2705.055176	1.2095
2708.258057	0.180755
2713.604004	2.43881
2717.249268	0.148979
2718.695801	1.41138
2722.533691	0.633703
2724.610352	2.78242
2727.434570	0.864892
2728.456055	0.0957151
2729.336914	0.0698962
2730.055908	0.0633998
2731.521729	0.153619
2733.152100	0.078121
2734.597168	0.0211415
2735.566895	0.000301748
2737.593018	0.0735471
2740.745361	0.13232
2742.501709	0.0785171
2744.195801	0.0532117
2745.585449	0.0158444
2746.782227	0.0394663
2747.679688	0.0278404
2748.635010	0.0117549
2749.826172	0.0127039
2750.651367	0.00607553
2774.069092	1.30762
2787.173096	1.88105
2797.280762	3.66368
2800.543701	0.235963
2801.650146	0.155228
2802.519043	0.0276125
2803.767334	0.0411025
2805.822510	2.46151
2813.852539	0.0736565
2815.250977	0.0905155
2816.185303	0.0459921
2817.200195	0.0472493
2818.389648	0.0557817
2824.360596	1.74806
2826.041504	0.0807848
2826.993652	0.0744828
2828.141602	0.0652467
2829.135254	0.0407951
2831.588379	0.226196
2834.133301	1.00132
2836.043213	0.880725
2837.375488	0.890315
2838.350830	0.276354
2839.159180	1.58616
2840.624268	2.18502
2842.439209	1.34759
2843.910400	1.2681
2845.293945	0.0210783
2845.923340	0.472781
2848.640625	1.76536
2849.853027	2.33666
2850.376221	0.1279
2851.429443	7.79604
2856.329346	9.37463
2860.180176	0.252195
2861.737549	0.121103
2866.422607	0.769881
2871.768799	2.01844
2875.169189	0.374649
2880.298096	0.117034
2882.154053	0.0722546
2883.259033	0.21676
2884.452637	0.259757
2885.422852	0.0372614
2886.441650	0.0645396
2890.129395	1.06595
2891.236816	2.47566
2895.071045	9.34924
2898.596436	2.73827
2899.791992	0.694008
2901.853271	0.197474
2907.235596	2.54907
2913.529785	3.35395
2916.374268	1.42807
2917.698242	0.257859
2920.103271	0.841575
2922.982178	6.4005
2924.498779	2.99659
2925.712646	0.593567
2926.619629	2.32393
2928.000488	10.5566
2932.362793	21.1873
2938.204346	19.5329
2944.478516	2.56276
2951.011719	0.186266
2952.083984	0.284518
2952.967285	0.271407
2954.167969	0.170095
2955.215576	0.11092
2958.831299	1.5159
2960.271729	1.35531
2961.634033	0.83962
2963.104980	1.94308
2966.114258	9.17619
2969.879150	6.0563
2973.637939	2.34657
2977.129883	0.123807
2984.610596	0.492942
2986.554932	0.292158
2987.539063	0.277344
2988.758057	0.236147
2989.715576	0.120516
2991.449219	6.45035
2995.662354	1.08367
2997.246582	14.0369
3001.458496	15.7873
3006.246338	3.15394
3007.572754	0.992859
3009.789795	0.35604
3012.395264	1.50246
3028.617920	3.81115
3030.883057	0.0923566
3031.760010	0.144011
3032.788330	0.214936
3033.958984	0.0973037
3034.921143	0.0847606
3036.219238	0.193751
3038.062256	0.728487
3043.943604	1.18826
3049.475342	3.42839
3054.062988	1.56153
3057.281006	0.265636
3061.508301	0.267096
3063.599365	0.212941
3064.554932	0.133761
3065.535645	0.0677847
3066.823242	0.060535
3067.595459	0.0183511
3069.790527	0.201684
3071.606689	0.0917406
3073.841309	0.139191
3076.476318	0.101218
3078.262207	0.0815549
3080.310059	1.11951
3086.372559	4.68273
3090.145752	3.25302
3094.112305	2.95099
3097.983887	0.959777
3101.114746	0.039413
3106.815918	0.793318
3111.418945	2.61351
3114.563721	0.0612998
3116.280273	3.95408
3120.120605	1.48705
3121.406494	0.237021
3123.780518	0.134959
3125.258301	0.10011
3125.991699	0.0101837
3127.371582	0.0422044
3128.364502	0.0186377
3130.091797	0.912645
3132.743896	0.680225
3134.259766	1.61306
3138.675537	0.780464
3143.767822	5.35258
3147.428223	1.34703
3149.668701	1.95489
3151.325195	0.613804
3153.486084	0.531613
3154.899902	0.0447176
3157.008789	0.0360117
3158.612305	0.401417
3159.881592	0.283549
3160.746826	0.108654
3162.142578	0.0850526
3163.095459	0.0712144
3163.753906	0.00447897
3165.771973	0.101401
3167.643799	0.108652
3169.014160	0.195018
3173.458984	0.841293
3175.227295	1.2157
3177.681885	1.39741
3179.125244	0.462932
3181.319580	0.210683
3185.083984	0.479703
3189.602539	0.154371
3191.323242	1.48321
3192.729980	2.03773
3193.445068	0.80067
3194.820557	1.57152
3195.808350	0.156837
3196.739258	0.840171
3198.049072	0.172638
3198.791992	0.051654
3200.986084	0.188728
3203.177734	0.30998
3205.204590	0.30678
3206.877930	0.121693
3208.667725	0.0427524
3212.728271	0.230381
3214.289551	0.278603
3215.262451	0.190413
3216.227539	0.119716
3217.561768	0.0664515
3218.533691	0.302405
3221.448242	0.140969
3222.464111	0.103299
3226.719238	2.25317
3231.453369	4.19659
3234.669922	2.16033
3235.920898	0.839833
3238.194092	0.573172
3240.165527	0.677768
3242.988770	0.850344
3244.129150	0.715614
3245.091064	0.128988
3246.338379	0.276291
3247.224854	0.144023
3249.805664	1.28051
3254.196777	7.56334
3258.694336	2.96487
3260.086182	7.82265
3262.941406	7.24297
3264.613281	2.93515
3266.918457	2.76068
3268.812744	0.180354
3270.149414	0.214998
3274.052490	0.867952
3275.055664	1.37266
3277.340088	0.0421713
3279.675293	5.9945
3282.408691	3.53094
3283.750977	1.73183
3286.310791	2.37492
3288.059326	0.647865
3289.734619	0.0822601
3291.329834	0.886004
3292.854736	2.30148
3294.964111	1.82771
3295.624756	0.691175
3297.326904	0.325156
3298.005615	0.0458694
3299.254883	0.604174
3301.088623	0.225957
3303.446533	0.64645
3304.972168	0.155084
3306.630615	0.382177
3308.449219	0.293336
3310.066162	1.94947
3317.918213	8.68455
3323.498779	2.9117
3327.054932	12.2771
3333.318604	12.5961
3339.181396	1.71784
3340.297363	0.2982
3341.101074	0.112223
3342.114502	0.381679
3343.505859	0.348104
3348.202881	1.41776
3354.910156	0.392062
3365.286133	1.09123
3367.562256	0.495907
3369.783203	1.99432
3371.796387	2.25297
3373.776611	1.28713
3375.180908	1.08339
3380.100098	1.87518
3382.761719	0.360969
3383.568359	0.056099
3384.676758	0.159764
3386.060547	0.0635456
3387.050049	0.236005
3389.870361	0.133719
3390.884277	0.0496364
3392.292236	0.0855404
3393.433105	0.287033
3394.676025	0.262342
3396.018066	0.00906639
3396.933594	0.0853382
3400.300537	1.01955
3403.249023	0.367643
3404.608398	0.591662
3405.942139	4.10748
3408.793457	2.83407
3409.389404	0.024873
3410.334961	1.79377
3412.728760	0.698575
3413.736084	0.16036
3415.128662	0.266601
3416.194092	1.75179
3420.718506	2.10515
3422.570313	0.617949
3424.133545	4.78682
3429.105713	2.16464
3430.114746	3.36378
3433.673584	0.576618
3436.770508	1.32335
3439.907715	0.734728
3441.503418	0.749326
3442.145752	0.0370874
3443.521729	0.246616
3445.238525	2.54218
3450.151611	0.116555
3453.269775	9.74775
3458.980469	7.67559
3463.315186	10.8192
3467.118896	1.96204
3468.943359	0.676848
3470.426025	0.541918
3472.515381	0.372224
3474.114502	0.175676
3476.169434	0.591704
3480.263672	0.395283
3481.977295	0.544806
3483.657959	0.687136
3485.434570	0.229921
3490.892334	19.6815
3498.841797	10.3358
3504.712891	2.64018
3506.739746	0.824067
3508.701416	0.358911
3511.926270	0.962062
3515.175293	1.15096
3519.314941	9.49972
3532.687744	10.4152
3533.579346	0.154006
3534.689941	1.16768
3536.695557	29.6806
3548.294678	38.0201
3553.180664	32.0628
3567.323975	33.8211
3568.761230	39.0292
3574.004639	0.405771
3575.854736	3.63525
3581.797363	32.5919
3585.461426	3.3857
3587.313721	1.65372
3589.311523	1.38628
3591.147217	0.326754
3595.355957	5.43397
3602.934326	3.97544
3607.092041	6.31117
3610.590576	4.36626
3612.081299	16.6481
3616.087158	5.86003
3617.061523	6.0187
3619.564697	0.355407
3620.694824	5.657
3631.163330	2.77846
3632.628174	0.228654
3633.749023	0.686256
3635.237305	0.162696
3636.183838	0.165107
3637.740967	0.728353
3639.074463	1.77993
3641.545898	4.03969
3643.457031	1.50498
3645.498291	0.883935
3647.250977	5.77441
3655.672607	3.81693
3656.753174	2.4861
3658.072998	1.8931
3659.260742	20.3054
3665.771484	37.921
3672.874268	7.33088
3674.675537	0.332939
3676.138428	0.811474
3676.780273	0.15549
3678.365967	0.185703
3680.340820	2.39009
3682.404541	3.92867
3684.592041	8.8305
3687.094971	7.90848
3689.294922	4.1424
3691.074707	20.1405
3699.360840	6.86861
3704.876465	0.267702
3706.140381	0.969189
3711.489502	4.40708
3713.817383	0.54702
3715.003662	8.50324
3721.001953	12.9643
3727.443604	6.02023
3728.814697	0.291199
3731.324707	0.966381
3734.432617	1.75034
3737.207275	1.95619
3738.893066	2.04008
3740.516357	0.302207
3741.638428	2.24551
3742.938965	2.03492
3743.836182	0.783098
3744.928467	0.615891
3748.163818	4.9033
3749.320313	0.934998
3750.470947	0.587036
3752.634277	3.32364
3754.057129	8.29068
3758.327881	19.991
3762.042969	0.533312
3763.128662	10.1829
3766.969727	9.27375
3773.511475	0.212889
3774.933105	0.640547
3776.457520	0.68943
3778.512939	65.8672
3793.740967	1523.38
3813.397949	67.2288
3816.978516	9.1112
3818.258057	5.85158
3820.296143	2.96454
3822.272705	7.76494
3825.228760	8.16267
3830.373535	4.92308
3833.226563	2.72316
3834.876953	1.37862
3837.294434	0.75946
3838.220703	0.0301532
3839.479980	0.0334461
3841.641846	0.316239
3844.722656	5.41469
3848.258545	8.94036
3850.387695	0.580024
3852.218750	1.42128
3854.176270	0.168511
3854.850586	0.0172651
3856.622314	0.345475
3857.804932	0.221847
3858.908691	0.715327
3860.896240	10.739
3866.319092	1.2419
3871.817139	22.1806
3873.497559	8.1029
3875.842773	36.1307
3881.334717	12.3265
3891.465576	133.389
3892.835693	103.261
3898.931885	33.187
3904.482910	0.0995223
3905.622803	1.37982
3907.804932	0.251835
3908.810059	0.0768842
3913.820313	16.0936
3920.959961	16.8177
3927.066162	5.03151
3929.381348	13.9292
3933.258545	0.276389
3936.357178	28.5098
3942.044189	25.6282
3943.798096	3.64871
3945.829590	1.88876
3949.563477	6.40922
3951.107178	1.12088
3951.945557	0.100516
3954.566650	7.84525
3957.110352	1.11145
3957.917480	0.25218
3959.406006	3.52183
3961.453369	0.169726
3963.087158	4.99058
3965.028809	2.55788
3966.960205	2.02472
3968.583496	0.735861
3970.872559	5.18114
3972.977295	4.39139
3974.904297	4.88417
3975.641602	6.89323
3978.290283	0.193716
3980.148438	15.5414
3987.068848	1.62442
3988.102295	12.7009
3996.434570	8.5297
4001.645508	19.4351
4006.159668	97.7858
4007.783203	41.6375
4011.783447	44.3081
4028.380859	66.4883
4030.119873	76.4093
4039.260498	2.65437
4041.598389	3.25559
4046.214111	22.8656
4049.068359	1.57908
4050.904785	13.6784
4058.292480	5.13903
4062.418213	9.73859
4066.410645	2.61671
4069.487549	3.80334
4072.919434	0.907454
4075.256104	5.4524
4076.883789	4.33853
4079.036865	1.24399
4083.885498	9.31544
4086.427002	1.41246
4087.806396	1.23841
4088.690918	0.274919
4090.259766	8.30944
4097.547852	14.8479
4106.086914	18.9153
4111.172363	2.86808
4112.243652	5.07346
4116.259766	51.0504
4120.063965	1.95309
4126.175781	46.3717
4133.267578	16.8346
4135.243164	3.62906
4136.974609	2.52603
4138.663574	0.061045
4139.881348	0.216044
4141.228516	0.334148
4143.010742	7.52779
4145.410156	7.8132
4147.427734	3.61879
4149.606445	2.45856
4150.781250	0.147538
4152.566406	1.51888
4154.644043	0.787253
4156.806152	2.29352
4158.822754	3.15612
4161.049805	2.9948
4162.027344	8.5125
4165.417969	4.9125
4166.381348	4.1564
4169.934570	3.30351
4172.423828	1.35058
4173.831543	0.790803
4174.679688	0.572547
4176.252930	0.418543
4178.630371	14.1707
4185.809570	3.13186
4187.474121	1.13573
4188.063965	0.210317
4189.966309	2.07486
4191.062500	0.952826
4193.138184	1.31457
4194.562988	0.960496
4198.014648	3.69379
4200.777344	0.15553
4202.110352	6.87172
4204.786621	20.5666
4210.993164	25.0545
4212.726074	16.4908
4217.263184	0.21019
4219.644531	8.33631
4222.644043	33.2948
4226.767090	2.56637
4228.896484	2.85456
4231.250488	9.85967
4232.781738	6.04942
4238.377441	7.73298
4243.067871	1.074
4245.125977	0.841955
4248.691406	0.129501
4250.177246	0.253944
4251.456543	5.77282
4255.962402	11.6103
4260.720703	8.21483
4262.917480	0.757697
4264.762207	0.229526
4266.083984	0.0690254
4268.830078	3.44063
4269.968262	4.8748
4273.656738	1.75011
4277.127441	28.3793
4282.040527	3.3991
4283.232422	1.67974
4284.394043	9.65832
4288.029785	12.6751
4289.264648	7.84129
4291.806641	0.73752
4294.735352	6.64549
4296.670410	30.6839
4305.029785	0.0802523
4315.259766	71.5729
4318.831543	0.962119
4320.268066	0.317427
4321.186523	2.87096
4323.010742	0.843599
4323.959961	0.317025
4325.374512	0.971336
4326.726563	0.721779
4329.167480	0.104395
4330.682617	0.464276
4332.601074	0.636769
4333.635742	0.204403
4334.466309	0.0697219
4336.774414	1.77206
4338.882324	2.79322
4341.062988	0.407194
4343.204590	1.19228
4344.900879	0.322799
4346.055664	0.0819839
4347.625977	0.379154
4349.211426	15.4622
4354.221191	8.39558
4358.696777	1.0532
4360.117188	1.75126
4363.466309	5.89886
4365.201660	3.43869
4366.103516	14.1341
4372.046875	10.7883
4373.461426	1.28285
4374.523926	1.54484
4375.182617	4.13146
4377.667969	16.2728
4379.891602	12.6376
4382.484863	3.05304
4383.968262	3.1805
4387.176758	29.9744
4392.567871	451.214
4407.078613	56.5849
4409.011719	5.97126
4411.718750	3.44709
4414.573730	39.8363
4417.509766	2.27398
4419.978516	0.710355
4421.412598	4.2554
4423.222168	4.53671
4427.295410	1.8011
4429.422852	2.16841
4433.987793	56.8788
4439.623535	0.126073
4440.951172	2.46179
4442.494629	2.79176
4443.380371	2.20009
4446.709961	1.36952
4447.670410	4.26537
4450.016602	3.46452
4450.845703	14.0917
4453.887695	3.23458
4454.822754	0.5628
4455.922363	10.2057
4459.502930	25.7883
4464.000000	0.0694203
4471.372559	408.446
4474.850098	128.912
4490.145508	1850.59
4505.814453	25.2002
4509.999512	16.24
4511.687012	62.074
4519.822266	0.323826
4524.115723	4.63804
4526.234863	6.04497
4527.987305	0.404194
4529.155762	1.29566
4531.675293	0.190646
4533.211914	0.287199
4534.819824	2.73861
4537.149414	6.97756
4538.402832	1.64103
4539.933105	0.507024
4541.053223	1.40407
4542.093750	2.30421
4544.370605	1.33321
4545.687500	1.26946
4546.639160	5.02521
4550.534668	4.35382
4554.041016	0.331926
4555.789551	0.214377
4560.218262	2.39349
4561.746582	0.732313
4562.999512	0.955934
4564.099121	0.775365
4565.373047	1.48279
4566.819336	0.447523
4567.851074	0.667006
4569.847656	0.412036
4571.175781	0.123305
4572.831543	0.0478401
4574.072754	0.125373
4575.103516	0.0499327
4576.077637	0.0978391
4577.231934	0.0707044
4583.739746	3.78645
4585.519043	1.05213
4586.988770	1.4619
4588.098145	1.2254
4590.958496	2.3547
4593.066895	7.10749
4594.890137	2.02854
4597.375488	2.11829
4599.335938	1.77278
4601.658691	2.79577
4603.441895	0.606053
4605.670410	0.926066
4606.825195	0.998872
4608.583496	0.378712
4609.671875	1.16547
4612.557129	4.77765
4615.008789	8.50696
4621.891602	18.3603
4623.508789	18.4462
4630.671875	22.1037
4634.965820	1.74646
4636.486328	0.449301
4637.694824	0.702768
4639.008789	0.708043
4640.440918	1.73297
4642.822266	1.9506
4644.431152	2.53271
4646.296875	26.2228
4653.893066	12.5057
4655.514160	0.149473
4658.687012	8.93674
4662.553223	36.0332
4670.529785	52.5964
4676.217773	3.29705
4677.545410	0.302351
4678.803223	1.68008
4680.040039	0.592767
4681.753906	3.66237
4684.041016	4.51274
4686.183105	1.4131
4688.148926	8.52681
4691.921875	0.52689
4693.202148	1.69354
4696.706543	41.1371
4701.847656	10.6381
4704.184570	0.674298
4705.916016	9.69125
4710.966309	13.6904
4712.866211	1.05241
4715.291992	2.98218
4717.072754	18.6495
4721.645996	0.676806
4725.572266	7.71512
4729.928711	18.4995
4733.359375	3.07996
4735.077637	17.077
4740.542480	0.344289
4741.116699	0.0174847
4743.149902	0.83015
4750.964355	6.04177
4752.566895	12.5174
4760.770996	14.7586
4764.041016	0.0407223
4765.238281	3.79002
4767.424316	3.4457
4769.646484	8.72765
4776.373535	18.1689
4778.496582	26.5871
4782.931152	6.18004
4790.384277	22.3037
4795.202637	22.1652
4797.442383	7.33097
4803.775391	6.43425
4807.220215	0.818586
4808.562012	1.07986
4810.036133	0.390885
4811.328125	0.301499
4813.077637	1.52387
4821.909668	5.1894
4823.639648	1.4354
4824.969727	1.06004
4826.299805	0.970648
4827.260742	10.8333
4830.242188	30.2996
4834.509277	5.21277
4835.893555	2.71949
4838.478516	1.82681
4840.438965	2.5495
4841.542969	0.176988
4842.568848	1.28069
4844.328613	0.097788
4845.301270	0.447172
4849.676758	2.78558
4854.216309	4.02701
4858.403809	2.56867
4860.229980	1.10042
4861.747070	0.675816
4863.102051	0.990543
4864.629883	0.288037
4865.806152	0.366531
4867.261230	0.128573
4869.760254	11.3964
4874.385742	4.20533
4877.238281	38.9515
4887.350098	40.7453
4891.089844	9.51938
4893.374512	2.70347
4895.469238	2.20106
4897.529297	0.508555
4900.033691	0.6745
4905.136719	4.89711
4909.481445	34.4133
4918.387695	21.2063
4922.639160	0.556848
4924.245117	0.374763
4926.434082	1.36739
4928.861328	10.6551
4939.193848	34.1249
4943.897949	10.8899
4946.388672	1.85151
4948.437500	5.94568
4956.433105	21.7512
4958.933105	1.33946
4960.667969	0.0365791
4961.437500	0.434969
4965.558105	2.4174
4968.387207	11.8075
4977.169434	1.34734
4981.252930	23.2251
4987.915527	11.2509
4992.656738	2.84019
4994.519531	10.7025
4996.651367	13.1244
5001.821289	30.3763
5006.003418	5.61162
5008.522461	4.08665
5010.810547	46.58
5021.831055	15.806
5023.541016	0.320677
5027.154785	15.5745
5030.700195	2.61213
5031.782227	1.00941
5032.701172	8.98155
5036.371094	7.8214
5038.437012	3.21234
5040.204590	1.99079
5042.626465	0.45258
5043.791016	0.655272
5045.037598	6.85852
5049.000488	1.85278
5050.341309	1.46116
5053.308105	1.25637
5057.286133	3.24687
5059.686523	1.15295
5061.069824	0.555652
5062.538086	0.553421
5063.953125	0.474646
5065.164063	1.02696
5067.769043	2.12701
5070.161621	1.93913
5071.573730	1.27571
5072.687988	2.71339
5073.761230	0.247884
5074.674316	0.186637
5075.483887	0.848593
5076.643555	1.53218
5078.393555	2.02442
5080.696289	1.36958
5085.105957	3.21817
5089.700684	21.2655
5091.427246	3.87764
5094.027832	21.4708
5100.589355	6.52047
5103.046387	9.56719
5106.263672	26.5373
5107.634277	3.1932
5111.403320	51.9742
5114.655762	23.4875
5118.176758	10.1454
5119.468750	30.4382
5124.295898	6.37126
5129.035156	15.1684
5134.764648	23.962
5140.059570	23.9598
5146.343262	33.9618
5149.100098	1.68501
5150.848145	26.401
5155.065430	3.54658
5156.653809	9.09443
5159.517090	2.21624
5161.746094	4.93179
5165.456543	10.0727
5167.369141	12.9561
5172.115723	1.79166
5174.577148	9.89446
5176.064453	2.86717
5179.101563	3.93539
5180.755859	2.17688
5182.310547	0.386918
5183.487793	0.640196
5186.048828	8.54919
5188.619629	2.31819
5190.495605	5.21814
5193.063965	0.428025
5199.063477	48.7407
5204.029785	1.11677
5205.858398	4.6107
5208.155762	11.3769
5211.738281	2.48024
5212.865234	4.29919
5215.776367	41.3336
5220.333496	9.11224
5222.888672	2.52982
5225.156250	15.8673
5229.000000	1.5908
5233.627930	55.065
5242.395508	28.6257
5244.981445	1.22479
5249.068359	17.3227
5253.657227	21.608
5257.486816	7.12318
5259.833984	6.88471
5261.488770	12.396
5266.565918	20.2677
5268.945801	2.25747
5271.819336	7.36956
5274.018066	4.49459
5276.480469	4.10019
5279.001465	3.67893
5281.532715	4.27315
5282.977539	2.36577
5286.301270	108.447
5297.039063	0.847127
5300.392090	41.0801
5301.334473	37.634
5307.238770	20.782
5309.685059	26.4167
5313.886230	1.40415
5315.025391	0.266793
5316.865234	1.64935
5318.074707	0.953936
5320.451660	60.134
5333.127930	33.1649
5335.118652	30.079
5339.411133	0.964826
5344.999512	24.3665
5351.321777	14.0279
5355.996094	8.00864
5358.721680	3.08362
5360.459473	2.88256
5363.062500	4.67649
5365.108398	2.91688
5369.159180	7.38157
5373.441895	2.23123
5374.515625	0.539678
5376.095215	6.27623
5377.950684	8.97791
5380.490723	0.584276
5383.436523	7.57287
5385.479492	3.92114
5387.356934	8.98948
5391.289063	31.0289
5394.814941	19.0152
5405.140137	29.6547
5407.413574	65.2203
5411.880859	3.08401
5414.157715	16.3946
5417.326660	1.86272
5419.273926	1.04342
5421.687012	1.19486
5423.363281	0.284611
5425.503906	4.63249
5430.444824	0.423974
5432.074707	0.124572
5433.924805	0.508653
5434.956055	0.469609
5436.329102	3.39175
5437.916992	0.209556
5439.000977	0.975527
5441.055176	4.4603
5445.225098	1.1944
5447.425293	0.860902
5449.884766	0.379939
5451.933105	0.356405
5458.483398	15.8621
5462.853027	22.1004
5466.864258	1.76217
5471.277344	4.56208
5473.849121	15.8661
5475.401367	12.6089
5481.745117	18.631
5487.596191	16.9308
5492.098633	5.06567
5496.490234	2.46943
5499.209473	13.0565
5501.262207	5.5064
5503.565918	3.46168
5505.403320	1.61223
5509.674805	24.7178
5511.111816	6.01117
5514.874023	4.64127
5516.969727	20.5938
5525.870605	17.4257
5528.922852	25.8494
5532.359375	10.2844
5536.462402	0.459732
5541.129883	10.0848
5542.918945	2.36307
5544.969238	0.941243
5545.909180	0.368231
5547.895020	1.22179
5548.860840	0.0570777
5550.405273	1.24251
5552.815918	0.847183
5554.212402	0.275845
5555.335938	1.04356
5556.913574	3.46598
5558.419922	1.16966
5559.240234	1.85977
5561.031738	12.58
5563.990723	1.09276
5565.759766	23.7877
5570.047852	2.73663
5573.229492	0.734283
5576.099609	4.55363
5577.880859	17.9419
5588.084961	1.39848
5591.010742	9.10271
5593.293457	2.63925
5595.610352	4.32159
5600.696777	2.38121
5603.061523	3.0748
5605.373047	0.570533
5606.758301	0.204097
5608.090332	1.17408
5609.611816	1.45695
5610.635254	0.594661
5613.086426	17.4174
5619.958984	0.582626
5621.427246	1.76417
5622.579102	3.10603
5625.992188	8.03543
5634.572754	9.94809
5639.207520	15.5402
5640.879883	17.454
5646.845215	16.1569
5651.848633	0.889886
5654.254395	1.80476
5656.416016	0.641017
5660.379883	21.377
5666.562500	24.5745
5671.663574	9.69245
5673.044922	5.98627
5676.741211	18.3451
5680.730469	8.40014
5681.959961	7.64894
5686.078125	9.52757
5694.530762	21.0663
5697.194824	2.412
5699.487793	4.98201
5702.148438	0.956335
5703.376465	0.441271
5705.164063	0.467164
5706.653320	0.168649
5712.547363	2.05233
5713.884277	0.680854
5715.310547	0.431934
5716.875000	2.75837
5719.142090	3.94504
5721.196289	1.30621
5723.267578	2.06048
5725.624023	2.0237
5727.639160	2.30215
5729.954102	0.0960065
5732.434570	7.2762
5735.763672	2.14303
5738.013184	1.25673
5742.826660	6.26383
5746.578125	14.1707
5751.447266	12.9613
5754.263672	5.37878
5757.273926	5.13558
5759.800293	32.6333
5765.673340	34.2063
5769.064941	3.25154
5770.916016	5.97289
5773.517578	0.928658
5779.630859	13.901
5784.991211	6.51285
5787.362793	1.18496
5788.762695	1.30043
5791.037109	2.05186
5791.810059	0.018905
5793.558105	1.65368
5797.114746	2.29247
5798.562500	0.116038
5800.014648	0.967739
5801.419922	0.818493
5802.906250	5.01142
5805.866211	7.52313
5812.439941	0.250284
5814.064453	2.52846
5817.048340	5.49894
5819.867676	26.0604
5828.547363	8.91518
5830.977051	21.9295
5839.761230	17.6367
5842.910645	3.28898
5845.100586	3.34601
5847.906250	1.36621
5852.370117	1.41746
5854.712891	2.18641
5857.155762	2.08401
5859.943359	7.01255
5862.513672	1.13295
5865.325684	2.71025
5869.813965	5.54975
5870.966309	0.686619
5872.367188	29.2527
5881.091309	22.7825
5887.873047	46.1962
5896.178223	14.7783
5901.225586	17.1426
5906.170898	13.5715
5909.310547	0.58268
5911.424316	13.3841
5915.863281	1.65655
5920.176758	40.1205
5927.089844	22.6205
5932.635742	4.23522
5935.081055	0.917987
5936.722168	4.66104
5939.462891	0.176146
5941.479980	1.45201
5943.736328	2.24207
5946.944336	1.70789
5948.325684	0.404856
5949.811523	0.220757
5951.866699	1.55151
5954.439453	5.95124
5956.612305	3.25414
5958.703125	7.08744
5960.245605	14.1602
5965.092773	4.79538
5968.954590	97.1408
5983.110352	105.175
5992.414551	9.64869
5996.546387	3.0605
5998.430664	2.43952
5999.781250	0.591017
6001.117676	6.96957
6005.241699	5.98972
6007.542480	3.47858
6010.113281	1.39365
6012.394531	0.722594
6014.362305	0.0931846
6015.545410	0.12731
6016.846191	0.225452
6018.972656	1.89816
6022.032227	2.31373
6025.336914	6.72186
6028.959961	1.42899
6031.461426	1.13259
6033.574219	6.48003
6040.622070	6.00096
6046.723145	8.33524
6048.895996	0.366371
6050.595703	0.83147
6051.996582	0.744833
6053.770020	5.64495
6057.047363	2.25396
6060.273926	0.46946
6062.467285	2.06624
6064.538574	2.11486
6067.867188	44.334
6073.522461	0.511528
6074.715332	0.293082
6076.356934	10.5586
6082.587891	33.3579
6086.943359	0.504796
6091.752441	4.55393
6094.043945	6.79087
6099.556152	2.35142
6101.203613	1.03665
6102.416016	0.966926
6104.474609	1.93153
6106.708496	2.48385
6109.181152	1.32034
6110.495117	0.0919443
6111.955078	2.86036
6118.071777	10.2335
6123.060547	1.79665
6124.942871	0.690564
6127.982422	1.78878
6130.511719	0.393976
6132.012695	0.363186
6133.727051	6.58451
6139.377441	1.31222
6141.916504	2.51821
6143.058594	2.08067
6147.825684	4.53893
6150.194336	3.1707
6152.803223	1.49056
6154.822754	0.900635
6157.248047	1.8282
6159.244141	1.63935
6161.970215	0.283259
6164.099609	8.84185
6167.159180	0.663287
6169.017090	7.61416
6172.958008	1.60248
6175.227051	0.789121
6177.410156	0.414666
6179.637207	3.0491
6183.305664	17.7211
6188.340820	1.00667
6192.363281	3.27317
6194.160645	5.96885
6198.395996	6.03153
6200.686523	3.41153
6202.995117	0.764671
6205.343262	4.26217
6206.810547	1.05276
6208.432617	5.32509
6210.865234	2.76993
6213.755371	2.00334
6216.482910	3.07979
6218.584961	3.20446
6221.440918	3.024
6227.421387	8.38568
6232.589844	2.52105
6242.364258	12.471
6244.787109	2.33981
6247.706055	2.14695
6250.022461	5.71548
6251.718750	4.94266
6256.641602	82.9313
6267.644531	98.7551
6275.993164	12.4092
6279.657715	1.39513
6282.133789	3.90602
6284.075684	1.2903
6288.037109	57.3216
6294.488281	10.0977
6296.538574	3.9295
6298.661133	5.00091
6301.833496	30.6193
6307.770020	9.97276
6309.452148	11.5021
6315.163086	8.75081
6320.506836	10.1264
6325.160156	2.74275
6326.839844	0.977422
6330.693359	2.96714
6331.981934	3.95511
6333.912109	4.03681
6338.337402	18.2008
6343.559082	1.21368
6346.140137	0.0162758
6349.069824	7.40348
6351.647949	3.08135
6354.115234	0.85902
6355.942383	3.84488
6360.833008	7.09014
6362.033691	1.89566
6366.354492	21.5123
6368.417480	2.18271
6370.850586	46.2582
6380.018555	1.40739
6389.153320	24.6549
6391.135742	0.392446
6392.449707	0.619439
6393.667480	1.35293
6396.033203	21.3671
6404.688965	132.824
6413.304199	155.47
6421.320313	4.59878
6430.696289	587.46
6435.933594	105.967
6441.051270	0.628219
6447.942871	1014.82
6463.508301	84.8168
6466.229492	1.54165
6468.956055	68.9628
6479.990234	0.740886
6481.426758	1.33129
6482.876953	1.94926
6485.720703	0.408164
6487.160645	0.410375
6488.819336	0.89957
6489.841797	1.56137
6491.785156	1.48542
6494.689941	0.750927
6500.917480	7.81721
6509.158203	33.9782
6513.230957	1.63754
6516.273926	13.4562
6517.891113	3.38487
6520.927246	19.8559
6527.684082	26.4571
6530.784668	2.30554
6533.236328	1.40777
6536.273926	6.23452
6541.742188	2.6911
6545.189453	4.48522
6549.463867	87.2544
6566.956055	89.6232
6573.834961	38.0056
6580.820801	17.5504
6584.413574	9.54195
6586.408203	51.8199
6593.727539	4.80392
6596.212402	13.701
6601.006836	5.65951
6603.251465	7.3553
6605.617676	9.21518
6608.173340	1.55267
6612.297852	6.87116
6613.625977	0.935585
6615.296875	2.46675
6618.487793	0.0189923
6620.377930	1.01426
6622.815918	1.54757
6624.086426	2.76629
6627.736328	5.09267
6629.646973	2.76356
6632.750488	0.758365
6635.099609	0.713555
6638.765625	3.04478
6642.598145	10.6673
6644.795898	6.92275
6647.918945	2.18083
6650.598633	3.70418
6653.903809	3.60415
6656.474121	1.61089
6658.228027	1.72703
6659.594238	0.601378
6661.297363	0.507017
6662.724121	0.410689
6667.820801	3.23689
6669.848145	1.39133
6671.373047	1.15227
6673.426758	40.9999
6686.047363	32.6959
6688.102051	3.66675
6690.503906	3.47392
6693.304199	0.346213
6695.719727	0.744971
6697.143555	2.15935
6702.168457	39.0884
6712.013184	7.70113
6717.981445	3.74595
6720.561523	3.72828
6723.730469	3.37007
6725.437012	9.23742
6735.364258	33.4404
6739.725586	4.61279
6742.411133	4.34183
6745.149902	7.73622
6748.267578	2.12347
6750.877930	2.56772
6752.563965	0.250768
6753.884766	0.474914
6755.540039	1.23489
6757.926758	3.69577
6762.408203	0.332294
6770.181152	11.6074
6773.018066	5.34755
6776.414551	26.4099
6783.785645	17.448
6787.393066	19.7214
6789.610352	28.6018
6797.817871	43.0858
6802.442871	1.49078
6805.973633	9.80334
6809.419922	2.57154
6811.973633	2.63499
6815.269531	3.51642
6817.114258	1.19761
6818.996582	2.79198
6820.745605	22.5594
6829.770020	39.8551
6837.512207	14.0295
6840.277344	9.47886
6842.857422	4.15734
6846.723145	32.7694
6850.695801	0.244127
6852.539551	0.842609
6855.270508	9.48066
6856.604004	1.41226
6859.315918	3.24672
6861.731934	37.9369
6868.208008	18.5919
6873.078613	8.76393
6875.144043	9.21818
6877.752930	12.6914
6882.674316	0.84463
6884.945801	8.34262
6887.678223	9.76845
6889.811035	28.6451
6898.989746	15.7494
6901.421387	9.51561
6903.887207	3.96307
6906.557129	2.75544
6911.269043	77.0114
6921.637695	9.62911
6924.947266	7.03941
6927.206055	8.2391
6932.265137	4.48872
6936.481934	15.6343
6940.687012	4.7317
6943.045898	1.90531
6944.671875	3.70778
6947.016113	2.50089
6950.168945	11.9225
6954.538086	1.63521
6956.583008	14.9644
6962.667480	23.1731
6968.888672	22.0321
6974.211426	6.70156
6975.901855	2.03421
6979.571777	5.23865
6983.174316	0.90991
6985.184082	5.58011
6991.252441	9.10915
6993.134277	27.995
7001.043945	7.83274
7002.904297	5.63863
7005.028320	2.41191
7007.002441	1.80314
7010.140137	6.03843
7011.828613	7.59472
7016.386230	0.465093
7017.747070	0.892343
7019.613770	0.552163
7021.942871	17.325
7028.487793	15.7748
7032.842285	5.25114
7034.774414	4.11072
7037.600098	2.80734
7040.583984	4.64231
7043.624023	12.2246
7051.875488	13.2622
7057.941895	35.581
7062.022461	5.75904
7064.331543	3.40284
7067.787109	14.1516
7075.380859	9.82421
7078.265137	5.42905
7081.316406	12.1127
7083.725098	5.06732
7086.511230	2.80358
7088.847656	2.55002
7092.413086	21.9152
7097.216797	5.80663
7099.137207	1.40034
7102.295898	1.04762
7104.098633	2.56822
7105.992676	3.24001
7107.241699	0.813466
7109.151367	3.16369
7112.261719	9.36804
7121.435059	14.9033
7123.865723	3.50916
7126.599121	62.078
7146.193848	98.3021
7163.297852	71.7123
7172.016602	4.46791
7177.323730	1.27866
7179.964355	1.40956
7181.885742	3.76313
7187.204102	17.5096
7196.787598	1.42137
7200.730469	9.8894
7204.194336	26.262
7208.989258	0.516904
7213.988281	32.1633
7221.262207	5.14565
7223.163086	6.82462
7226.776855	1.42666
7229.265625	1.69294
7233.037598	0.756439
7235.476074	0.578921
7238.259277	0.222856
7243.044434	5.34022
7247.726563	5.48662
7250.384766	4.77184
7253.578125	2.85439
7256.355957	3.86777
7259.113281	6.19932
7260.937500	0.818606
7262.719238	10.2144
7266.887695	2.95452
7270.134766	9.86349
7272.685547	9.01628
7277.102539	6.73954
7280.108398	12.1474
7285.907227	19.9822
7288.557617	3.00163
7291.639160	4.04171
7294.452637	4.59435
7295.587891	0.829783
7299.025391	10.8865
7304.569824	20.9741
7308.014160	33.6742
7321.963379	22.1511
7324.247559	6.83655
7326.988281	5.63282
7329.937500	6.40296
7332.833008	3.55276
7335.963867	2.64476
7339.515625	1.58587
7342.956543	1.59126
7347.677246	22.9484
7351.550293	0.233175
7355.010742	5.09347
7357.945801	2.63637
7362.710449	27.7785
7370.147461	37.7572
7375.197754	4.16547
7376.481445	23.0633
7381.439941	1.89059
7384.287109	5.03591
7391.871094	135.173
7397.331055	38.302
7406.162109	208.483
7409.031250	394.896
7429.121094	111.939
7433.409668	0.44486
7435.192383	15.9048
7439.786621	3.65387
7442.696777	34.4553
7449.419922	15.0559
7451.014648	8.23156
7453.618652	7.7656
7456.478027	3.06843
7460.052246	10.9186
7465.726074	15.2251
7469.831543	2.63233
7472.215820	11.9842
7476.708496	9.82028
7478.684570	7.55809
7484.630859	27.426
7487.349609	6.44098
7489.924316	3.02128
7492.657227	5.36098
7498.033203	26.9276
7507.934082	30.1824
7510.018066	0.538646
7511.949707	5.95146
7514.016113	21.6368
7520.511719	15.5818
7523.188477	3.63708
7526.074219	3.89365
7530.439941	11.9279
7537.650879	121.98
7546.850098	14.0634
7549.257813	1.27348
7552.529785	4.60223
7555.025391	9.84534
7557.855469	4.75304
7564.296387	38.5114
7569.438477	11.9431
7575.531738	4.29881
7578.243652	6.27217
7582.484375	33.3142
7593.006348	30.2429
7595.380371	7.0557
7598.843262	0.432503
7603.360840	9.33916
7609.032227	31.8774
7611.691406	2.08587
7614.166016	47.2751
7624.130859	2.28661
7627.209473	9.80125
7629.191406	5.87652
7636.344238	38.7174
7642.160645	7.58446
7655.643066	3.81544
7657.784180	1.2037
7659.930664	3.31708
7661.629883	8.43919
7668.047363	7.79775
7675.155273	43.523
7681.104004	1.18556
7682.699219	0.140875
7686.993164	27.2331
7702.628418	49.4036
7708.935059	4.14237
7713.531250	1.86096
7714.844727	0.631698
7716.398438	0.477562
7719.047363	1.81971
7722.554688	11.5263
7726.716309	1.98495
7729.080078	5.09437
7732.955566	0.877515
7735.026367	0.535215
7737.291504	13.6536
7739.839844	3.67293
7743.085449	7.9819
7745.157715	1.01545
7747.568848	1.54158
7749.331055	1.62298
7751.327637	7.03348
7754.529297	4.0716
7757.113281	2.14502
7762.386719	3.96957
7768.781250	18.6466
7773.997070	4.79885
7779.217773	3.13951
7781.949219	3.87802
7785.082520	4.24407
7787.384766	11.2637
7793.688965	17.7391
7800.930176	124.936
7809.979492	0.291893
7812.084961	3.53243
7815.021973	2.48059
7819.833496	23.9607
7825.270996	3.53972
7826.659668	0.943972
7828.309570	0.915639
7834.348145	2.79753
7836.036621	1.97757
7837.870117	3.50427
7840.069824	26.3108
7855.122070	39.2492
7864.733398	4.90199
7867.224609	3.14585
7869.860352	0.72681
7875.555664	7.27218
7878.790527	2.36009
7881.072754	10.2862
7889.278320	8.63546
7895.362793	27.7528
7900.948242	4.15234
7903.929688	6.94233
7906.284668	4.04325
7911.439941	3.11937
7914.174316	1.38176
7917.291504	0.76352
7919.353516	0.137069
7921.643066	1.1565
7925.413574	2.49325
7927.772461	0.528477
7930.467773	4.09078
7934.377930	9.58934
7937.456543	2.4742
7940.091797	2.98927
7942.809082	0.405857
7947.744141	5.81507
7954.272461	14.4876
7956.603027	1.06441
7960.531250	9.61042
7963.496582	8.77316
7969.212402	1.1111
7970.950195	0.948301
7971.956543	1.08831
7975.419922	1.83941
7978.701172	13.6575
7983.655762	41.9363
7990.932129	0.801454
7994.623535	21.6766
8000.946289	0.904114
8006.244141	30.7256
8011.685059	2.01335
8013.821777	2.0323
8020.093262	14.7224
8025.621094	12.5494
8027.757324	11.243
8035.116699	20.4702
8037.014160	5.84095
8040.005371	1.89011
8045.589355	1.48067
8047.725098	2.20038
8055.014160	44.1835
8067.058594	34.1365
8075.894531	19.8134
8079.481934	3.43483
8081.178223	7.45282
8087.706055	2.37928
8089.272949	0.239805
8091.185059	1.01518
8092.939941	0.239045
8094.430176	2.28607
8096.839844	0.461365
8099.832520	2.67429
8102.133789	0.937206
8105.341309	0.708796
8106.942383	0.621548
8109.143066	0.612052
8112.646973	0.223041
8114.716797	0.360201
8116.894531	1.43953
8121.242188	42.9378
8131.142578	12.8333
8140.650879	19.0547
8147.786133	15.6476
8155.022461	76.2499
8166.041992	39.71
8171.278320	7.41618
8173.850098	3.82393
8176.320313	1.70997
8178.742676	0.216502
8181.075684	2.66305
8184.398438	0.431246
8188.110840	9.48236
8191.384277	3.75471
8194.832031	7.88507
8197.617188	1.7156
8200.536133	2.34871
8204.017578	15.8783
8212.992188	33.9865
8223.071289	22.92
8229.249023	5.57745
8231.366211	0.922419
8233.232422	1.93864
8234.589844	1.35928
8237.809570	3.14231
8242.501953	10.1317
8247.862305	10.2099
8250.406250	2.93504
8253.354492	4.7388
8255.264648	2.94985
8258.609375	6.54202
8264.050781	36.0443
8272.107422	16.6308
8274.498047	1.52601
8277.140625	2.20926
8279.450195	28.4434
8288.710938	6.54212
8293.939453	21.7296
8298.447266	4.27092
8302.681641	12.2842
8308.535156	7.35304
8310.911133	1.23022
8314.104492	3.09985
8317.552734	3.55203
8321.294922	5.86585
8323.907227	2.05603
8327.984375	5.27962
8330.424805	0.985417
8333.472656	0.102907
8335.637695	2.16997
8338.485352	0.900909
8341.439453	0.918041
8344.647461	1.6963
8348.185547	2.22159
8350.427734	2.48482
8353.563477	0.35332
8355.708008	0.0792327
8358.991211	5.34172
8362.195313	2.35081
8365.345703	2.12215
8368.420898	1.70017
8370.600586	2.76255
8376.175781	7.88441
8383.091797	5.84427
8386.512695	0.0594965
8390.942383	0.460707
8392.809570	0.812769
8396.863281	1.13497
8398.501953	1.89751
8407.077148	4.76991
8409.778320	3.97596
8416.595703	17.8567
8423.926758	17.8055
8430.783203	1.50219
8437.069336	1.52502
8439.267578	1.31461
8440.991211	0.962327
8442.949219	6.25703
8449.486328	17.111
8471.494141	7.25637
8477.540039	7.15144
8479.499023	2.18498
8482.366211	0.330701
8484.559570	0.744317
8488.100586	0.84338
8490.155273	10.4476
8495.773438	14.6551
8501.160156	1.98429
8504.453125	9.46465
8515.031250	0.120157
8516.946289	0.0276916
8518.450195	0.0214926
8521.555664	3.32098
8525.082031	4.96105
8527.676758	2.41062
8530.834961	2.09142
8540.817383	2.29873
8544.062500	2.59828
8548.376953	2.36865
8551.043945	3.60862
8554.905273	5.48604
8556.832031	4.54153
8562.828125	8.50517
8566.544922	0.984378
8569.186523	1.00526
8572.133789	0.37395
8575.222656	3.83417
8583.068359	0.205629
8585.948242	0.722023
8587.987305	0.801467
8591.829102	1.59214
8594.698242	1.9796
8598.840820	2.71749
8601.954102	0.454166
8605.795898	2.13286
8607.566406	0.0331278
8609.048828	0.0501999
8611.316406	0.286703
8613.346680	0.439672
8616.494141	0.316424
8618.863281	0.12521
8626.696289	13.9945
8640.481445	10.957
8644.013672	1.04793
8647.223633	6.28221
8652.393555	2.5878
8654.432617	0.689561
8657.108398	0.876474
8661.806641	0.215779
8665.810547	2.72983
8669.660156	1.96625
8672.664063	0.637296
8675.720703	0.498728
8678.908203	0.445781
8681.048828	0.286414
8682.549805	0.102587
8684.604492	0.131106
8686.413086	0.0668047
8688.822266	0.811873
8698.784180	0.0356121
8700.081055	0.497033
8702.934570	0.721936
8706.094727	0.173671
8709.679688	0.272599
8713.704102	0.355966
8715.597656	0.0704164
8716.939453	0.0239234
8718.353516	0.125049
8720.024414	0.20728
8723.743164	0.0316436
8726.834961	10.2208
8737.558594	5.50582
8746.426758	0.451036
8748.446289	13.3704
