TITLE "<<230426_YS_CKF_D15_PM_7666_ThermoSIN_MSMS1kVPos_Sen_MetaON_Xcal_pBAD_YahO_TIS_100Da_10K_6800hv>> 4700 MS/MS Precursor 7666 Spec #1=>AdvBC(32,0.5,0.0)=>NR(2.00)=>SM31=>CT[BP = 4170.7, 3185]" CENTROID
TYPE MASSSPEC
10.010171	5.71073e-007
10.043835	4.10804
10.086401	9.94668e-008
10.123390	3.97867e-007
10.162920	1.32622e-007
10.177763	6.63112e-008
10.207482	3.31556e-007
10.252144	2.65245e-007
10.296902	3.31556e-007
10.341758	2.65245e-007
10.376714	1.98934e-007
10.396714	6.63112e-008
10.421742	2.65245e-007
10.461851	2.65245e-007
10.502036	2.65245e-007
10.542298	2.65245e-007
10.580114	2.32089e-007
10.663548	8.62046e-007
10.808434	1.02782e-006
10.910692	2.984e-007
10.951731	2.32089e-007
10.987702	2.32089e-007
11.028886	2.984e-007
11.072726	2.65245e-007
11.108897	1.98934e-007
11.129592	6.63112e-008
11.152897	2.32089e-007
11.194388	2.984e-007
11.241158	2.984e-007
11.277603	1.65778e-007
11.295847	6.63112e-008
11.319325	2.32089e-007
11.342829	6.63112e-008
11.382054	4.31023e-007
11.426592	1.32622e-007
11.455458	2.32089e-007
11.486988	1.65778e-007
11.510664	1.32622e-007
11.531731	1.32622e-007
11.563366	2.65245e-007
11.610901	3.31556e-007
11.658533	2.65245e-007
11.700955	2.65245e-007
11.743454	2.65245e-007
11.796686	3.97867e-007
11.850039	2.65245e-007
11.932974	7.62579e-007
12.013509	2.32089e-007
12.064654	3.97867e-007
12.124011	3.31556e-007
12.466777	3.84605e-006
12.805000	0.000349294
12.858696	0.011097
12.911073	0.00929864
12.942274	0.00118394
13.008561	0.000834403
13.061346	0.00601218
13.101244	0.00541978
13.129604	7.26103e-005
13.186970	8.85972e-008
13.203282	9.94668e-008
13.234312	2.65245e-007
13.273856	1.98934e-007
13.304969	1.65778e-007
13.330451	1.32622e-007
13.375814	3.97867e-007
13.429783	2.32089e-007
13.483859	3.97867e-007
13.529483	1.32622e-007
13.560893	2.32089e-007
13.595201	1.65778e-007
13.620960	1.32622e-007
13.643878	1.32622e-007
13.681160	2.984e-007
13.712747	6.63112e-008
13.732865	1.65778e-007
13.752999	6.63112e-008
13.781789	2.65245e-007
13.848117	4.97334e-007
13.949357	6.63112e-007
14.013183	6.63112e-008
14.024803	6.63112e-008
14.036428	6.63112e-008
14.065512	2.65245e-007
14.094626	6.63112e-008
14.123771	2.65245e-007
14.179228	3.64712e-007
14.246506	3.97867e-007
14.305138	2.65245e-007
14.352130	2.65245e-007
14.387425	1.32622e-007
14.410979	1.32622e-007
14.437501	1.65778e-007
14.458145	6.63112e-008
14.478805	1.65778e-007
14.499479	6.63112e-008
14.529039	2.65245e-007
14.588250	3.97867e-007
14.638675	1.65778e-007
14.701083	5.3049e-007
14.799422	5.63645e-007
14.886113	3.97867e-007
14.931052	9.94668e-008
14.979062	4.31023e-007
15.030157	1.32622e-007
15.063266	2.32089e-007
15.099425	1.65778e-007
15.126574	1.32622e-007
15.150725	1.32622e-007
15.211190	5.3049e-007
15.289974	3.31556e-007
15.344637	2.65245e-007
15.393308	2.65245e-007
15.435958	1.98934e-007
15.478667	2.65245e-007
15.520636	0.000997921
15.597737	0.144368
15.670485	0.169957
15.762267	0.0108887
15.829673	0.0707946
16.004028	0.319936
16.122730	0.0555869
16.166460	0.0519641
16.278875	0.0162552
16.340704	0.00870569
16.437075	0.604442
17.574718	0.0832005
18.599415	0.115008
18.684885	0.0199643
18.722361	0.00186278
18.816257	0.000718063
18.866863	0.0110922
18.913666	0.0125837
20.849199	8.60256
22.440248	8.75436
22.828800	9.73164
23.206209	90.3743
23.493914	2.12128
23.730865	9.57767
24.103113	0.347583
24.494976	3.06815
25.151968	8.52855
25.358906	0.21558
25.482914	0.625289
25.570642	0.31218
25.648802	0.11483
25.788847	0.0217781
25.874453	2.61071
26.266634	12.0915
26.883413	2.15542
27.892197	2.56833
28.061449	0.239961
28.232527	0.185791
28.443081	2.9419
29.255325	0.012076
29.314272	0.0540872
29.394428	0.0283486
29.440453	0.0576471
29.617380	0.0294415
29.740788	1.54442
30.203238	2.29125
30.298576	5.28663
31.141987	2.27507
31.463749	0.703722
31.548689	0.447174
31.644386	0.082712
31.780910	0.111301
31.891916	0.160405
31.949366	0.00706795
32.277504	8.34096
33.328449	5.01151
33.917294	22.4653
34.368889	7.23958
34.711514	0.879362
35.262253	3.25509
35.867893	0.119463
36.169872	2.52562
37.114529	0.0628257
37.244770	0.0382961
37.334679	0.132871
37.641342	0.974484
38.280159	0.119046
38.453033	0.0559672
38.641228	0.171843
38.943188	0.4762
39.150623	0.294532
39.355354	0.227776
39.960972	1.06914
40.158203	0.404255
40.261562	0.34218
40.418293	0.916447
40.725292	0.35299
40.843189	1.23751
41.400505	6.01066
42.421242	5.34591
43.018768	7.43379
43.801014	0.271324
44.056797	0.515182
44.299049	2.35957
44.439392	0.825498
44.690086	4.58877
45.097469	1.08623
45.615486	0.360045
47.098461	4.22365
47.217617	0.193675
47.371876	0.425771
47.568295	1.0107
47.797382	0.774286
48.725426	38.8037
49.353310	5.44701
50.154488	37.4443
50.424919	106.893
50.550610	32.2307
50.621155	5.21294
50.737167	56.2141
50.971569	64.8173
51.129345	11.7795
51.255875	25.5079
51.401642	8.19024
51.513130	41.8606
51.717133	37.1698
51.846516	22.3429
52.015034	62.91
52.264458	9.59921
52.360893	4.51968
52.551277	45.036
52.809425	20.9386
53.087811	23.079
53.278782	40.294
53.616665	6.83863
53.893822	49.7732
54.490959	44.8053
55.054768	35.4712
55.540096	3.57554
55.865093	17.9738
56.454567	32.0342
57.047314	19.8029
57.597912	12.2817
58.051430	3.6403
58.233727	1.74513
58.599529	3.85762
58.906849	4.84763
59.088406	1.68255
59.385715	0.275896
59.673588	7.29536
61.080883	3.09832
61.883533	5.7119
62.411674	7.10169
62.920326	5.17547
63.353592	0.48431
63.642498	3.67087
64.067101	3.08419
64.437019	14.0677
64.862030	0.217981
65.048653	0.503177
65.229355	0.73126
65.482414	0.0370985
65.870476	2.15881
66.395485	0.361026
66.667885	0.485269
67.277939	0.392606
67.968735	1.32483
68.255409	0.675372
68.414024	0.358942
68.713516	0.832255
68.875015	1.33182
69.401062	4.21877
69.658958	0.497355
69.741425	0.302346
69.962776	1.48064
70.221092	0.03876
70.357834	2.89304
70.697235	0.161762
70.879921	0.251022
71.012650	5.39701
73.197166	26.5242
74.456779	75.2289
74.987350	9.34847
76.192932	7.79423
76.677887	0.660659
76.973686	0.539148
77.263939	2.58555
77.519775	0.789242
77.830933	0.754555
78.122696	0.918932
78.578156	23.0481
79.578949	12.8571
79.994888	26.6678
80.696564	29.9354
81.379608	81.595
82.200378	93.6874
83.020691	6.06085
83.327316	4.12999
83.598602	1.2277
83.892250	2.9313
84.554329	6.96162
85.147621	3.7298
85.298248	2.61867
85.725441	6.17693
86.764816	20.3659
87.284607	2.20326
87.392532	0.271282
87.584572	1.54036
87.984421	2.77279
88.591408	0.0213005
88.836296	1.11773
89.542038	0.326063
90.272583	0.158371
90.679726	5.61345
92.140991	1.14523
92.495079	0.500088
92.832436	4.11649
93.575478	6.17614
94.184761	21.5056
94.790352	10.7292
95.008186	1.72316
95.407005	2.18095
95.551147	1.05775
95.899109	2.40627
96.222626	5.96447
96.609863	5.47625
96.942200	5.13636
97.284599	1.73867
97.484039	0.499945
97.928490	42.9576
98.539223	8.01926
98.709000	8.56459
99.159218	3.56614
99.517693	6.11189
99.735481	18.3408
100.573547	8.13112
101.040649	9.78001
101.982437	3.67493
102.634369	1.48903
102.874802	0.0968211
104.513924	13.28
104.832771	1.92646
105.325470	2.29353
105.556526	0.977701
105.931824	2.46787
106.890350	3.60265
107.183212	0.146235
107.372787	1.22617
107.616615	1.92251
107.834145	0.75402
108.000954	0.43137
108.192909	3.98882
109.345703	1.85766
110.479935	2.78368
112.129707	0.419231
112.343193	0.605897
112.897575	22.238
113.923027	0.0627197
114.361519	15.6774
115.079887	1.78826
116.221474	1.42099
116.535385	1.49217
116.762306	2.52224
117.183121	0.911464
117.441452	14.0047
119.101891	7.54698
119.377609	3.2472
121.406288	24.2732
122.440681	32.7967
123.104263	1.91837
123.688301	21.4046
124.292679	4.39524
125.155441	1.9767
126.499451	3.33001
126.832230	3.09874
127.394997	7.67139
128.316406	2.85014
129.786636	1.35305
130.069794	0.0175679
130.222382	0.0118363
130.668701	6.96832
132.149734	0.147741
132.358459	0.183038
133.338425	17.0687
134.709839	4.01012
135.263901	1.35603
135.697067	0.769974
135.850342	0.104351
136.103424	2.44884
136.793900	0.420239
137.611832	2.38911
140.556259	4.63943
140.728699	1.52849
141.229111	1.38614
141.645813	0.0218191
142.013474	1.91601
144.078308	4.61805
144.606628	0.186433
144.783401	0.0339998
145.090378	0.151304
145.278763	0.0692014
145.775360	0.36126
146.113205	1.00673
146.404877	0.545846
146.528580	0.220177
146.845810	0.424022
147.065338	0.0634566
147.235672	0.151262
147.533890	0.050267
147.727173	0.0312016
148.287674	11.0961
150.325745	0.107213
150.559250	0.0804371
151.930344	5.81818
152.229004	0.435139
152.877747	11.1362
154.031296	0.0938962
154.336227	0.626851
154.521912	0.598364
154.707291	0.483213
155.026291	0.221444
155.217041	0.239606
155.398956	0.0808714
155.598007	1.2427
156.739273	1.95147
157.678467	10.5809
158.509903	9.02877
159.273163	2.55201
160.306778	1.68976
160.674591	2.03825
161.084244	1.7695
161.458771	2.16322
161.686203	7.62472
162.633865	6.09975
163.622070	1.04438
163.948669	0.10414
165.006149	1.7989
165.504044	0.90497
165.733261	0.825437
165.935242	0.374749
166.242554	0.222321
166.512543	0.558335
168.010315	8.98486
169.627304	12.7518
171.247406	9.72914
171.851166	0.225841
172.283844	0.0555934
172.828217	0.220727
173.044891	0.145896
174.983734	0.174426
175.687744	0.245122
176.819199	1.15433
177.310745	2.37402
177.635406	1.12773
178.216507	0.665298
178.898804	0.556213
179.301849	1.01323
179.840500	0.791813
180.220184	0.249423
180.671875	0.12066
181.279800	3.00947
183.906097	5.03626
185.126328	0.112927
185.426376	0.108167
185.647217	0.0592182
185.979187	0.131573
186.228470	0.14021
186.559143	0.135319
187.076706	0.0613401
187.446869	0.148591
187.840454	0.277536
188.075790	0.167828
188.364334	0.0957
188.622314	0.0954961
188.965210	0.130991
189.464066	0.110883
189.916458	1.52458
190.745285	0.2997
191.066727	0.284556
191.602036	3.87481
192.642090	20.0713
194.794281	18.17
195.773544	1.16719
196.143188	0.081709
196.741333	3.9684
198.092804	0.9176
199.171158	0.087213
200.994644	0.0279242
201.394409	0.0835707
201.655441	0.053622
201.959061	0.125446
202.215424	0.139027
202.528488	0.160001
202.880478	0.0117427
203.079544	0.0367458
203.438751	0.0395104
203.910751	0.908974
204.552032	0.547733
205.180832	4.35752
205.973480	4.16342
206.339737	1.42057
206.971802	2.05786
207.303513	0.133885
207.759033	0.104715
208.953064	0.0959505
209.260925	0.0849768
209.485291	0.203613
209.706543	0.246005
209.847580	0.00116319
210.053177	0.0520318
210.290848	0.0624256
210.526764	0.317955
212.764999	0.909745
214.122421	2.60337
214.952454	2.1031
215.312897	0.545577
216.039215	2.79444
217.079742	0.240349
217.668365	0.0189327
217.887650	0.060902
218.081680	0.0878517
218.336487	0.167582
218.652298	0.0743429
218.888245	0.0396963
219.205475	0.0151209
219.430923	0.00845857
221.250626	0.425491
221.682526	0.0703164
222.430161	1.40251
223.172729	0.942342
223.587646	3.59482
224.037277	0.553197
224.500687	0.532989
225.450882	0.781177
225.663345	0.359563
226.796539	2.28012
227.679214	0.585264
227.931213	1.20628
228.560867	0.185812
228.881287	0.235312
229.131363	0.0541022
229.458038	0.0476924
229.749939	0.165184
231.395966	2.11368
232.195587	3.43467
233.153107	0.998611
234.412888	9.02265
235.265869	0.501835
235.786072	1.76294
236.201981	6.8155
237.755630	2.80104
238.027832	0.015884
238.376602	1.67183
239.188766	0.14763
239.464203	0.827074
239.671738	1.15876
240.067291	0.0894976
240.306580	0.145919
240.729721	0.385715
241.245834	3.14829
242.455292	2.63491
243.003967	0.0391574
243.507126	0.216209
244.255478	0.129144
246.973328	0.0456717
247.438614	0.235214
247.777145	0.14597
248.016052	0.337329
248.383057	0.18082
248.644760	0.0956641
248.924362	0.270226
249.302521	0.24986
249.798935	0.117676
250.645309	1.46114
251.662216	2.34509
252.302246	0.512824
252.667526	0.250535
252.851044	0.582702
254.095810	0.626055
254.449890	0.0201062
254.651825	0.0141103
255.098694	0.0403588
255.335770	0.00691725
255.814240	0.846416
257.945129	0.0647224
258.233612	0.0389725
258.496124	0.015439
258.879272	0.0128433
259.610962	0.0903644
259.959137	0.0249126
260.331696	0.218183
260.642609	0.291168
261.009827	0.0155685
261.266510	0.0656611
261.629517	0.0909552
262.096649	0.411922
262.522156	0.228162
262.766510	0.0444568
262.938690	0.00248039
263.164032	0.0852364
263.430695	0.0691019
264.213043	0.618786
266.211700	0.0578683
266.500031	0.0263303
266.760925	0.0236754
267.154846	0.0105399
267.400085	0.00350323
268.508850	0.0677129
270.139130	0.846168
271.214752	0.826898
271.779938	3.23806
273.459595	1.27204
273.991211	2.21467
274.319641	0.894383
274.514191	1.64496
274.939056	0.539335
275.969879	3.2882
276.300446	0.854033
277.671539	2.57589
278.581360	2.44798
279.103455	0.805613
279.724792	0.706334
280.278503	0.256788
281.778076	0.106941
282.529724	0.0981409
283.294678	0.176879
284.380432	5.36441
286.852844	5.60989
287.716553	0.0138791
288.728424	2.07213
291.325531	0.0396064
291.810059	0.143782
292.251312	0.428091
292.528900	0.416917
292.894989	0.0999871
293.219177	0.130689
293.629852	0.201345
294.685669	0.128216
295.178955	0.104
295.675568	0.164029
295.978119	0.088442
296.247467	0.0660826
296.674469	0.0324126
296.970062	0.250932
297.780945	1.163
298.301971	0.742002
298.949097	0.17077
299.490540	0.201283
299.985229	0.0980307
300.288788	0.0623783
300.579529	0.0360898
300.965454	0.0592671
301.693268	0.14642
302.351501	0.237255
302.753387	0.276002
303.003143	0.0572738
303.344055	0.164991
303.780029	0.794218
305.221130	0.791208
306.850708	2.85757
307.983643	0.280414
308.509277	0.239029
308.983551	0.02378
309.432373	0.229143
309.996948	0.228085
310.338409	0.154683
310.497009	0.0248747
310.715057	0.0576043
311.007660	0.0970101
311.458771	0.0235691
312.139526	0.267749
312.992645	0.215743
313.602783	0.0598825
314.177551	0.0964898
314.755493	0.0187334
315.194275	0.00160623
315.709961	0.00223422
319.743561	1.12604
322.364258	2.17065
323.225128	1.80843
323.790924	0.823713
324.392975	0.672535
325.014435	0.0793779
325.387299	0.0184796
328.394806	1.07234
330.953278	3.33536
332.597961	0.0732019
333.506561	4.14087
335.265686	1.112
336.756775	0.400642
338.544281	0.908773
339.378784	0.271074
339.903839	0.11412
340.508911	0.0441521
340.905396	0.00423754
344.662079	0.149466
346.529236	0.0746642
347.075134	0.20645
347.452087	0.159672
347.745392	0.0315429
348.072479	0.117914
348.413330	0.0997922
348.687408	0.0327383
349.127869	0.0449442
349.451263	0.0310125
349.892212	0.0816859
352.370941	0.0692976
352.901337	0.202046
353.236206	0.088975
353.634766	0.267626
354.008087	0.268464
354.373871	0.126103
354.795624	1.09497
355.677124	0.372389
356.100555	1.38162
356.676483	0.014948
357.505829	1.15567
358.524323	0.0723609
359.379272	0.00925954
360.517395	0.285458
361.588348	0.9083
362.167053	0.702864
362.816345	0.161685
363.168457	0.032694
363.450928	0.0128301
363.841583	0.00919432
364.378448	0.28535
365.073883	0.107171
365.762268	0.222831
366.394897	0.419796
366.711670	0.256219
367.050110	0.0655137
367.526031	0.0466661
367.778107	0.00453068
368.186646	0.255877
371.580383	0.623924
372.623932	0.585176
373.248383	0.770504
373.832916	0.168568
374.821045	3.21337
377.328247	1.39495
378.660522	1.07277
379.060913	1.03857
379.697632	0.02605
380.045166	0.485503
381.691223	0.347177
383.606262	0.897649
386.908356	0.162168
387.703461	0.00234132
387.981323	0.021124
388.198212	0.0178671
388.339630	0.000299977
388.507355	9.28627e-005
388.768616	0.00356951
389.058167	0.00332447
389.227325	0.000186076
389.629456	0.000502963
390.246063	0.00710847
390.563690	0.0518659
390.795654	0.0452759
390.986298	0.0104532
391.142609	1.6203e-005
391.352905	0.00931344
391.649384	0.0155613
391.904602	0.0434355
392.406769	0.101053
392.741455	0.065317
393.090820	0.0336727
393.547089	0.0274354
393.838165	0.0145357
394.484589	0.0725135
396.090027	0.0355993
396.543579	0.120123
397.118439	0.224619
397.451385	0.147626
397.807495	0.084232
398.269592	0.0505066
398.587128	0.142357
399.562378	0.807669
400.192596	0.486501
400.882751	0.168358
401.501709	0.019733
401.982605	0.006737
402.424255	0.0002042
402.747375	0.00296012
403.283020	0.120973
403.862244	0.30619
404.201355	0.18824
404.552063	0.0523772
405.044067	0.0435287
405.306641	0.0125662
405.537628	0.000975309
405.797668	4.97006e-005
405.919922	3.30578e-007
406.111328	1.56181e-007
406.205627	1.5738e-007
406.362885	3.67248e-007
406.562469	0.00029904
406.850433	0.0114217
407.147644	0.0093846
407.319244	0.000658122
407.448883	3.84374e-005
407.681763	0.000963904
407.993713	0.00611602
408.216583	0.00547875
408.362854	1.42634e-005
408.488983	4.36147e-006
408.615173	2.37046e-007
408.772888	1.04928e-007
413.154633	1.44284e-005
417.834229	0.011479
418.545624	0.03251
419.044464	0.104787
419.231293	0.0669903
419.379120	0.00246101
419.790375	0.0362614
420.147186	0.0146771
420.434448	3.3054e-005
420.562469	2.65027e-005
420.766327	1.13287e-006
420.952118	0.000725548
421.577179	0.0166778
421.897369	0.00308361
422.123596	0.0478678
422.487183	0.0332521
422.861755	0.145975
423.768036	0.185799
424.190155	0.101818
424.513916	0.0248081
425.047791	0.0388803
425.348389	0.0266102
425.662384	0.00640698
426.043793	0.00086557
426.439758	6.72794e-006
426.716980	3.86364e-007
426.923279	3.1512e-007
427.117035	3.14799e-007
427.262207	1.57392e-007
427.342865	1.04928e-007
427.514038	0.379945
428.265717	0.778231
428.852234	0.134867
429.436859	0.994015
430.652130	1.2514
431.527802	2.20067
432.048370	0.732497
432.893555	0.519698
433.218353	0.0301012
434.295074	0.237806
437.553558	0.828268
440.854401	0.0945501
441.327301	0.187541
441.759399	0.130693
442.117859	0.473171
443.092957	0.0855735
443.776428	0.714638
444.392700	1.04884
444.671143	0.040997
444.994019	0.583895
445.605713	0.0669507
446.756073	0.399998
448.687500	0.310465
453.123871	0.0992242
457.413361	0.0293702
458.447021	0.482535
459.103760	0.0468729
459.350708	0.162409
459.508209	0.0740258
460.065369	0.38748
461.606079	0.969696
462.440948	0.00480925
464.788574	0.499391
466.404175	0.0422076
466.813812	0.227881
467.271484	0.156671
467.723297	0.302011
468.231506	0.199122
468.518433	1.40085
468.969574	2.67991
469.806549	0.458105
470.139191	0.332647
470.688263	0.921292
471.388153	0.475154
471.969421	0.366104
473.166748	2.7315
473.886078	1.97224
474.169128	0.180722
474.640839	0.655087
475.365936	0.800813
475.799255	0.192101
476.167847	0.0490914
476.624329	0.145811
477.070282	0.058708
477.361145	0.00892944
478.807800	0.0573824
480.582611	0.000839874
481.340454	4.51761e-006
482.089905	7.64979e-006
483.035431	1.14282e-006
483.553833	5.18153e-007
483.947693	6.82242e-007
484.325684	4.72117e-007
484.531952	1.57857e-007
485.202148	0.17414
486.652527	2.08898
487.799744	2.36128
488.569489	0.697891
488.942841	0.114676
489.473785	0.23069
489.843750	0.0703729
490.336761	0.153002
491.029633	0.0235225
492.596924	1.17866
493.940826	0.808768
494.509827	0.703969
494.796967	0.22507
495.355743	0.296248
495.777588	0.214606
496.067963	0.0898624
496.611359	0.0342728
497.323303	0.0520469
503.763550	0.620155
505.585815	0.0648092
505.923584	0.130067
506.386810	0.176695
506.933990	0.0118842
507.256683	0.0384404
507.832153	0.0388421
508.312531	0.000830408
508.893250	0.0847557
510.088989	0.062648
510.429718	0.130765
510.894928	0.175665
511.443604	0.0115043
511.768433	0.0393353
512.340881	0.0372759
513.249329	0.122677
517.132629	0.235593
519.616516	0.757598
521.397461	0.538289
522.912109	0.0541543
523.889648	0.0259021
531.479431	0.0139563
531.855225	0.0219439
532.195190	0.0431867
532.467590	0.176431
532.791077	0.121653
533.138123	0.0124781
533.426392	0.0281873
533.763000	0.0430008
534.000977	0.0205126
534.197815	0.0478373
534.771484	0.22094
535.162598	0.136381
535.566345	0.040954
536.129089	0.0327329
536.437927	0.00933061
536.960938	0.143441
538.156616	0.138042
538.469055	0.175029
538.948853	0.294684
539.754028	0.100186
540.451660	0.0787986
541.034180	0.014049
541.378601	0.00735894
541.633667	0.00024291
541.916443	1.03444e-005
542.069336	6.49609e-008
542.297729	1.86664e-008
542.406860	1.88392e-008
542.515991	1.88702e-008
542.643372	2.51658e-008
542.752563	1.25829e-008
542.825317	1.25829e-008
542.898132	1.25829e-008
542.970947	1.25829e-008
543.043701	1.25829e-008
543.116516	1.25829e-008
543.189331	1.25829e-008
543.262146	1.25829e-008
543.335022	1.25829e-008
543.407837	1.25829e-008
543.480652	1.25829e-008
543.553467	1.25829e-008
543.626343	1.25829e-008
543.699158	1.25829e-008
543.772034	1.25829e-008
543.844910	1.25829e-008
543.917786	1.25829e-008
543.990601	1.25829e-008
544.063477	1.25829e-008
544.136353	1.25829e-008
544.209229	1.25829e-008
544.282166	1.25829e-008
544.355042	1.25829e-008
544.427917	1.25829e-008
544.500854	1.25829e-008
544.573730	1.25829e-008
544.646667	1.25829e-008
544.719543	1.25829e-008
544.792480	1.25829e-008
544.865417	1.25829e-008
544.938354	1.25829e-008
545.011292	1.25829e-008
545.084229	1.25829e-008
545.157166	1.25829e-008
545.230103	1.25829e-008
545.303101	1.25829e-008
545.376038	1.25829e-008
545.449036	1.25829e-008
545.521973	1.25829e-008
545.594971	1.25829e-008
545.667908	1.25829e-008
545.740906	1.25829e-008
545.813904	1.25829e-008
545.886902	1.25829e-008
545.959900	1.25829e-008
546.032898	1.25829e-008
546.105896	1.25829e-008
546.178955	1.25829e-008
546.251953	1.25829e-008
546.325012	1.25829e-008
546.398010	1.25829e-008
546.471069	1.25829e-008
546.544067	1.25829e-008
546.617126	1.25829e-008
546.690186	1.25829e-008
546.763245	1.25829e-008
546.836304	1.25829e-008
546.909363	1.25829e-008
546.982422	1.25829e-008
547.055481	1.25829e-008
547.128601	1.25829e-008
547.201660	1.25829e-008
547.274780	1.25829e-008
547.347839	1.25829e-008
547.420959	1.25829e-008
547.494080	1.25829e-008
547.567139	1.25829e-008
547.640259	1.25829e-008
547.713379	1.25829e-008
547.786499	1.25829e-008
547.859619	1.25829e-008
547.932800	1.25829e-008
548.005920	1.25829e-008
548.079041	1.25829e-008
548.152222	1.25829e-008
548.225342	1.25829e-008
548.298523	1.25829e-008
548.371704	1.25829e-008
548.444824	1.25829e-008
548.518005	1.25829e-008
548.591187	1.25829e-008
548.664368	1.25829e-008
548.737549	1.25829e-008
548.810791	1.25829e-008
548.883972	1.25829e-008
548.957153	1.25829e-008
549.030396	1.25829e-008
549.103577	1.25829e-008
549.176819	1.25829e-008
549.250000	1.25829e-008
549.323242	1.25829e-008
549.396484	1.25829e-008
549.469727	1.25829e-008
549.542969	1.25829e-008
549.616211	1.25829e-008
549.689453	1.25829e-008
549.762695	1.25829e-008
549.835999	1.25829e-008
549.909241	1.25829e-008
549.982483	1.25829e-008
550.055786	1.25829e-008
550.129089	1.25829e-008
550.202332	1.25829e-008
550.275635	1.25829e-008
550.348938	1.25829e-008
550.422241	1.25829e-008
550.495544	1.25829e-008
550.568848	1.25829e-008
550.642151	1.25829e-008
550.715515	1.25829e-008
550.825500	2.51657e-008
551.002991	0.000298671
551.338684	0.0114212
551.684875	0.00923116
551.889465	0.0105604
552.272461	0.00942121
552.681702	0.00412976
552.930603	0.00535938
553.263916	0.0061925
553.518555	0.00547745
553.689087	1.45555e-005
553.836121	4.65361e-006
553.998413	5.23556e-008
554.167114	1.25829e-008
554.240662	1.25829e-008
554.314209	1.25829e-008
555.307739	3.27154e-007
556.302246	1.25829e-008
556.375916	1.25829e-008
556.449646	1.25829e-008
556.523315	1.25829e-008
556.633911	2.51657e-008
556.762939	1.88743e-008
556.873535	1.88743e-008
557.703369	2.6424e-007
558.644592	5.66228e-008
558.866150	1.88743e-008
558.995422	2.51657e-008
559.106262	1.25829e-008
559.180115	1.25829e-008
559.254028	1.25829e-008
559.327942	1.25829e-008
559.401794	1.25829e-008
559.475708	1.25829e-008
559.549622	1.25829e-008
559.623535	1.25829e-008
559.697449	1.25829e-008
559.771423	1.25829e-008
559.864014	1.8967e-008
560.603149	0.0310603
562.229248	0.162805
563.286377	0.10791
563.967407	0.0689159
564.776367	0.0412823
565.406982	0.00581819
565.939758	0.000436483
566.342773	6.20607e-006
566.643188	6.3156e-008
566.926086	3.80847e-008
567.151489	3.77637e-008
567.319031	1.8874e-008
567.430664	1.88743e-008
567.542358	1.88743e-008
567.635376	1.25829e-008
568.082214	1.38411e-007
568.670532	0.00243326
569.357971	0.0576428
569.735840	0.0185977
570.097229	0.067276
570.781494	0.00498719
571.000244	0.00442748
571.400208	0.132724
572.928223	1.9118
573.659668	0.810733
573.988342	0.0414085
574.604431	0.174367
575.035461	0.0324303
575.301636	0.0230125
575.843567	0.0124972
576.380493	0.00144184
577.239136	0.0464713
578.136292	0.151128
578.515808	0.107801
578.830505	0.0115275
579.073181	0.0264128
579.495422	0.0400588
579.844177	0.0225596
580.108826	0.000731079
580.420288	3.72932e-005
580.695496	0.000389578
581.078186	0.011421
581.433838	0.00938405
581.639221	0.000658372
581.794312	3.86372e-005
582.072937	0.000963281
582.446167	0.00611546
582.712830	0.00547819
582.887817	1.44632e-005
583.038757	4.56127e-006
584.900146	0.00144599
585.513367	0.00871236
585.800049	0.0058423
586.250854	0.0518093
586.656921	0.0328834
587.103760	0.016361
587.643311	0.0134697
588.000000	0.00727654
588.266846	0.000244432
588.580261	1.2633e-005
592.685425	0.0227107
593.519714	0.268163
594.018250	0.181234
594.490601	0.047989
595.003357	0.0260071
595.429749	0.0190656
595.718201	0.001338
595.953857	0.00544
596.219177	0.00548501
596.396179	1.44735e-005
596.548828	4.56133e-006
608.340454	6.10342e-005
608.803223	0.188722
621.537598	1.56467
624.331116	0.0926059
625.000610	0.19768
625.433289	0.110528
625.906189	0.0389477
626.487183	0.0665719
627.414429	1.19584
629.639038	4.50786
631.767029	4.77407
632.928223	0.206562
633.754150	0.36999
634.443298	0.075703
635.090820	0.00789355
636.698975	0.335963
639.722107	1.59359
642.103271	1.26424
642.988037	0.845862
644.127075	0.778906
644.588440	0.0162419
644.978149	0.141328
645.687500	0.134718
646.108643	0.0159121
647.275696	0.0118026
648.566711	1.77176
654.173828	0.638226
655.226807	0.173909
655.523438	0.179205
655.910706	0.129502
656.610168	0.0268773
656.996277	0.831479
659.753723	0.48148
662.170715	1.35607
667.240112	0.438275
671.437439	0.03426
676.458069	0.00942305
677.422424	0.00667634
677.845520	0.0388333
678.133301	0.0336691
678.336792	0.000478961
678.541931	0.000240619
678.901001	0.00680053
679.268311	0.00584426
679.498413	0.00111645
680.026855	0.0377527
685.040405	0.086193
687.566162	0.406011
688.415527	0.379425
689.027710	0.323527
689.431458	0.0785554
689.995728	0.103765
690.484497	1.6238
692.198608	4.35143
694.510254	1.74916
695.611206	0.803656
696.775696	0.570367
697.557922	0.221117
698.447815	0.12793
698.912292	0.0100587
699.246887	0.0072606
700.281006	0.428964
705.340698	3.45771
709.295410	2.32992
712.318787	0.805578
715.545959	0.78016
719.429565	0.0137738
720.067200	0.0805615
720.493103	0.0564355
721.060120	0.131002
721.779175	2.15119
725.457825	2.34491
727.975647	0.575316
729.392700	0.306856
730.037964	0.30162
730.628113	0.624414
731.494995	0.123299
731.955017	0.243463
732.488647	0.490616
732.966553	0.782696
734.070862	0.0837226
734.532959	0.10222
735.363342	0.0956666
736.236572	0.0654322
737.096497	0.0226572
739.696350	0.215943
742.021362	0.325316
743.184509	0.921798
744.151367	0.750833
744.791504	0.0626279
745.172607	0.375358
745.930420	0.175354
746.242371	0.101239
746.934143	0.184618
748.072632	0.0941845
748.497437	0.0811165
749.210144	0.169854
749.702637	0.282206
750.056763	0.439938
752.939819	0.599962
755.082336	0.172797
759.382141	0.0305787
760.160583	0.0710521
760.608032	0.0575473
761.113098	0.0252918
761.709961	0.0155763
762.505310	0.196756
775.173523	0.563669
793.531738	2.50969
803.406128	0.797226
805.305908	0.734979
806.205322	0.875238
807.061768	0.135044
808.412598	0.380223
809.738037	0.0771283
823.381470	0.0727325
824.588257	0.0114146
825.012451	0.00937749
825.257446	0.000667976
825.442566	4.7643e-005
825.771240	0.00103355
826.219421	0.00619426
826.538208	0.00538499
826.765869	0.00012791
827.556885	0.0287636
833.973694	0.0180386
835.121155	0.359623
836.849854	0.672213
837.813843	0.359923
838.749878	0.223612
839.608887	0.0838785
840.356140	0.191835
847.837402	4.02327
853.394958	0.306937
853.926453	0.506465
854.392517	1.57941
856.356018	2.36662
857.448242	0.0465483
858.428833	0.204619
860.028503	0.0619812
861.244385	0.0900573
862.081360	0.256789
862.575317	0.155602
863.091919	0.0344424
863.821594	0.0297183
864.197083	0.00843211
864.537415	0.000796596
865.417175	0.000966791
867.973999	0.368646
871.580017	1.55121e-006
872.782043	3.69335e-007
873.175171	2.58534e-007
873.545288	3.32401e-007
873.984924	3.69335e-007
874.447815	3.69335e-007
874.841309	2.58534e-007
876.833557	2.91775e-006
879.106506	7.01736e-007
879.988647	7.01736e-007
880.824829	6.27869e-007
881.335999	1.84667e-007
881.498657	7.3867e-008
881.707825	2.58534e-007
882.289001	6.64803e-007
882.823853	1.84667e-007
882.986694	7.3867e-008
883.196045	2.58534e-007
883.777710	6.64803e-007
884.313049	1.84667e-007
884.476013	7.3867e-008
884.685547	2.58534e-007
885.267700	6.64803e-007
885.803467	1.84667e-007
886.129700	3.32401e-007
886.922119	9.23337e-007
887.994873	7.75603e-007
888.928162	7.01736e-007
889.768616	6.27869e-007
890.282410	1.84667e-007
890.445923	7.3867e-008
890.656128	2.58534e-007
891.240295	6.64803e-007
891.777893	1.84667e-007
891.941528	7.3867e-008
892.151978	2.58534e-007
892.736633	6.64803e-007
893.274658	1.84667e-007
893.602234	3.32401e-007
894.398071	9.23337e-007
895.475342	7.75603e-007
896.412659	7.01736e-007
897.256653	6.27869e-007
897.772583	1.84667e-007
897.936768	7.3867e-008
898.147949	2.58534e-007
898.734558	6.64803e-007
899.274414	1.84667e-007
899.438782	7.3867e-008
899.650085	2.58534e-007
900.237244	6.64803e-007
900.777527	1.84667e-007
900.942017	7.3867e-008
901.153503	2.58534e-007
901.576599	4.06268e-007
902.226624	0.00195848
903.841614	0.0921962
905.389832	0.0568013
905.933350	0.208991
906.546326	0.16417
906.845764	0.000967973
907.233704	0.00934146
907.800293	0.0583929
908.271057	0.901516
908.955933	0.864621
909.382141	0.0545011
910.129333	0.261164
910.680420	0.136544
911.128235	0.0382154
912.043091	0.278628
912.711548	0.204298
913.134766	0.029818
913.478394	0.0256471
913.908081	0.0776657
914.434387	0.0684023
914.743286	0.00975683
915.180298	0.0159357
915.512695	0.00159807
915.872681	0.0207512
916.205750	0.0180636
916.423462	0.000227921
916.765869	4.61625e-005
917.083923	0.00372654
917.530396	0.00311326
917.791443	0.000251931
917.988464	1.39751e-005
918.178223	8.20241e-007
918.439209	1.08056e-007
919.531006	1.58814e-006
920.837280	4.43202e-007
921.257568	0.00119478
921.692627	0.045702
922.141357	0.0374693
922.400452	0.00273861
922.596313	0.000205345
922.958252	0.00274312
923.425659	0.0221534
923.755432	0.0223453
924.005554	0.0189986
925.298828	0.218634
926.284302	0.100329
927.409119	0.0548501
928.687683	1.51531
931.929138	7.81874
934.119812	2.9966
934.807190	0.823868
936.387756	1.17173
937.952576	0.0523906
939.044800	0.000960401
939.460083	1.82163e-005
940.088684	2.31521e-005
940.783020	3.3632e-006
941.312622	4.03305e-007
941.744690	2.587e-007
942.057312	2.21604e-007
942.345764	2.21601e-007
942.562073	1.108e-007
942.706360	1.108e-007
943.187256	6.27869e-007
944.029114	6.64803e-007
945.182312	0.00416303
948.368835	0.243242
951.735901	0.233202
952.778931	0.333683
954.115295	0.428988
954.826538	0.119855
955.942810	0.0512272
956.444702	0.00827277
957.522400	0.00854073
958.052734	0.0418657
958.394775	0.0361118
958.617554	7.82487e-005
958.811523	0.000153169
959.292969	0.00745565
959.749878	0.00622465
960.016968	0.000503435
960.218445	2.78958e-005
960.412598	1.37054e-006
960.684692	1.04137e-007
960.939819	3.14489e-007
961.407898	4.05898e-007
961.845032	2.58555e-007
962.160828	2.21601e-007
962.452332	2.21601e-007
962.671021	1.108e-007
962.962646	3.32401e-007
963.278564	1.47734e-007
963.618896	3.69335e-007
963.934937	1.108e-007
964.421326	6.27869e-007
965.126709	4.43202e-007
965.637695	3.32401e-007
965.905457	7.3867e-008
966.150757	0.0689426
966.872620	0.0291128
967.306030	0.0106091
968.070618	0.0225314
968.621765	0.0149837
969.010071	0.00133528
969.355042	1.95321e-005
971.179504	0.312244
974.101746	0.0286929
974.737610	0.0780722
975.455811	1.37854
978.113708	1.87045
980.480591	1.20826
982.147095	0.0637095
982.964722	0.0232532
983.801697	0.0499482
984.338196	0.0333133
984.909851	0.0132536
985.619507	0.0162212
986.111206	0.00791257
986.857239	0.00638017
987.614197	0.0705224
988.505493	0.152483
989.050598	0.0765455
989.546448	0.044683
990.360657	0.0222958
993.243408	2.9938
998.075073	1.9878
1000.421326	0.144193
1000.929504	0.0984776
1001.420349	0.0326986
1001.752136	0.104093
1002.140076	0.154503
1002.669983	0.0120199
1003.147156	0.0153417
1003.470886	0.0267872
1003.706238	0.00027197
1004.345703	0.00461647
1006.075256	0.00081084
1007.004272	0.0301123
1007.926147	0.0504658
1008.464783	0.0326634
1009.026123	0.0169888
1009.760498	0.0136239
1010.229248	0.00727582
1010.579956	0.000244732
1010.969299	1.10242e-005
1011.182556	9.6195e-008
1011.489075	4.032e-008
1011.836548	1.53292e-007
1012.461182	1.93722e-007
1013.158813	1.93844e-007
1013.682495	9.69307e-008
1014.031677	9.69305e-008
1014.380920	9.69305e-008
1014.755249	1.10778e-007
1015.030884	4.23729e-008
1015.584717	0.0114781
1017.225220	0.045507
1018.387329	4.36812e-005
1019.000916	1.37374e-005
1019.368835	9.69628e-007
1019.749512	8.37555e-008
1020.052246	8.31135e-008
1020.277649	4.1541e-008
1020.427795	4.15416e-008
1023.783813	1.81398e-006
1027.220825	8.30833e-008
1028.225342	4.70805e-007
1029.230469	8.30833e-008
1031.141479	9.69305e-007
1033.079468	9.69305e-008
1039.232788	3.28179e-006
1045.470215	0.00405548
1046.362793	0.150207
1047.299316	0.330258
1047.854858	0.241549
1048.430542	0.0996814
1049.144287	0.0784386
1049.665405	0.0123557
1050.006226	0.000934442
1050.427856	6.30153e-005
1050.604248	1.54559e-007
1050.935059	4.00273e-008
1051.086792	4.15268e-008
1051.442505	1.52319e-007
1051.823608	5.53888e-008
1052.069824	0.000298731
1052.535034	0.0114213
1053.015137	0.00938429
1053.291992	0.000658525
1053.501465	3.87597e-005
1053.877563	0.000963556
1054.381104	0.00611571
1054.740723	0.00547844
1054.976929	1.45858e-005
1055.180542	4.68384e-006
1055.405273	8.25788e-008
1057.217651	8.86222e-007
1059.027344	9.69305e-008
1060.149536	5.12347e-007
1061.502075	2.21555e-007
1062.145386	0.000521563
1063.068481	0.0320237
1063.975220	0.0919362
1064.552856	0.0480445
1065.327148	1.11753
1066.350952	0.612751
1066.797363	0.0259524
1067.607910	0.176754
1068.299316	0.0789772
1068.694702	0.0203827
1069.525024	0.0113612
1070.109497	0.000314298
1070.303711	7.65996e-008
1070.677490	1.79762e-006
1071.448853	1.86182e-007
1071.969116	9.70329e-008
1072.328491	9.6938e-008
1072.662109	8.30833e-008
1072.893066	4.15416e-008
1076.052490	1.66167e-006
1079.293701	8.30833e-008
1080.323730	4.70805e-007
1081.354248	8.30833e-008
1083.313599	9.69305e-007
1085.300537	9.69305e-008
1087.005127	8.16986e-007
1088.609863	4.32041e-008
1089.182739	0.0231226
1090.336426	0.0715651
1090.783203	0.00315997
1091.068359	0.0523852
1091.548096	0.0489508
1092.336182	0.0379153
1092.909912	0.0253526
1093.330322	0.00266763
1093.697021	3.86415e-005
1094.037354	1.48573e-007
1094.359741	3.77306e-008
1094.536987	5.54474e-008
1096.819580	1.16317e-006
1099.156860	8.30833e-008
1100.196411	4.70805e-007
1101.236450	8.30833e-008
1102.068848	3.60028e-007
1102.901489	8.30833e-008
1103.734497	3.60028e-007
1104.567871	8.30833e-008
1105.401611	3.60028e-007
1106.235596	8.30833e-008
1106.470215	4.1552e-008
1108.381104	0.073684
1112.804565	0.524419
1115.982056	0.441039
1118.508301	0.284258
1120.319580	0.0175873
1121.272217	0.0046374
1121.894653	0.331585
1122.750610	1.41626
1123.822632	2.00176
1124.797852	0.412802
1125.037598	0.215319
1126.013550	0.542477
1126.835083	0.0269254
1127.359131	0.00320413
1128.102661	0.00116038
1128.869385	7.8205e-005
1129.291382	1.91987e-007
1129.733643	1.03947e-007
1130.085205	8.31147e-008
1130.322388	4.15396e-008
1130.506836	5.53889e-008
1131.561279	4.985e-007
1132.669067	8.30833e-008
1133.724487	4.70805e-007
1134.833252	1.10778e-007
1135.834351	0.00416133
1138.089722	1.18301e-005
1138.873901	0.0270955
1139.630737	0.0204588
1139.938843	0.0556745
1140.288940	0.0792462
1140.834961	0.0543008
1141.772583	0.0142522
1142.785034	0.2665
1144.191040	1.20969
1145.508423	0.90282
1146.544067	0.17604
1147.708496	0.0871854
1148.270264	0.0071627
1149.907104	0.00708621
1151.119751	0.000119721
1151.583130	2.66736e-006
1152.279053	3.40144e-006
1153.050903	1.52966e-007
1153.633057	1.51949e-007
1154.112305	9.69511e-008
1154.458618	8.30836e-008
1154.778198	8.30833e-008
1155.124512	9.69305e-008
1156.004028	3.60028e-007
1156.857056	8.30833e-008
1157.710449	3.60028e-007
1158.564209	8.30833e-008
1158.805542	4.23729e-008
1159.397705	0.0114781
1160.583618	0.0542785
1161.341797	0.0400823
1161.826660	0.014809
1162.638672	0.0232112
1163.250854	0.0144816
1164.939331	0.887435
1168.802856	3.3085
1171.495972	2.52334
1173.898193	0.386445
1176.281738	0.387963
1187.626465	0.613183
1189.828613	0.10643
1190.592896	0.08106
1191.085083	0.0295171
1191.921143	0.0443467
1192.528564	0.0302858
1192.964355	0.00250718
1199.363770	2.51031
1232.922485	0.24901
1234.799072	0.0140974
1236.056152	0.00023922
1236.527710	4.00416e-006
1237.255981	5.07314e-006
1238.004639	1.67564e-006
1238.661743	1.51579e-007
1239.158447	9.69718e-008
1239.517334	8.3084e-008
1239.848755	8.30833e-008
1240.097290	4.15416e-008
1241.671997	7.47749e-007
1243.414063	7.66885e-008
1243.720825	0.00401701
1244.346680	0.020789
1244.736206	0.0180686
1244.990479	3.95242e-005
1245.211914	3.07409e-005
1245.742065	0.00390334
1246.283447	0.00327782
1246.587769	0.00020811
1247.290283	0.0261762
1250.786987	0.40689
1254.401978	1.49207
1255.806152	0.327649
1256.177002	0.0242728
1256.952637	0.177304
1258.131958	0.0689063
1259.371094	0.359706
1265.838989	0.674782
1266.859497	1.21581
1271.255737	2.32405
1275.319702	0.811823
1278.309326	0.0551318
1280.767822	0.485975
1284.375244	0.655068
1285.837524	1.63801
1287.233276	1.21726
1288.307861	0.507429
1289.496216	0.242048
1290.154907	0.0188662
1290.679810	2.76944e-008
1295.588257	2.38172e-006
1300.619263	8.30833e-008
1301.751099	4.70805e-007
1302.883545	8.30833e-008
1305.036499	9.69305e-007
1307.219727	9.69305e-008
1314.832520	3.61412e-006
1322.439209	8.30833e-008
1323.295288	3.32333e-007
1324.066162	4.17271e-008
1325.208008	0.062115
1327.718140	0.325605
1329.349487	0.215817
1330.400391	0.137829
1331.648193	0.0828285
1332.447266	0.00981327
1333.290283	0.128311
1334.079468	0.0909392
1334.634277	0.0455662
1335.514771	0.0455027
1336.150391	0.0320409
1336.613037	0.00255827
1337.019165	3.86415e-005
1337.395996	1.48573e-007
1337.752930	3.77306e-008
1337.949097	5.54474e-008
1338.408081	1.66167e-007
1340.820435	9.96999e-007
1343.062378	8.30833e-008
1343.580078	1.66167e-007
1344.155273	1.10778e-007
1344.500610	5.53888e-008
1344.903442	1.38472e-007
1346.284912	5.26194e-007
1347.436890	2.76944e-008
1347.609619	5.53888e-008
1347.782471	2.76944e-008
1347.897705	2.76944e-008
1348.416260	2.21555e-007
1349.799683	4.43111e-007
1351.584961	0.00832288
1355.402832	0.463902
1359.652832	1.71401
1361.654663	0.107472
1362.567871	0.621958
1363.612549	0.0156559
1365.067749	0.101318
1366.641357	0.00723841
1367.335205	0.0266521
1368.367920	0.0504806
1368.996704	0.0326614
1369.651855	0.0169866
1370.509033	0.0136249
1371.056030	0.00727574
1371.465332	0.000244646
1371.947021	1.28475e-005
1372.177734	8.63006e-008
1372.526367	4.12388e-008
1372.700562	4.15387e-008
1377.065308	2.03554e-006
1381.524658	8.30833e-008
1382.691650	4.70805e-007
1383.859131	8.30833e-008
1384.793579	3.60028e-007
1385.728271	8.30833e-008
1386.663330	3.60028e-007
1387.598633	8.30833e-008
1388.534302	3.60028e-007
1389.470215	8.30833e-008
1390.406616	3.60028e-007
1391.343140	8.30833e-008
1392.865845	6.36972e-007
1394.380249	0.000298731
1394.916748	0.0114213
1395.470337	0.00938429
1395.789551	0.000658525
1396.031006	3.87597e-005
1396.464722	0.000963556
1397.045410	0.00611571
1397.460083	0.00547844
1397.732422	1.45858e-005
1397.967163	4.68384e-006
1398.226196	8.25788e-008
1400.433228	9.4161e-007
1402.607544	8.30833e-008
1403.136719	1.66167e-007
1403.724731	1.10778e-007
1404.077637	5.53888e-008
1404.489380	1.38472e-007
1405.636719	4.0157e-007
1406.999023	2.61949e-007
1408.155273	3.38114e-007
1409.259277	1.93652e-007
1410.083740	1.93836e-007
1410.702759	9.69308e-008
1411.115479	9.69305e-008
1414.183472	1.34318e-006
1417.331299	0.00162232
1418.456787	0.0376996
1419.023315	0.00277732
1419.468994	0.0936472
1420.113647	0.0646044
1420.658813	0.0144135
1420.986816	0.0113966
1421.668823	0.029742
1422.269653	0.0174169
1422.578369	0.000289123
1422.845337	5.47075e-005
1423.373169	0.00362869
1423.921387	0.00478717
1424.283813	0.00462564
1424.800171	9.9532e-008
1425.131836	3.71077e-008
1425.363159	6.92361e-008
1425.807739	1.38472e-007
1426.459839	1.66167e-007
1427.823853	4.70805e-007
1429.099609	1.24619e-007
1430.933472	0.0202081
1438.430542	1.32243
1445.780396	0.409516
1446.463013	0.122871
1447.049072	0.543884
1449.638916	6.27014
1452.952393	6.39998
1455.846191	0.759206
1456.889160	0.183066
1460.111572	0.0729859
1461.421265	0.0966011
1462.071045	0.0659827
1462.765503	0.0432365
1463.625854	0.034593
1464.197998	0.0144941
1464.630981	0.000581143
1465.036133	2.04043e-005
1466.184570	2.23255e-005
1467.850464	5.77368e-006
1468.807251	1.05411e-007
1469.420410	1.60787e-007
1470.045898	1.24625e-007
1470.407104	4.15416e-008
1470.617920	5.53889e-008
1470.979248	1.10778e-007
1471.461060	1.10778e-007
1471.792358	4.15416e-008
1472.063354	8.30833e-008
1472.455078	9.69305e-008
1472.937134	1.24625e-007
1473.389038	8.30833e-008
1476.072510	1.14932e-006
1479.060303	2.21555e-007
1479.754761	9.69305e-008
1480.207886	1.10778e-007
1480.691284	1.10778e-007
1481.174683	1.10778e-007
1481.658203	1.10778e-007
1482.141724	1.10778e-007
1482.595215	9.69305e-008
1483.048706	1.10778e-007
1483.532471	1.10778e-007
1483.986206	9.69305e-008
1484.470215	1.24625e-007
1484.862915	5.50893e-008
1485.488525	0.00391863
1487.570923	0.179022
1489.732666	0.129415
1490.271484	0.188742
1491.137939	0.349431
1492.333618	0.379372
1492.963745	0.00453662
1493.636108	0.133209
1494.577393	0.0826944
1495.053833	0.00786445
1495.766235	0.00517602
1496.687134	0.0191991
1497.545410	0.0252186
1498.103271	0.0233344
1499.016357	0.0209668
1499.708984	0.0137248
1500.198853	0.00138318
1500.627808	3.8362e-005
1500.968872	1.74752e-007
1501.432495	5.68566e-008
1501.672607	5.53589e-008
1501.855225	2.76944e-008
1502.129150	9.69305e-008
1502.402954	2.76944e-008
1502.616089	6.92361e-008
1503.011719	1.10778e-007
1503.498901	1.10778e-007
1503.986084	1.10778e-007
1504.473389	1.10778e-007
1504.960693	1.10778e-007
1505.448120	1.10778e-007
1505.935669	1.10778e-007
1506.423218	1.10778e-007
1506.910889	1.10778e-007
1507.398682	1.10778e-007
1507.886475	1.10778e-007
1508.374390	1.10778e-007
1508.862305	1.10778e-007
1509.350464	1.10778e-007
1509.838623	1.10778e-007
1510.326782	1.10778e-007
1510.815063	1.10778e-007
1511.303467	1.10778e-007
1511.791992	1.10778e-007
1512.280518	1.10778e-007
1512.769165	1.10778e-007
1513.257813	1.10778e-007
1513.746582	1.10778e-007
1514.235474	1.10778e-007
1514.724487	1.10778e-007
1515.213501	1.10778e-007
1515.702637	1.10778e-007
1516.191772	1.10778e-007
1516.925659	2.21555e-007
1517.598633	8.30833e-008
1518.608276	3.73875e-007
1519.679565	1.10778e-007
1520.169434	1.10778e-007
1520.659302	1.10778e-007
1521.118652	9.69305e-008
1521.578125	1.10778e-007
1522.068237	1.10778e-007
1522.589111	1.24625e-007
1523.079468	9.69305e-008
1523.539185	1.10778e-007
1523.937744	6.92361e-008
1524.366943	1.24625e-007
1524.980225	1.52319e-007
1525.624268	1.38472e-007
1526.207031	1.24625e-007
1526.697998	9.69305e-008
1527.158325	1.10778e-007
1527.772095	1.66167e-007
1528.293945	6.92361e-008
1528.723755	1.24625e-007
1529.092285	4.15416e-008
1529.245850	2.76944e-008
1529.368652	2.76944e-008
1529.588257	9.91618e-005
1529.994263	0.0808533
1530.551514	0.0146203
1531.164795	0.0846027
1532.223999	0.0214972
1532.710327	0.00621553
1533.587158	0.00264081
1534.470581	6.54552e-005
1534.963989	1.79088e-007
1535.476074	1.03897e-007
1535.886475	8.31833e-008
1536.194214	5.53904e-008
1536.440430	5.53888e-008
1536.686768	5.53889e-008
1537.148560	1.52319e-007
1537.641235	6.92361e-008
1537.887573	4.15416e-008
1538.226440	1.10778e-007
1539.366211	4.01569e-007
1540.383301	5.53888e-008
1540.783936	1.24625e-007
1541.523926	2.07708e-007
1542.264038	1.24625e-007
1542.757568	9.69305e-008
1543.220337	1.10778e-007
1543.590820	5.55148e-008
1545.883179	0.14764
1550.930420	1.33862
1553.620361	0.788005
1554.488403	0.931181
1555.024292	0.210875
1555.945923	0.304761
1557.284668	0.767682
1558.072876	0.0333404
1560.049683	0.0374781
1561.762817	0.00291607
1562.762573	3.07301e-005
1563.268921	0.000503538
1563.960083	0.0111671
1564.537964	0.00955664
1564.912720	0.0022457
1565.629395	0.000856098
1566.212891	0.00633232
1566.657104	0.00576431
1566.971436	6.00002e-005
1567.255371	6.15841e-007
1567.504150	2.75538e-008
1567.846191	4.15416e-008
1568.343872	1.80014e-007
1568.997070	1.10778e-007
1569.494995	1.10778e-007
1569.992920	1.10778e-007
1570.490845	1.10778e-007
1570.988892	1.10778e-007
1571.487061	1.10778e-007
1572.047607	1.38472e-007
1572.545898	8.30833e-008
1573.013184	1.24625e-007
1573.480469	8.30833e-008
1573.979004	1.38472e-007
1574.446533	6.92361e-008
1574.664673	2.76944e-008
1574.976318	1.10778e-007
1575.353394	5.82113e-008
1576.633057	0.153326
1579.384888	0.778416
1581.180664	0.627102
1582.249634	0.571807
1583.704956	0.19883
1584.709595	0.0999625
1585.750000	0.00929705
1586.618896	0.000426818
1587.706543	0.00262751
1590.287354	0.0145579
1590.982910	0.0214473
1591.441650	0.0125196
1592.379272	0.232729
1595.812744	1.45634
1613.853882	6.15792
1630.039917	25.1687
1637.298706	6.15804
1640.835938	24.2196
1644.687988	0.833972
1646.714966	1.30412
1650.990112	3.09646
1653.106934	0.0543562
1653.678955	0.0182857
1654.725098	0.0254229
1657.923096	1.22881
1660.634399	1.72669e-007
1661.737549	0.0525961
1664.499634	0.0734316
1665.547607	0.037857
1666.475220	0.432962
1667.276489	0.555178
1668.248779	0.0387349
1668.880371	0.130371
1669.893188	0.196204
1670.942017	0.0123257
1671.853760	0.000847685
1672.599365	1.5157e-005
1673.088501	2.93529e-007
1673.593506	2.58723e-007
1673.980103	1.84694e-007
1674.269409	1.47734e-007
1674.494507	1.108e-007
1674.751709	1.84667e-007
1675.266357	4.06268e-007
1675.845337	2.58534e-007
1676.585205	5.90936e-007
1677.357544	2.95468e-007
1677.872559	2.95468e-007
1678.645142	5.90936e-007
1679.675537	5.90936e-007
1680.706299	5.90936e-007
1681.479614	2.95468e-007
1682.027344	3.32401e-007
1682.446411	1.47734e-007
1682.865479	3.32401e-007
1683.348999	2.21601e-007
1683.703735	1.84667e-007
1684.155151	3.32401e-007
1684.542114	1.108e-007
1685.122803	5.54002e-007
1685.993896	4.43202e-007
1686.865234	5.54002e-007
1687.898193	6.27869e-007
1688.931519	5.54002e-007
1689.706665	3.32401e-007
1690.255859	2.95468e-007
1690.772827	2.95468e-007
1691.257568	2.58534e-007
1691.774658	3.32401e-007
1692.291870	2.58534e-007
1692.841553	3.69335e-007
1693.326538	1.84667e-007
1693.682251	2.21601e-007
1694.038086	1.84667e-007
1694.588013	4.43202e-007
1695.202637	2.58534e-007
1696.076416	7.3867e-007
1697.177002	5.17069e-007
1697.921753	1.84667e-007
1697.695068	7.3867e-008
1698.439819	4.06268e-007
1699.120117	3.69335e-007
1699.606079	1.84667e-007
1699.994873	2.58534e-007
1700.545776	3.69335e-007
1701.388428	5.90936e-007
1702.166504	2.95468e-007
1702.685303	2.95468e-007
1703.269043	3.69335e-007
1703.723145	1.47734e-007
1704.177368	3.69335e-007
1704.761353	2.95468e-007
1705.280640	2.95468e-007
1705.799927	2.95468e-007
1706.319336	2.95468e-007
1706.838745	2.95468e-007
1707.325806	2.58534e-007
1707.780518	2.58534e-007
1708.105225	1.108e-007
1708.300171	1.108e-007
1708.689941	3.32401e-007
1709.079834	1.108e-007
1709.274780	1.108e-007
1709.502197	1.47734e-007
1709.697266	7.3867e-008
1710.054688	3.32401e-007
1710.704712	4.06268e-007
1711.289917	2.58534e-007
1712.037720	5.90936e-007
1712.753296	2.21601e-007
1713.241211	3.32401e-007
1713.696655	1.84667e-007
1713.956909	1.108e-007
1714.510132	5.17069e-007
1715.356323	4.43202e-007
1716.300415	6.27869e-007
1717.244751	4.43202e-007
1717.831055	2.21601e-007
1718.384888	4.06268e-007
1719.003906	2.95468e-007
1719.590576	3.69335e-007
1720.144653	2.58534e-007
1720.601074	2.58534e-007
1721.122681	3.32401e-007
1722.068359	7.3867e-007
1723.144897	4.80135e-007
1723.797485	2.58534e-007
1724.193848	4.53826e-006
1726.315674	0.141249
1755.605469	0.0115065
1757.050293	0.0736561
1757.953491	0.0518366
1758.609131	0.0176507
1759.632935	0.020047
1760.346558	0.0155188
1760.887207	0.0013259
1761.355225	3.86852e-005
1782.054443	0.0115037
1783.528687	0.0540459
1784.470703	0.0400909
1785.076782	0.0143995
1786.094604	0.0222818
1786.847534	0.0148228
1787.587769	0.0154585
1788.802490	0.162431
1789.754639	0.113025
1790.402710	0.0458132
1791.446045	0.0359585
1792.235107	0.0328237
1793.982178	0.11562
1795.063232	0.0518368
1795.725830	0.017651
1796.760620	0.0200473
1797.481812	0.015519
1798.028442	0.00132608
1798.501221	3.88468e-005
1814.976563	0.00391723
1817.277466	0.175435
1819.796875	0.426551
1821.260742	0.191997
1822.657227	0.181737
1823.874023	0.0782274
1824.950317	0.00334571
1825.890381	0.000131669
1826.420654	7.46058e-007
1835.696289	0.0015784
1836.880127	0.0668327
1838.144043	0.207395
1838.937500	0.132025
1839.708130	0.0300397
1840.707153	0.031456
1841.427734	0.0257209
1842.040527	0.00125366
1842.516113	3.88278e-005
1860.498901	4.23281e-006
1864.518066	0.439621
1868.404907	0.0403234
1869.550781	0.213234
1870.104248	0.190319
1870.845825	0.0151004
1871.345703	0.0194037
1871.968506	0.0376328
1872.534180	0.0537862
1873.791504	0.148777
1904.043701	0.386174
1905.996704	0.122365
1907.296997	0.338368
1908.029419	0.207209
1908.800415	0.0413071
1909.888428	0.0364447
1910.449707	0.0145862
1918.946045	0.206669
1923.253418	0.0540168
1924.231812	0.0400624
1924.861328	0.014293
1925.914551	0.0234229
1926.726440	0.0145188
1927.182007	0.0157776
1928.229736	0.0513274
1928.979492	0.0319156
1929.745483	0.0187465
1930.747437	0.010169
1932.893677	0.164411
1934.416748	0.264566
1942.179565	0.344919
1945.703003	0.934726
1949.866211	1.66301
1953.709595	1.17543
1955.546387	0.00470804
1958.266602	0.0242934
1960.247314	0.0282814
1961.548218	0.196809
1962.348145	0.102303
1962.785889	0.0108194
1963.198975	0.0082821
1964.249512	0.0409901
1964.731445	0.0323107
1966.914551	0.0121324
1967.583740	0.0233607
1968.255859	0.019965
1968.651245	0.0128223
1969.025146	0.0209339
1969.410522	0.00076743
1970.149048	0.0119725
1970.628296	0.00814547
1970.987671	0.00685441
1971.386353	0.00457057
1991.262207	1.53945
2000.036987	0.0587619
2001.313843	0.126512
2002.085938	0.0710955
2002.845337	0.0728081
2003.893311	0.0405623
2004.484741	0.00920892
2005.508423	0.0182444
2007.853271	0.547106
2021.012207	0.0564893
2021.671387	0.0474149
2022.098145	0.0110498
2022.429688	4.9113e-005
2022.909546	0.00453265
2023.577637	0.0318777
2024.084351	0.0286198
2024.442749	0.000366834
2024.875488	0.00513607
2051.228760	0.717596
2053.509033	0.0170986
2054.010254	0.0165082
2055.405518	0.0029635
2055.990967	0.00447758
2056.427734	0.00425614
2063.776855	0.0710992
2066.550781	0.0223741
2067.216309	0.0189745
2067.647705	0.00434914
2069.164795	0.0159269
2069.633057	0.0183646
2070.633301	0.115823
2071.642822	0.167856
2072.221924	0.0338737
2073.371826	0.125293
2074.185791	0.0732821
2075.140381	0.00850192
2075.976318	0.00545113
2077.085205	0.0469268
2077.694092	9.94668e-008
2078.016846	1.98934e-007
2078.555176	2.984e-007
2078.949707	6.63112e-008
2079.523926	2.65245e-007
2079.129150	9.94668e-008
2080.170166	1.32622e-007
2079.918945	9.94668e-008
2080.457275	1.32622e-007
2080.744629	1.32473e-007
2081.485840	0.00195838
2083.953125	0.0867721
2086.616943	0.0825014
2087.273682	0.0466797
2088.133789	0.188613
2089.314941	0.0223647
2089.746094	0.0230053
2091.047363	0.019307
2092.171875	0.00204995
2093.184570	6.57212e-005
2093.765381	3.14247e-007
2094.367432	2.39056e-007
2094.842285	1.99034e-007
2095.202637	1.32624e-007
2095.490723	1.32622e-007
2095.707031	6.63112e-008
2096.211426	3.97867e-007
2096.968262	2.984e-007
2097.545166	2.32089e-007
2097.976318	1.64435e-007
2098.503662	0.000809788
2099.773926	0.0299742
2101.110596	0.0501742
2101.898682	0.0324421
2102.707031	0.0170485
2103.770020	0.0134829
2104.438721	0.00661821
2105.876709	0.224806
2108.442871	0.944026
2109.714844	0.487064
2110.530518	0.055761
2111.489502	0.192789
2112.394531	0.124905
2113.083496	0.0183738
2114.287109	0.133398
2115.572754	0.074256
2116.367188	0.146898
2117.503906	0.034314
2118.177734	0.0263924
2119.272461	0.0568786
2120.507568	0.00583717
2121.294189	0.000515908
2122.342041	0.0299715
2123.686035	0.0501742
2124.478271	0.0324421
2125.291016	0.0170305
2126.360840	0.0136983
2127.048828	0.00726155
2127.572266	0.000289124
2128.064941	9.55013e-006
2128.579834	1.78403e-007
2128.918457	1.32726e-007
2129.172119	9.9462e-008
2129.535400	2.32089e-007
2130.189453	3.64712e-007
2130.879639	2.65245e-007
2131.497559	2.984e-007
2132.006348	1.65778e-007
2132.442627	2.32089e-007
2132.878906	1.65778e-007
2133.424316	3.31556e-007
2134.078857	2.65245e-007
2134.733398	3.31556e-007
2135.351807	2.32089e-007
2136.042969	3.97867e-007
2136.588867	9.94668e-008
2137.098145	3.64712e-007
2137.753418	2.32089e-007
2138.481445	4.31023e-007
2139.391602	3.97867e-007
2140.302002	4.31023e-007
2140.994141	1.98934e-007
2141.686279	4.31023e-007
2142.597168	3.97867e-007
2143.216797	1.65778e-007
2143.763428	3.31556e-007
2144.383057	2.32089e-007
2145.185303	4.97334e-007
2146.534424	7.29423e-007
2147.555908	1.98934e-007
2148.249268	4.31023e-007
2148.911377	8.63062e-006
2152.581055	1.27038
2158.050781	9.00873
2161.680908	3.58786
2163.134277	0.966825
2164.436279	0.563964
2165.069824	0.113328
2165.985840	0.133483
2166.482178	0.0220553
2167.078369	0.0389773
2167.554688	0.00678047
2169.673096	0.0524542
2171.812256	0.0203061
2181.678711	0.0844319
2184.422119	0.148672
2185.985107	0.100595
2187.378418	0.07146
2188.857666	0.0061601
2191.103760	0.355893
2192.697266	0.893296
2193.728027	0.767184
2194.562500	0.216108
2195.583496	0.271131
2196.434082	0.182348
2198.061279	0.0966694
2211.535400	0.565209
2217.578613	0.043243
2218.723877	0.0569426
2219.267334	0.0548809
2220.457764	0.0274923
2221.313232	0.0143229
2221.839600	0.0144679
2226.380615	0.019245
2240.139160	1.19132
2247.772461	0.0359899
2249.124023	0.351145
2250.148438	0.241577
2250.886475	0.0947847
2252.022705	0.102849
2252.857910	0.0761308
2253.464844	0.00660198
2256.934814	0.0189378
2257.856934	0.034092
2258.376709	0.0326438
2259.842285	0.00638189
2260.459961	0.00905592
2260.912842	0.00883387
2266.868652	0.521593
2270.029053	0.490186
2271.625977	0.281547
2272.896240	0.0745576
2273.361328	0.0585495
2274.589111	0.0423702
2275.460205	0.0111958
2276.826660	1.23068
2285.533936	0.0785955
2288.318604	0.379867
2289.681641	0.260554
2291.384277	0.186702
2292.760498	0.756427
2296.625244	0.00491077
2297.087402	0.00179885
2301.987061	0.468745
2303.136230	0.145628
2303.883545	0.114627
2305.156982	0.0619066
2305.757080	0.0247227
2306.919678	0.0797427
2308.431885	0.0197142
2309.610596	0.00204954
2310.675781	6.53451e-005
2311.282227	1.26198e-007
2311.913330	5.10068e-008
2312.418457	3.78486e-008
2312.797363	2.51673e-008
2313.100342	2.51657e-008
2313.327637	1.25829e-008
2313.592773	3.14571e-008
2314.009766	3.77486e-008
2314.426514	3.14571e-008
2314.843506	3.77486e-008
2315.449951	6.29143e-008
2316.283936	7.54971e-008
2317.042236	5.03314e-008
2317.421387	1.25829e-008
2317.952393	7.54971e-008
2318.748779	5.66228e-008
2319.469727	6.29143e-008
2320.418213	5.66228e-008
2319.962891	1.88743e-008
2320.949463	3.14571e-008
2321.291016	2.51657e-008
2321.708496	4.404e-008
2322.164063	3.14571e-008
2322.429932	1.25829e-008
2323.210693	7.80971e-008
2323.995605	0.0345155
2325.677246	0.181749
2326.742188	0.128949
2327.463867	0.0660899
2328.623779	0.0664739
2329.476807	0.0443794
2330.395752	0.20471
2331.775635	0.469843
2332.565918	0.308574
2333.447266	0.145833
2334.546387	0.103886
2335.260010	0.0401383
2335.869873	0.00663829
2336.448730	0.000299227
2336.977295	8.56266e-006
2337.407715	4.42742e-008
2337.871338	2.52691e-008
2338.135742	1.88695e-008
2338.326172	1.25829e-008
2338.554688	2.51657e-008
2338.821289	1.88743e-008
2339.354736	6.92057e-008
2340.078857	5.03314e-008
2340.688721	5.03314e-008
2341.374756	6.29143e-008
2341.946533	3.14571e-008
2342.404053	4.40233e-008
2343.811523	0.0041614
2348.974854	0.420042
2353.967529	0.372765
2355.757568	0.716264
2357.142578	1.03119
2358.703857	0.364785
2360.293701	0.272949
2361.887207	0.0155853
2364.046631	0.00999333
2365.545898	0.00290141
2368.000244	0.180795
2369.697998	0.009069
2370.817871	0.426732
2372.402588	0.231229
2374.119873	0.103634
2375.536621	0.0558807
2376.802490	0.0056528
2378.676270	0.00226744
2380.603027	0.0533196
2383.379150	0.00568146
2385.877686	0.325472
2387.390381	0.190603
2388.751953	1.92774
2392.937012	0.164766
2394.363037	0.578393
2395.175537	0.629544
2395.878418	0.716406
2397.084473	0.215479
2397.769287	0.0147356
2403.068604	2.41381
2407.166748	2.41684
2415.417236	0.265918
2419.075928	2.932
2420.611572	2.03218
2422.234619	0.864138
2423.466797	0.392675
2424.625488	2.94953
2434.442139	6.09062
2444.132324	0.832131
2448.813232	0.214449
2450.409912	0.109888
2452.183105	0.0550415
2453.598145	0.0274547
2457.136230	0.0830275
2459.011475	0.0225923
2459.867432	0.0102124
2460.551025	1.17088
2461.923096	1.18442
2462.634033	0.104877
2463.607422	0.707613
2464.838867	0.223522
2465.552002	0.0438233
2466.097168	0.0586913
2466.831543	0.15299
2470.199463	13.4457
2474.744629	5.3763
2477.727051	0.59844
2479.173340	0.267863
2481.097900	0.567256
2483.544678	0.457342
2484.989502	0.214944
2485.739990	0.0345566
2486.833008	0.167638
2488.249512	4.98529
2496.477783	18.9216
2500.239502	0.245099
2501.038330	1.79535
2502.032959	0.762592
2502.847412	0.610376
2503.674316	0.322728
2504.813965	0.0784158
2506.074219	0.330401
2506.888916	0.193412
2507.623779	0.119314
2508.905762	0.0468762
2514.904297	2.8454
2521.888916	2.5118
2523.886963	2.97838
2525.314453	1.35114
2527.685791	1.01192
2529.530273	4.13663
2530.421143	3.46405
2535.171387	1.87231
2538.095459	0.0109421
2540.271729	0.372244
2540.975586	0.218901
2541.766113	0.257928
2542.395020	0.0282086
2542.918457	0.0931237
2543.847412	0.141731
2545.060303	1.41309
2549.912109	0.9973
2552.489258	5.2416
2555.068604	0.0285939
2556.319824	3.06624
2558.047119	5.30697
2559.609619	1.25438
2560.838867	0.332948
2561.547119	0.0672946
2565.686279	1.23099
2571.515625	0.398131
2581.137207	0.171927
2582.763428	0.150265
2584.268311	0.386287
2585.133789	0.240653
2586.037842	0.0533779
2587.291260	0.0521159
2587.967529	0.0178509
2589.303711	0.0510685
2591.490479	0.0635684
2592.530029	0.248284
2593.512695	0.203118
2594.635498	0.00587939
2595.548096	0.0915614
2596.298828	0.0237858
2597.184814	0.530855
2597.989746	0.367501
2598.660889	0.0319506
2599.185059	0.0537694
2600.124023	0.0881068
2600.804443	0.03266
2601.479492	0.0025318
2609.684570	1.06762
2619.317871	0.0198583
2620.010498	0.027103
2621.037842	0.0913603
2622.227295	0.00849866
2622.773926	0.0146851
2628.604980	0.233371
2630.551514	0.083054
2631.517334	0.0235637
2634.077393	2.30417
2638.040527	1.82266
2640.974609	0.267351
2642.240234	0.139179
2643.038086	0.0196086
2644.122070	0.0677345
2645.046387	0.017696
2646.097656	0.136219
2647.811279	0.0813792
2648.907471	0.0388911
2649.661133	0.0422672
2650.856934	0.0122759
2651.805176	0.0123819
2652.561523	0.0070072
2653.166504	0.000332809
2656.355225	0.107453
2664.621582	0.0805927
2666.418945	0.200802
2667.261475	0.138611
2668.181641	0.0719349
2669.380127	0.0512495
2670.136963	0.0287333
2670.841797	0.00994074
2672.265381	0.0191722
2672.847656	0.0152671
2673.285156	0.0134887
2675.109375	0.00227566
2676.444092	0.263841
2691.922607	0.544538
2695.730957	2.44893
2697.466553	1.69702
2699.123047	0.520176
2700.677246	0.184691
2701.967773	0.0231143
2704.399170	0.00596721
2706.689941	0.785132
2708.346680	0.412333
2709.957275	4.39619
2714.410889	5.00156
2718.085693	3.1342
2721.980469	0.176557
2723.327637	0.335221
2724.134033	0.345005
2726.274414	0.0569928
2728.241211	8.75708
2731.294678	1.82139
2731.988281	0.11443
2733.021973	0.810768
2734.243652	0.262126
2734.807861	0.0222832
2736.206055	0.380492
2736.934326	0.376476
2738.116699	0.946474
2739.747559	0.469832
2741.369873	0.0657424
2742.984131	1.70744
2746.302246	4.55381
2749.107910	0.191194
2750.059814	0.971697
2751.993164	0.145873
2752.969238	0.225594
2758.945557	16.8394
2763.618408	1.63261
2768.979492	10.5467
2774.778564	2.32897
2777.379639	0.0149179
2778.696289	0.151476
2781.526123	0.290335
2782.576904	0.170049
2783.236084	0.0218269
2784.702637	0.0581292
2788.725342	0.436478
2789.818115	0.045211
2790.458984	0.111431
2791.542480	4.77663
2793.797607	2.58065
2795.830078	0.345074
2797.259033	0.616449
2800.967041	3.19981
2806.861572	0.0429778
2808.436279	0.027888
2809.118164	0.208176
2810.159180	0.188879
2810.936768	0.0473093
2812.235352	0.0796766
2813.170166	0.0498975
2813.825928	0.00378481
2818.767578	1.04168
2820.430420	0.231262
2822.200439	4.27054
2833.938965	1.17448
2835.019287	0.160952
2835.719238	0.119407
2836.400635	0.0133819
2836.908691	0.051605
2837.900391	0.0382131
2838.680664	0.0268806
2840.376709	1.4773
2848.138184	0.800792
2849.960938	0.497546
2851.194092	0.738449
2852.069824	0.170394
2853.070313	0.395453
2854.335693	0.218001
2854.904297	0.0174225
2856.132568	0.161919
2857.255859	0.197758
2858.272949	0.450327
2859.191406	0.318256
2860.053711	0.63176
2861.307373	0.160846
2862.072021	0.203
2862.935303	0.015265
2863.548828	0.0289345
2867.217285	20.5795
2875.593262	28.2203
2881.957764	6.98263
2888.273682	6.27658
2891.943848	1.09313
2893.111572	0.919366
2895.267090	0.391025
2896.218262	0.0359422
2896.890869	0.0292709
2898.912109	0.0412167
2902.773438	0.0501947
2905.446045	0.167739
2907.036865	0.0903996
2907.744141	0.0107846
2908.945557	0.0694705
2910.135498	0.0145426
2910.808350	0.00828027
2913.427246	0.0350856
2914.849121	0.0358307
2916.409912	0.0594513
2917.339111	0.029546
2918.215820	0.0430786
2919.614746	0.0797953
2920.539551	0.0337219
2921.052002	0.0488529
2921.755371	0.0297125
2922.916504	0.0288763
2924.044189	0.0531163
2934.047119	1.30544
2935.697754	0.280294
2937.256836	0.313894
2939.120117	0.155339
2946.243408	2.04663
2947.897461	0.238666
2948.648926	0.954642
2949.486572	0.0984714
2950.257813	0.159316
2950.817383	0.166964
2951.812744	0.0985708
2952.452148	0.242798
2961.944336	2.88938
2966.950928	0.814467
2968.531006	0.646944
2969.910156	6.75569
2974.427490	4.0373
2978.497070	0.706177
2979.807373	0.169369
2980.335938	0.00190675
2980.911865	0.0226903
2981.916748	0.0789969
2982.910400	0.0355345
2991.872803	1.54586
2995.813477	1.88996
2998.333984	0.80949
3000.016357	0.410798
3001.842285	0.378422
3010.218262	3.16968
3012.417725	1.64889
3013.905762	0.95032
3015.555908	2.05998
3020.264893	4.37872
3023.717773	0.407898
3025.226074	1.35837
3027.750977	4.98674
3030.833252	84.0054
3039.074707	0.697755
3040.409424	0.207034
3046.809326	24.6229
3051.852051	1.87456
3053.602051	1.91914
3055.176025	0.553896
3057.001953	1.2394
3061.321289	0.0919417
3062.367188	0.0972658
3064.761230	0.0118279
3065.747559	0.0849082
3066.620117	0.0826183
3068.057373	0.0415326
3068.908203	0.0390632
3083.682617	8.43878
3086.144043	0.702939
3087.970459	2.54158
3089.851074	3.96753
3091.356934	0.782546
3093.802002	2.53391
3106.165527	3.30807
3112.086182	1.01041
3114.226318	1.12476
3116.021973	0.463033
3117.958740	0.578937
3119.187744	0.107097
3120.353271	0.15059
3123.289307	0.120629
3125.225098	0.127281
3127.450439	0.182464
3128.576904	0.0821232
3133.250244	1.72599
3136.176514	0.169853
3137.590088	2.11867
3140.609375	1.51101
3141.711914	0.99798
3143.109375	1.43168
3144.224854	2.17246
3145.553955	0.818594
3146.353516	0.590992
3147.294434	0.62225
3148.274170	0.0418018
3149.271484	0.21452
3150.615479	1.06786
3154.372803	1.45534
3156.022949	0.885399
3156.709473	0.0995314
3157.967529	0.344787
3159.121826	0.0289667
3160.048096	0.7785
3169.821533	0.349612
3173.587158	0.0518424
3175.046143	0.113837
3176.017334	0.0586863
3176.920166	0.0568984
3178.308350	0.0275669
3179.900146	1.07562
3187.252197	1.35578
3188.729736	0.855958
3190.363770	2.98187
3191.931396	0.369255
3192.566650	0.017374
3193.961182	13.4396
3207.511230	7.10405
3208.911621	0.0144627
3210.006836	2.113
3214.547852	0.0651981
3215.269531	0.0100295
3216.975586	0.136976
3218.728271	0.320435
3220.205566	1.85286
3222.366455	1.40908
3223.961670	0.70924
3225.833496	0.370906
3227.343994	0.359139
3228.478271	1.18127
3230.437012	0.0328687
3231.561279	0.219555
3233.419189	1.53615
3234.814941	0.461813
3236.519287	0.925327
3239.209229	0.144519
3241.355469	0.17784
3244.385742	0.575628
3246.645508	0.104885
3247.975342	0.25455
3249.553711	2.56764
3254.746338	0.0693685
3258.880127	13.2183
3260.835693	0.285549
3262.620361	1.44053
3264.916260	0.107081
3265.937988	0.438789
3269.260742	4.62452
3271.126221	0.887184
3273.117188	4.88385
3274.525146	0.485292
3275.635986	0.0314771
3276.583740	1.95188
3279.878906	0.272311
3280.798828	0.11106
3282.158936	0.108404
3285.208008	13.6214
3288.160400	4.75741
3289.280762	4.82987
3294.011719	3.78507
3299.843994	0.12677
3302.575439	1.52162
3304.889893	2.06066
3306.265869	0.25868
3309.056152	2.07316
3311.201660	0.32189
3312.946289	0.0163992
3313.470947	0.104679
3314.330322	0.0581551
3315.259033	0.0250468
3317.100098	1.73235
3321.422119	0.016108
3325.852539	10.4786
3336.884033	0.250064
3338.111816	0.0485236
3338.948975	0.191123
3339.991699	0.252866
3341.342773	0.149079
3342.210205	0.161251
3342.884277	0.0332481
3344.017578	1.07265
3345.777344	0.802613
3347.291260	0.0803742
3347.862061	0.199455
3349.315674	0.166992
3355.035400	0.929063
3359.567383	3.41599
3363.850830	0.593497
3365.919189	3.45352
3367.276367	0.351992
3368.233398	0.139853
3371.423096	2.39298
3375.773193	1.71994
3379.088623	0.135377
3386.798340	0.491162
3390.038818	0.556079
3392.661377	0.297377
3394.575928	0.290978
3396.043457	0.5346
3397.504883	0.480371
3398.615967	0.56172
3399.708984	0.543697
3400.693604	0.409558
3402.257568	0.230645
3402.800049	0.0991263
3404.476318	0.141826
3405.713867	0.0560332
3406.956787	0.230634
3407.899902	0.122746
3409.419922	0.0710838
3410.364258	0.0612301
3411.456299	0.092282
3414.162354	0.634751
3419.796631	0.0822681
3421.788574	0.857007
3423.710938	0.619004
3425.445068	2.47814
3430.640137	5.42783
3433.613770	1.43131
3435.658936	0.607607
3437.864258	0.357063
3440.091797	0.210356
3441.862793	0.608634
3444.932861	0.718361
3446.712402	1.21356
3448.992920	10.1152
3453.157959	2.3461
3454.347900	0.682277
3455.334717	5.61135
3459.283447	3.73247
3462.414307	1.0845
3467.316406	1.66115
3471.290283	6.64663
3472.650146	2.06527
3473.980225	18.56
3484.091309	8.10613
3487.339600	6.54731
3488.938232	1.16194
3490.965088	2.14434
3492.826172	8.601
3496.611084	0.402851
3498.983643	0.2161
3499.982178	0.441803
3501.393799	0.637916
3502.282715	0.114422
3503.300049	0.219434
3504.236084	0.0724883
3505.070801	0.22688
3505.913574	1.23537
3507.752197	0.638417
3509.865234	1.8778
3511.287598	1.68085
3514.038086	1.5926
3515.545654	0.7602
3516.644043	7.60679
3520.023438	2.92019
3521.247803	1.95507
3523.378174	0.135322
3524.129150	0.412141
3525.138672	0.404905
3526.233398	0.134673
3527.560059	0.0986931
3529.109375	0.191704
3533.186768	0.190913
3534.423096	0.15527
3535.366455	0.0649186
3536.749268	0.0891851
3538.716797	5.0936
3545.789551	2.88842
3547.212891	3.25159
3548.065918	0.401839
3549.290039	1.51085
3550.630859	0.421154
3551.480469	0.160586
3554.910889	2.86786
3556.756836	3.88814
3559.507080	12.6759
3563.879639	5.34508
3567.232910	1.50202
3570.800049	0.165753
3571.809082	0.327876
3572.554932	0.0893106
3574.151367	0.291367
3575.134766	0.235198
3576.096924	0.112948
3577.547119	0.0880015
3578.479248	0.0486785
3579.269531	0.0120506
3584.658691	4.72841
3596.680176	2.57478
3597.906982	0.913678
3600.083740	6.73563
3606.360107	17.3646
3611.948242	1.70501
3615.108643	6.47924
3621.366455	7.47428
3627.856689	4.77523
3632.139404	11.9588
3637.304199	10.7828
3641.556152	1.35306
3643.085205	0.0355872
3644.481445	0.0982606
3645.911865	0.114437
3647.031494	0.24504
3649.342285	0.754796
3650.773926	0.69594
3651.825439	0.0520837
3653.067139	0.221628
3654.403076	0.20197
3655.244385	0.016231
3660.142578	35.3802
3668.902832	18.2619
3673.575195	9.8155
3675.298584	0.0531563
3676.739990	1.46896
3678.893799	0.575107
3680.122803	0.403504
3681.059570	0.427908
3682.438232	0.122445
3684.120117	2.30961
3692.135254	1.82208
3696.082275	5.35246
3697.441162	6.84045
3699.504150	1.0753
3701.191650	27.3134
3706.922119	9.9426
3713.533691	5.97289
3715.516357	2.69449
3717.069580	1.56745
3718.670654	1.2403
3719.788086	0.101728
3720.518799	1.16425
3722.242188	1.90424
3725.345947	0.030044
3728.685059	3.01645
3729.955078	0.112861
3731.364258	0.0742115
3735.634766	5.18179
3739.784668	1.92456
3742.156982	3.93222
3744.203857	1.44793
3746.365723	1.8114
3747.968018	0.124057
3748.528809	0.17403
3749.481201	0.0534771
3750.292969	0.178885
3752.017090	0.0508289
3753.013916	0.0524281
3754.153320	0.0282523
3756.728760	0.0877298
3757.799805	0.0823459
3760.045898	0.235304
3761.563232	0.479009
3762.656006	0.362511
3763.799805	0.142957
3765.103271	0.123921
3766.329346	0.100947
3767.623291	0.0928956
3768.695068	0.038316
3770.050293	0.0295508
3771.203613	0.0314011
3771.907471	0.00721672
3773.279053	0.042517
3774.345459	0.0414465
3775.345459	0.0345225
3776.760254	0.0169882
3777.869629	0.369958
3780.336426	0.176891
3782.476807	0.0527477
3788.340332	11.1935
3794.670166	1.93443
3796.228027	2.42629
3798.277832	2.39651
3800.473877	4.2472
3801.905029	5.91332
3806.187500	1.15398
3807.488525	3.39759
3808.393555	0.664778
3809.842773	1.46957
3810.618408	0.835288
3811.732910	1.81164
3812.553711	0.659354
3814.589111	2.87187
3815.883057	4.18682
3819.016602	2.72062
3820.863037	0.960546
3821.866211	0.381378
3822.944092	1.00547
3825.204102	9.0282
3830.326660	6.11544
3835.242188	2.00997
3841.307373	16.8864
3842.969482	5.6986
3844.021240	2.85132
3845.003662	1.66228
3846.454102	71.5769
3862.326172	45.0462
3864.070557	3.9288
3864.967041	0.542004
3866.099609	33.9683
3872.236084	0.44431
3873.324463	0.496727
3874.512207	0.207412
3878.991211	8.11345
3881.363525	0.528664
3883.384277	21.0713
3887.812988	7.39025
3891.305176	3.83419
3897.307373	1.0707
3899.201904	0.595442
3901.974609	3.81299
3906.166016	26.5362
3910.555176	11.2528
3913.951172	0.30655
3916.192627	0.723371
3917.841553	0.309857
3919.436035	0.499071
3920.452881	0.803175
3921.672852	1.92483
3923.027100	0.381272
3923.947754	0.532141
3925.034912	0.0682001
3926.412354	1.08158
3927.858887	1.25918
3928.717041	0.348297
3930.223145	0.394648
3933.189941	5.67064
3937.694336	19.1612
3941.001953	6.25972
3942.472168	2.77627
3944.408936	2.78901
3945.899170	3.99478
3948.219238	1.09036
3950.057861	25.2701
3961.075439	722.641
3967.751221	5.22128
3969.655273	27.1116
3973.959229	1.25098
3977.402588	2.05687
3978.708008	0.08401
3982.414307	17.8556
3986.746582	21.2901
3988.865479	1.44682
3990.186768	1.36501
3991.628174	0.0533603
3992.563965	0.9608
3994.642090	0.538873
3996.518311	1.35082
4000.325439	2.21042
4002.429199	1.57511
4004.221191	1.62351
4006.045654	1.57241
4007.277832	2.54934
4009.070068	0.653805
4011.373779	0.960551
4012.805664	0.58457
4013.595703	0.584369
4015.162109	1.29489
4017.644775	0.127558
4019.171143	2.40478
4025.544922	6.27266
4030.038574	0.585699
4032.140137	0.544489
4035.702637	4.65331
4038.737549	2.44783
4040.748535	2.42907
4042.472168	1.51224
4043.953125	1.92815
4045.017822	0.453826
4046.374756	0.511801
4047.987061	11.2301
4053.459961	19.5986
4058.523438	0.970783
4060.128662	1.56907
4060.929932	2.54311
4063.459473	0.0445133
4066.065430	1.06962
4071.559570	10.9963
4073.512451	0.639211
4075.334229	13.3721
4079.022949	11.0394
4084.818604	1.91873
4086.785156	3.64322
4089.265869	6.25212
4091.232666	3.01623
4093.491455	2.65346
4094.998535	18.221
4103.833008	0.263922
4106.054688	9.13862
4109.473145	6.62863
4110.703613	1.38479
4113.668945	1.45308
4115.333496	23.2132
4121.083984	31.2395
4126.497559	57.7387
4133.890625	74.7298
4135.766113	7.73239
4138.220703	87.8681
4153.624023	774.982
4162.409668	31.4111
4170.710938	3184.59
4186.269043	12.128
4191.724121	55.5321
4197.445801	8.91652
4209.554199	25.0148
4212.320801	2.98834
4214.248047	3.5168
4216.385254	1.77293
4217.627441	0.934394
4219.111816	9.41929
4224.266113	8.73977
4229.435547	0.586237
4230.436035	0.945829
4231.894531	1.17176
4233.965820	1.26856
4235.880859	0.539343
4238.563477	1.05518
4241.267578	1.2336
4242.905273	1.22549
4245.325684	1.1989
4247.005859	0.693511
4248.925293	0.517653
4250.246582	1.30938
4251.298340	0.883834
4252.865723	0.305947
4253.656738	1.13245
4255.223633	1.97668
4257.567871	1.50692
4259.495605	0.691181
4260.927734	0.282359
4268.496094	48.3314
4271.375000	1.35938
4272.827637	19.4283
4279.815430	1.69074
4281.772461	1.75284
4284.049805	1.88883
4286.282715	1.55752
4288.091797	6.73314
4294.060547	0.420906
4296.293945	2.66366
4297.947754	1.73755
4298.841309	0.575138
4300.701660	0.231441
4302.118652	2.05315
4304.667969	0.0412361
4307.018066	1.52892
4309.441406	16.3313
4314.567871	7.25612
4315.936035	5.67733
4318.434082	0.57421
4321.532715	12.9898
4322.534668	31.4205
4332.610352	7.88802
4334.003906	3.53527
4336.164551	0.550294
4337.806152	0.431301
4340.145996	2.77928
4345.025391	5.74878
4348.875977	3.32537
4352.719238	0.406479
4354.112793	0.549248
4356.707031	0.895512
4357.678223	0.171056
4358.682129	0.55119
4360.169434	0.824652
4361.155762	0.473638
4362.659180	0.258421
4363.882324	0.0869484
4365.202148	2.9627
4372.095703	15.4427
4375.850586	5.08034
4377.633301	1.79565
4380.055176	1.01263
4381.569336	0.206445
4384.396484	0.0824742
4386.651367	0.122605
4388.306152	0.176846
4389.296387	0.101453
4390.664551	0.307386
4393.770508	1.30578
4397.163086	2.51343
4399.325684	8.17619
4408.687988	13.5079
4412.529785	2.92833
4414.246094	2.43313
4415.939941	0.491295
4417.032715	0.56351
4418.569824	0.273679
4419.948242	2.58811
4422.670898	0.275862
4425.685059	6.56798
4431.501465	4.95969
4433.219238	0.228545
4435.172363	0.657331
4436.437012	0.285954
4437.436523	0.312042
4439.170410	0.112719
4441.375000	1.33078
4442.645020	0.477645
4444.178223	4.78369
4447.746582	1.898
4449.692383	4.28623
4451.563477	1.05282
4454.782227	6.95756
4455.986328	0.138583
4457.066895	5.45465
4461.832031	2.43735
4463.499023	3.71175
4465.800293	12.2116
4471.827148	0.181474
4474.044434	1.32398
4477.207031	32.3852
4478.411133	42.065
4482.485840	32.8859
4489.156250	20.5945
4492.699219	1.84861
4495.240234	34.203
4505.125977	22.7018
4513.271484	5.57557
4514.528809	1.74776
4517.242188	0.266741
4519.313965	1.21301
4522.105469	1.44336
4523.199707	1.19468
4526.072754	0.383582
4528.588379	9.56515
4530.773438	1.82547
4533.400879	1.77955
4535.431641	15.891
4541.876953	14.5691
4545.524902	6.34963
4547.243652	3.74574
4550.144531	1.08218
4551.113770	0.375287
4552.401367	1.02747
4554.015137	0.199863
4554.969238	0.161352
4556.355957	0.247681
4557.905273	4.58634
4564.224121	5.60544
4566.863281	1.48704
4568.497070	4.06746
4570.956543	5.84518
4573.819824	2.34255
4575.616699	6.80007
4578.646484	4.95125
4579.834961	1.7182
4581.288086	3.81145
4582.469238	0.152161
4583.707520	0.754116
4585.584473	1.54403
4587.152832	0.814964
4588.458008	1.33113
4590.707520	21.4741
4595.941406	4.49865
4599.832031	0.0752678
4607.964844	20.7456
4611.804199	96.7699
4613.336426	189.356
4630.361328	1248.28
4651.556641	61.9084
4652.750000	29.9055
4659.675781	8.09281
4661.285156	1.03998
4662.668945	0.869696
4663.728027	2.73569
4667.520508	9.52158
4671.327148	0.418957
4672.550293	0.317071
4673.876465	0.450434
4675.719727	1.66919
4677.646484	0.272087
4679.681152	8.0743
4687.122070	8.37611
4689.781250	2.1177
4691.161621	1.43361
4693.804688	1.35305
4695.546875	31.8137
4706.212891	11.7487
4708.029297	9.10956
4710.536621	17.1969
4712.117188	3.89018
4713.811035	55.5962
4718.742676	13.0438
4724.585938	2.75255
4726.436035	3.66059
4727.446777	0.798321
4728.905273	6.87981
4730.271973	1.11694
4731.213379	2.49879
4734.468262	13.8521
4738.463867	9.2077
4742.204102	0.227774
4743.739746	1.90672
4745.163574	5.1311
4746.784668	38.7824
4758.660156	92.57
4760.382813	3.92134
4761.884766	1.36958
4763.318848	33.2035
4771.457031	9.36653
4773.162109	1.86884
4775.687012	0.765014
4777.387695	0.699964
4778.957520	18.6438
4787.417480	7.7144
4792.965332	55.4192
4796.647461	13.8223
4805.026367	12.8217
4806.489258	2.00111
4808.915527	0.75255
4812.795898	9.7931
4817.719727	4.95482
4822.143066	23.6706
4826.795410	4.33187
4829.628906	1.34232
4831.851563	0.634529
4833.673340	3.63655
4838.916992	1.63269
4840.583496	3.85132
4843.805664	23.1773
4847.949707	1.3353
4848.704590	2.85791
4852.182617	26.817
4854.943359	0.454415
4856.538574	3.24373
4858.694824	0.0230934
4861.652344	5.67105
4864.756348	0.561195
4866.296875	1.26157
4868.030273	0.398029
4869.098145	2.13785
4875.840820	5.73666
4877.802246	0.160056
4878.706543	0.475874
4880.208496	1.48792
4886.966797	97.3557
4897.453125	16.3889
4898.353027	2.22373
4899.822754	0.425334
4900.597168	1.21192
4901.886230	2.02509
4903.473145	3.61778
4905.900391	6.90172
4907.860352	3.02135
4909.927734	0.473905
4911.579590	1.53267
4913.751465	3.47829
4915.864258	7.1912
4921.757324	9.8255
4926.113770	1.75116
4927.962891	5.09363
4930.821777	1.31834
4932.929688	4.84314
4935.726563	3.06039
4937.979492	1.63842
4939.983398	0.744832
4946.502441	24.4327
4955.800293	38.8946
4960.015137	6.73525
4961.955566	1.29146
4962.638672	2.64847
4965.041016	2.97745
4967.314453	1.81786
4969.714844	0.495964
4971.844238	2.61307
4978.706543	2.03528
4980.190918	2.4002
4982.016113	1.44253
4982.692871	0.416092
4984.121094	1.68244
4984.852539	2.29962
4987.387207	2.16821
4989.658203	1.74917
4991.278809	0.0451528
4992.228516	0.142768
4996.646973	8.22874
5001.872070	2.90655
5002.931152	0.0864405
5003.977539	0.0840034
5005.251953	0.144086
5005.812012	0.0977605
5007.104980	0.362854
5008.204102	0.850382
5009.578613	1.09496
5011.274414	1.53001
5011.965332	0.149762
5013.881836	1.22767
5014.687500	0.1212
5016.653809	40.246
5031.196777	56.3081
5033.473633	8.42541
5036.426758	7.02138
5037.846191	18.6412
5043.455078	32.3676
5046.880371	7.62956
5050.274414	2.79685
5051.659668	0.319397
5052.923340	0.872238
5054.551270	2.31281
5055.144043	0.269612
5056.940430	1.98921
5060.911133	70.5582
5066.988281	44.5755
5070.678711	3.43753
5072.394531	0.435249
5073.393066	0.117317
5075.016113	9.42961
5080.729980	24.3729
5082.975586	6.13924
5085.149414	5.24424
5087.645996	30.3816
5099.301270	11.5827
5101.382813	1.27649
5103.004395	6.1181
5105.049805	2.69353
5106.853027	0.126397
5112.510254	217.12
5129.504883	428.488
5131.582031	349.221
5144.500977	108.496
5151.486816	5.16171
5164.334473	18.9308
5166.224121	2.36056
5169.457520	0.36133
5172.671875	3.42
5174.632813	4.56976
5176.059570	0.352007
5180.599121	9.91198
5182.435547	3.19683
5186.548340	9.00089
5187.673340	1.02771
5188.881836	6.85204
5192.652832	44.6336
5211.415039	6.72704
5213.128418	0.734441
5214.564941	0.948252
5216.934082	9.59745
5223.461426	9.33368
5226.376465	2.05229
5228.011230	0.51413
5229.198730	0.573056
5230.978516	0.314737
5232.130371	0.291578
5233.629883	3.81101
5240.159668	15.0383
5242.528809	8.72284
5248.098633	13.4482
5252.539063	2.8335
5256.229492	1.88222
5258.771484	1.70246
5260.575195	2.31462
5266.112793	5.08071
5270.782715	5.01308
5271.909180	0.446883
5273.202637	0.768028
5275.128418	1.26165
5277.629395	0.774017
5279.683105	2.79343
5283.992676	0.0465003
5290.258789	5.91066
5292.340820	1.221
5294.076660	8.32489
5301.447266	15.182
5308.909668	3.61637
5310.205566	0.143999
5311.048828	0.217508
5312.197266	0.400366
5313.919922	1.9734
5316.140137	4.20374
5321.400391	7.59653
5325.558105	4.1825
5327.304199	1.9558
5329.756348	0.958621
5331.799316	1.2369
5334.102051	0.621175
5335.408691	0.194418
5336.443848	0.342897
5338.428223	0.0931183
5341.793457	2.50821
5345.990723	2.42356
5348.942383	0.454057
5350.007324	0.256452
5351.944824	0.861447
5353.445313	0.924626
5354.512695	0.0496038
5355.377441	0.0540803
5356.408203	0.210075
5357.594727	0.245817
5358.859863	0.391228
5359.911621	0.114597
5360.476074	0.0560557
5362.054199	1.29241
5364.707520	1.51428
5366.238770	0.143489
5367.129395	0.537061
5368.863281	0.274083
5371.818359	2.35547
5377.436523	0.16456
5380.227539	0.327915
5381.594727	0.191497
5384.406250	1.24155
5386.238281	2.3894
5388.557129	1.91353
5390.656250	2.5868
5396.816406	2.22518
5398.630859	3.04499
5400.611328	7.97595
5403.772949	0.207349
5405.197754	5.75726
5406.729980	0.717606
5407.785156	1.09107
5409.979980	1.16047
5412.344727	3.36799
5420.484375	0.336349
5426.983887	0.822573
5429.303223	0.496403
5432.287598	0.618888
5433.754395	7.21882
5440.044922	17.0745
5445.326660	2.51535
5447.294434	1.0402
5449.371582	4.61185
5453.238770	0.0528194
5456.656250	18.4538
5463.665527	10.3533
5469.315918	3.07928
5476.219238	5.17611
5480.482422	2.7173
5482.460449	1.33761
5484.728516	2.77558
5489.488281	2.294
5492.064941	2.47206
5494.018555	6.73343
5500.334473	8.42879
5504.389160	2.22406
5505.927734	0.0665191
5506.751953	0.390888
5508.781250	0.554168
5511.186035	0.429585
5512.621582	0.347942
5514.055664	0.235596
5515.565430	0.17607
5517.221191	1.1103
5523.972168	2.20151
5529.240723	1.03883
5532.097656	0.10887
5536.846191	0.169052
5537.617188	0.0252677
5539.525391	0.285916
5541.292969	1.32683
5549.079102	3.25345
5550.696777	3.14836
5553.493652	0.751087
5555.108887	0.286178
5559.704590	9.90717
5565.216797	0.200167
5568.683105	4.26224
5569.972656	5.74584
5576.377930	6.63496
5579.546387	0.442726
5584.055664	3.75321
5588.980469	4.45816
5591.272461	4.42368
5593.832031	1.66397
5595.881836	0.859645
5598.414551	6.2134
5608.607422	1.83464
5614.386719	3.3246
5619.711426	1.94206
5621.114258	1.06248
5626.544434	4.85603
5628.012695	1.73994
5629.658691	2.89728
5631.398926	10.5114
5637.865723	6.90235
5642.814453	19.5982
5654.274414	2.17899
5659.576660	19.5417
5663.360840	1.06843
5665.358398	0.419254
5667.322266	0.12192
5672.365234	17.485
5681.767090	6.03097
5690.889160	3.9991
5694.085938	0.741097
5695.547852	1.41703
5697.364258	2.46287
5698.532227	1.29144
5700.452148	12.9654
5706.048828	2.56648
5707.480469	0.702495
5711.617188	0.378157
5712.939453	0.473536
5715.927734	2.7429
5716.889648	1.53059
5718.807617	12.2718
5723.766113	4.22888
5727.015625	2.52982
5729.750000	18.2768
5735.812988	26.7608
5753.760742	1.28369
5763.479492	21.2897
5765.275391	1.57564
5766.493652	0.722079
5768.142090	1.22713
5769.787598	1.11397
5771.435059	21.3004
5785.858887	72.7376
5788.950684	19.2551
5797.013672	1.41732
5799.296387	0.38139
5802.250977	13.6509
5803.501465	10.8824
5806.426758	0.250638
5810.117676	1.67989
5811.996582	1.14693
5815.475586	1.70036
5817.007324	2.11136
5821.736816	0.267258
5827.034180	2.68811
5828.689941	0.895293
5831.479492	2.25623
5833.917969	1.2627
5836.079102	0.757831
5837.470215	2.27457
5841.381348	4.56504
5845.657227	0.813857
5849.639648	0.0480658
5851.678223	0.320743
5857.526367	1.32421
5860.995605	2.17491
5863.624023	0.768257
5866.038086	0.907642
5867.486328	0.299697
5869.028320	0.463553
5873.509277	23.0712
5883.158203	14.8136
5888.889160	1.67448
5891.220703	1.72347
5893.759766	0.812822
5895.843262	0.296516
5897.192383	0.116031
5898.947266	1.44106
5905.811035	0.309946
5908.245605	0.0386853
5910.961426	1.4524
5912.757813	1.135
5914.048340	0.0725827
5915.633301	0.292483
5917.925293	1.11873
5921.322754	5.96334
5926.761719	1.97469
5929.135742	5.52724
5931.212891	6.19693
5938.952637	6.95474
5945.143066	9.09882
5949.134277	5.05605
5951.614258	1.48377
5953.531738	0.368545
5955.891113	0.80634
5957.671875	1.2685
5960.366699	0.0815477
5963.816406	4.33041
5969.158691	21.0056
5971.361816	5.13765
5973.737793	2.53039
5976.724121	23.7736
5987.834961	0.679002
5990.696777	0.382048
5995.196777	2.08182
6000.497070	2.44636
6003.038086	1.63854
6005.710938	1.95571
6008.210938	2.29193
6010.988770	2.59488
6013.410645	1.09332
6015.256348	0.157646
6018.395020	3.07601
6020.759766	2.65298
6024.135254	1.87367
6025.815430	2.22498
6029.088379	1.20656
6031.422363	0.340712
6033.198242	0.279704
6034.599121	0.422959
6036.053711	0.567896
6037.341797	0.193346
6039.783691	13.3526
6050.656738	13.4024
6058.141113	14.3475
6064.462402	18.0873
6068.957031	0.377204
6075.138672	4.64378
6079.882324	26.4501
6087.302734	25.2123
6092.417480	10.0093
6093.792969	0.949259
6096.585449	1.14415
6099.312012	3.03433
6119.054199	14.0838
6121.537109	0.974248
6125.316406	6.18039
6128.750000	22.1687
6143.168457	25.639
6145.833496	4.28627
6148.489746	2.17846
6150.641602	1.64655
6153.472656	0.458161
6155.062012	0.0674496
6156.673340	0.38444
6157.656250	0.634546
6160.229492	2.80221
6162.374512	2.06802
6165.268066	1.06698
6168.459961	5.76045
6176.395508	0.625717
6178.547363	0.25852
6180.268066	0.1556
6182.235840	2.07469
6185.758301	0.670278
6187.360840	1.22518
6189.148926	1.41936
6191.909668	1.83296
6197.464844	2.31638
6198.692383	6.34521
6207.806641	7.8899
6216.952148	2.64523
6225.243164	2.42906
6242.681152	19.549
6253.251465	20.5182
6255.510254	0.446868
6256.892090	1.45984
6258.483398	6.65692
6261.016113	4.81931
6261.934570	0.305114
6263.736328	1.21821
6265.142578	0.507571
6266.994141	1.88692
6270.376953	8.15401
6274.747070	1.14033
6277.219727	0.619468
6279.497070	7.12667
6282.555664	6.04915
6283.708984	17.1109
6288.366699	0.327245
6293.785645	7.38658
6295.846680	12.3304
6303.199219	14.4864
6308.696777	3.83013
6310.713867	0.230061
6313.233887	0.768694
6315.256836	4.64229
6321.706543	11.866
6324.645020	2.37854
6327.311035	7.49311
6329.404785	1.13434
6331.309570	0.426191
6334.741699	9.09139
6344.818848	27.7714
6346.558594	14.1
6353.676270	15.1967
6360.554199	5.83431
6363.538574	1.20201
6365.677246	1.29484
6369.092285	1.09285
6371.477051	2.06003
6374.484863	2.57517
6377.118164	4.93403
6387.352539	11.7183
6391.821777	0.342275
6396.326660	10.6831
6401.346191	9.17502
6407.270020	2.14359
6418.333496	35.8894
6428.189453	9.47617
6430.391113	1.60354
6433.290527	0.0462465
6434.720215	0.720339
6437.324219	32.2879
6442.214355	7.26509
6443.968750	1.08327
6445.147461	1.52985
6449.198242	77.4904
6463.676758	167.813
6480.755859	803.656
6498.929199	64.0705
6506.820801	7.41061
6516.928223	27.4404
6519.976563	6.08255
6522.220215	12.046
6528.920410	0.147008
6533.114746	3.57329
6534.722656	5.96265
6539.694824	22.0536
6544.453613	2.31714
6546.926270	0.396495
6550.286133	7.7236
6557.763184	1.90329
6566.529785	2.18893
6568.767578	0.892148
6573.593750	12.5526
6576.875000	2.80686
6579.185059	17.881
6595.358887	25.3917
6601.823242	1.29481
6604.210938	1.99568
6608.008789	2.62731
6610.066895	0.597843
6613.905762	1.00021
6615.526855	3.57188
6620.065918	0.588744
6623.197754	11.4519
6625.362305	2.63283
6627.982422	2.3284
6635.522949	21.1906
6636.919922	3.95323
6639.725098	1.99367
6641.828613	4.04499
6644.950195	15.6414
6660.284180	14.4921
6663.451172	9.16154
6670.582520	8.78138
6676.820313	0.982576
6679.976074	3.22325
6683.876465	33.5365
6689.374512	0.282996
6694.074707	23.6333
6697.830566	15.2647
6702.139160	2.06937
6704.968750	0.9375
6707.905762	4.82312
6709.638672	0.683816
6711.338379	1.35134
6712.995605	10.9049
6724.847168	85.6355
6743.013672	251.516
6745.379395	250.188
6772.921387	62.0661
6777.798340	6.51248
6784.753418	2.46563
6787.052734	1.37957
6789.668945	1.48291
6792.236816	2.45665
6795.183105	0.789783
6797.596191	1.31252
6800.254395	0.512601
6803.318848	5.788
6809.682617	6.19658
6812.371094	0.782588
6816.847168	5.08288
6823.988281	12.9576
6828.391113	7.53571
6830.383789	0.981076
6834.821777	4.17409
6836.516113	0.555979
6838.176270	0.356113
6840.327637	15.5028
6847.025879	0.521065
6849.695801	6.11607
6851.815430	0.645636
6855.213867	6.27268
6856.520508	2.15729
6858.769531	0.694484
6861.237305	3.15979
6863.903809	2.80797
6866.963379	7.7136
6872.340820	2.56725
6877.456055	8.2984
6879.734375	1.29146
6882.526367	1.7923
6884.529785	41.5277
6897.024414	1.43962
6899.618164	1.19976
6901.999512	0.821443
6908.024902	3.7862
6909.957031	4.40932
6918.555664	7.79598
6924.408203	26.6029
6932.450195	37.7816
6934.699707	4.23346
6937.094727	1.56707
6941.441406	5.40009
6943.772949	2.06633
6946.873535	0.655958
6949.205078	2.69933
6957.085449	3.71743
6962.228027	97.619
6970.066895	21.7914
6973.063477	3.1973
6981.634277	461.446
6995.613770	3.76282
6997.661133	1.4437
7003.641602	22.4655
7012.658691	1.42915
7013.579102	0.0724994
7015.497559	0.566558
7027.931152	13.1901
7031.106934	1.26804
7033.460449	0.226131
7035.124512	0.0449979
7040.457520	3.63593
7044.994141	4.10734
7054.165527	3.03498
7056.657715	1.43912
7059.460449	0.784819
7062.308105	0.706053
7064.530762	0.178803
7066.064453	0.0936572
7068.167969	0.17859
7069.652832	0.097035
7071.231934	0.254711
7074.534668	10.7578
7094.287598	12.7217
7099.521484	3.75827
7101.896484	3.22617
7104.379395	1.30842
7107.638672	0.809995
7109.050781	5.24819
7112.978516	1.81986
7114.708008	0.0497791
7115.895020	0.397072
7117.842285	0.0981992
7121.003418	5.00692
7129.476563	0.168418
7130.985840	0.747434
7132.526855	0.342103
7133.757324	0.37072
7135.817871	0.105879
7137.128418	0.0202083
7140.858887	3.0538
7176.590820	13.3324
7180.905273	0.108271
7182.404297	0.0914078
7183.780762	0.146164
7186.244141	0.142151
7188.806641	0.143298
7191.234863	2.43443
7198.286621	0.0217487
7205.505859	3.19872
7208.006836	0.573763
7210.462402	7.41752
7221.793457	7.12048
7231.525879	2.97964
7234.285645	0.993462
7236.929199	2.07378
7239.435547	0.56768
7242.364746	0.300384
7243.916992	0.0520638
7245.321289	0.0274372
7247.949707	0.287441
7260.697754	1.56612
7266.044922	0.776608
7269.323730	0.968097
7271.567871	0.514237
7276.006348	1.14591
7282.235840	9.8689
7303.840332	9.90385
7309.914551	0.5576
7312.282715	7.21929
7314.572266	21.9147
7324.226563	1.7104
7332.358398	4.44161
7337.772949	1.93896
7338.840820	1.38662
7344.727051	1.72657
7347.454590	0.157884
7349.855469	0.316163
7352.062500	0.17899
7356.494141	17.9505
7363.451172	2.43017
7369.112793	9.46421
7380.879395	11.7839
7387.066895	2.49302
7390.094238	5.53032
7392.810059	4.12736
7395.206543	2.83565
7398.062988	1.27272
7401.910156	0.135492
7404.555176	8.77536
7410.451172	1.70345
7415.589355	0.955109
7418.184082	8.00523
7427.755859	2.75445
7435.651855	9.83279
7439.132813	3.33162
7441.869629	3.56451
7444.321777	1.58325
7447.456055	7.85187
7459.412598	24.9652
7466.204102	5.62711
7468.740234	4.00379
7480.718750	23.1693
7502.609863	17.9584
7514.754883	11.4397
7519.681152	2.6802
7522.821777	0.221261
7524.669922	1.86561
7527.223633	0.827067
7530.581055	1.24735
7533.197754	4.28853
7540.150391	1.72487
7545.252441	20.6665
7549.734863	2.74223
7551.964844	2.21884
7554.673340	0.553034
7557.509766	0.0535215
7559.717285	0.173114
7561.681641	0.359004
7563.409668	0.259661
7564.809570	0.129076
7566.771484	0.559802
7570.894531	0.635195
7576.257813	0.0340825
7584.137207	2.05268
7590.640137	0.515499
7597.056641	7.2603
7603.172852	2.26151
7605.648926	1.67132
7607.202637	0.273348
7608.470703	1.82423
7612.047363	0.630376
7614.013184	3.24809
7616.880859	1.81532
7619.454590	1.12255
7622.275391	0.573708
7624.359375	1.51501
7629.514160	0.424805
7632.297852	0.241174
7635.383301	0.027359
7638.609375	6.96532
7649.995605	15.9551
7657.045898	21.8272
7668.521484	22.9863
7674.148926	0.465547
7675.483398	0.470449
7678.225586	0.188744
7680.608398	0.92076
7685.175781	0.115296
7686.388184	0.147731
7689.277344	3.82418
7695.023438	3.18228
7698.133301	3.40413
7700.966309	0.900409
7703.604492	0.63394
7706.941895	3.09291
7711.912109	1.2561
7715.378906	1.8658
7717.215820	4.16992
7723.038086	2.34902
7731.361328	3.9954
7742.913574	7.26631
7750.369629	4.8584
7755.804688	0.831613
7760.965820	0.105803
7763.057129	0.0378395
7764.702148	0.0240698
7766.200195	0.0167371
7768.243652	0.0123647
7770.198730	0.0829953
7776.592773	0.70369
7795.992676	0.0892132
7800.448730	0.285246
7803.341309	0.258001
7805.009766	0.185279
7806.417969	0.125528
7808.516602	0.0668733
7810.694824	0.903533
7820.309082	4.63485
7827.957031	6.29251
7834.312988	4.28712
7846.398926	3.53689
7855.977051	2.0673
7858.141113	11.2766
7875.848145	10.6091
7883.615234	4.93361
7889.225586	2.3648
7891.281250	0.825479
7894.480957	0.462771
7896.624023	0.149099
7899.342285	0.0485365
7901.975586	0.0611008
7904.482422	0.11688
7906.651367	0.279427
7911.761719	0.463457
7917.708008	0.516627
7921.017578	0.0142742
7925.271484	1.06979
7945.188477	5.76794
7957.551758	4.18779
7968.163574	1.9798
7970.768066	1.07302
7973.915527	7.55009
7986.484375	4.63827
7991.889160	10.883
7999.979492	1.66646
8004.225098	0.98965
8007.140625	0.214511
8010.305176	0.382719
8016.154297	0.236958
8022.894043	0.439051
8026.436523	0.137713
8028.658203	0.117478
8031.970215	0.0808032
8033.848145	0.0120652
8042.242676	2.38019
8050.026367	6.55778
8057.366211	1.70918
8059.821289	4.19546
8063.983398	3.91421
8066.596680	1.50314
8071.020508	1.78674
8074.139648	0.0463524
8078.793945	0.272893
8081.137695	0.0884233
8084.701172	0.0637151
8086.405762	0.0122882
8089.821289	3.22336
8095.289063	10.2878
