TITLE "<<210504_CED_CKF_A23_PM_9740_RM13516_ThermoSIN_MSMS1kVPos_Sen_MetON_AlkTrx_XCal_TIS_100Da_10K_6800hv>> 4700 MS/MS Precursor 9740 Spec #1=>AdvBC(32,0.5,0.0)=>NR(2.00)=>SM31=>CT[BP = 7302.7, 13855]" CENTROID
TYPE MASSSPEC
9.995974	6.8244
16.096922	11.2529
21.267818	11.6499
22.516972	4.56022
22.863056	3.69527
23.075624	1.58222
23.275736	38.7487
23.587063	8.44832
23.926702	2.09512
24.366613	6.56383
25.316210	1.55696
27.964621	11.6894
30.020674	17.0181
31.614737	37.76
38.448948	23.2999
40.489628	29.4234
42.281441	29.6658
43.583832	59.1684
44.459446	177.938
45.167622	33.5517
45.898209	16.2216
46.467274	22.566
47.985878	17.6492
50.124813	34.6158
52.348431	203.466
56.503777	0.00340441
59.846519	64.3406
61.789989	56.2484
63.572365	23.9205
64.309776	86.5925
64.464737	41.2894
64.667053	33.8399
64.921494	31.4246
65.112633	2.92709
65.257530	19.8124
65.541985	20.2805
65.716286	4.39932
65.806610	1.41428
65.906868	11.4701
66.113037	23.9463
66.386215	4.09899
66.644424	48.6852
67.580925	3.74673
67.934769	3.38021
68.167786	2.58952
68.415039	5.13619
69.330498	2.63201
69.474762	12.0082
70.600052	311.859
71.765625	12.9619
72.243309	4.29061
72.600113	40.3132
73.186539	28.5587
74.549416	409.307
75.396309	128.835
76.228661	0.0277482
76.852921	0.319042
79.721634	56.0513
80.273071	0.716925
80.676338	3.13173
81.018883	2.00438
81.295433	1.7826
81.882385	14.1053
82.629753	4.40477
82.957794	3.003
83.262939	4.75105
83.477180	5.74469
83.835510	7.70002
84.184097	3.16965
84.643013	216.834
85.251564	3.89363
85.702156	32.2125
86.136032	0.140003
86.715126	50.1783
87.858147	136.889
90.600342	20.6282
94.464958	73.15
95.211212	6.07662
95.812988	7.67653
96.103691	2.92876
96.416557	5.21616
96.688866	1.82348
97.038551	2.4448
97.379150	4.92331
97.625130	5.82874
98.114510	9.73078
98.225021	6.01343
98.538582	7.69509
98.885696	136.66
100.029274	217.336
101.047424	200.711
103.063011	23.9082
106.008858	13.1228
107.164177	6.76338
110.362335	5.46141
114.336624	49.6715
115.071999	1.23907
115.302216	3.00028
115.708839	1.18559
115.827446	0.0922594
116.086761	1.29258
117.629753	24.3482
118.372849	46.9845
121.113670	65.8652
123.801247	16.1254
124.553955	1.90889
125.687782	2.26561
126.234009	0.670733
126.518898	0.319542
127.074142	5.71487
129.868622	8.3738
130.317932	2.11615
130.524902	0.567315
130.746490	1.11499
130.962357	1.52429
131.455399	2.02017
131.759628	2.87811
132.162201	1.38148
132.454926	0.641788
133.398132	3.83983
135.611099	1.12476
136.090393	0.201909
136.343643	0.17868
136.523148	0.0616383
136.797119	0.0708915
137.010345	0.0617228
137.605759	0.324104
138.261200	7.71563
138.905716	3.7229
139.271103	2.44113
139.613800	1.54099
139.846054	1.47015
140.088303	0.716814
140.285446	0.457334
140.542328	0.625413
140.881393	0.206425
141.550354	5.32592
143.238586	3.4843
144.112747	9.45706
145.103043	5.59067
145.870590	24.1535
147.509308	3.19878
147.897141	24.4905
148.742889	6.53536
149.359650	12.0821
151.047974	10.5305
151.424469	4.52227
151.731918	21.7364
153.098434	18.1276
153.859436	0.263173
154.082062	0.0636415
154.363922	0.221792
154.585800	0.158792
154.875214	5.22826
157.809387	2.99072
158.440247	1.53803
158.839218	0.996284
159.282288	1.15101
160.268265	30.2104
166.039017	4.70812
167.183243	18.2687
167.828003	7.98906
168.213806	2.7419
168.845779	15.8046
173.385788	8.11545
176.058090	12.0748
178.193253	29.884
179.343307	18.7122
180.218491	3.41889
180.702881	2.60193
181.209030	2.39251
181.586639	4.1754
186.330429	2.19747
186.818039	0.117337
187.182236	0.201651
187.431747	0.164925
187.688293	0.0938303
187.954071	0.0665337
188.528214	5.13293
189.528687	5.01965
190.430328	0.928698
190.874268	0.0638328
191.732513	1.04784
193.224533	1.93856
193.835327	2.94599
194.640442	0.0958105
195.600006	3.66728
196.528137	3.05283
197.070099	3.25135
197.498108	1.29266
197.969650	1.13138
198.284622	0.391204
198.832901	0.40492
199.236237	0.261464
199.714447	0.155101
200.076294	0.0216652
200.364212	0.00468425
202.790146	11.2761
205.064377	1.79108
206.140610	1.17208
206.858856	0.0710183
212.227707	3.87622
215.742981	0.659822
216.408722	0.407443
216.826675	0.219719
217.338196	0.150155
217.635895	0.193172
218.333633	0.924068
218.817490	0.447533
219.295776	0.20968
219.800079	0.544155
220.490204	0.55171
220.881653	0.48391
221.410248	0.116855
221.963364	0.179664
223.382004	0.0782447
224.153946	0.0705714
224.431442	1.17363
224.819260	1.0549
225.014847	0.121692
225.361954	0.458579
225.680527	0.208618
225.865311	0.052052
226.200012	0.0107299
227.020493	1.57388
227.761551	0.470804
235.868164	11.8354
242.900757	0.128267
243.325882	0.706866
243.675476	0.628537
243.960190	0.16692
244.260773	0.239036
244.569275	0.209799
245.140091	3.64252
248.808167	7.17961
250.658615	2.19743
251.489670	2.78364
251.844360	1.30998
252.447403	0.290836
260.970856	8.53924
264.713928	0.113473
265.167084	0.18601
265.449554	0.11049
265.725403	0.0765542
266.101379	0.049414
266.895569	2.4847
276.596680	7.26362
280.187988	1.47139
281.917847	5.37455
283.220673	4.49435
284.385284	0.586167
285.110931	0.0540807
288.764008	21.378
300.504395	0.113477
300.996063	0.179316
301.296997	0.113615
301.598602	0.0665433
301.992798	0.0561213
302.255157	0.0166935
302.485535	0.00165944
303.963654	4.10508
307.685303	0.286169
308.591766	0.577661
309.348389	0.402859
309.842255	0.245822
310.112335	0.93218
310.549927	1.11821
310.791595	0.0888109
311.187317	0.531169
311.543915	0.385552
312.693481	1.84616
314.023956	1.12798
315.001007	0.073374
315.750244	0.00597765
317.302734	1.401
321.257050	2.0685
322.307678	6.43177
323.031189	4.25526
323.555176	1.40169
324.210876	1.07764
324.672821	0.128742
325.195099	0.370753
332.254395	1.4987
334.879425	9.63241
338.291748	39.7608
340.376373	19.6688
341.677277	1.74569
342.225250	0.206202
343.896240	0.111894
344.927979	0.00142643
345.417969	5.26299e-005
346.177460	5.90027e-005
346.902161	1.49138e-006
348.759552	0.0161943
350.686493	0.902674
352.805084	4.09544
354.221191	2.00406
354.556396	0.157733
354.949524	0.0255716
355.611115	0.236928
356.530640	0.0254499
357.200836	0.00046647
357.453888	8.84062e-006
357.844452	9.48105e-006
359.782440	1.81527
363.159637	1.31389
364.415497	1.25893e-008
364.475006	1.25893e-008
364.534515	1.25893e-008
364.594025	1.25893e-008
364.653534	1.25893e-008
364.713074	1.25893e-008
364.772614	1.25893e-008
364.832123	1.25893e-008
364.891663	1.25893e-008
364.951202	1.25893e-008
365.010773	1.25893e-008
365.070313	1.25893e-008
365.129883	1.25893e-008
365.189423	1.25893e-008
365.248993	1.25893e-008
365.308563	1.25893e-008
365.368164	1.25893e-008
365.427734	1.25893e-008
365.487335	1.25893e-008
365.546906	1.25893e-008
365.606506	1.25893e-008
365.666107	1.25893e-008
365.725708	1.25893e-008
365.785339	1.25893e-008
365.844940	1.25893e-008
365.904572	1.25893e-008
365.964203	1.25893e-008
366.023834	1.25893e-008
366.083466	1.25893e-008
366.143097	1.25893e-008
366.202759	1.25893e-008
366.262390	1.25893e-008
366.322052	1.25893e-008
366.381714	1.25893e-008
366.441376	1.25893e-008
366.501038	1.25893e-008
366.560730	1.25893e-008
366.620392	1.25893e-008
366.814392	6.92411e-008
367.187592	8.8125e-008
367.650665	1.07009e-007
367.934601	1.25893e-008
367.994385	1.25893e-008
368.143890	5.03572e-008
368.293427	1.25893e-008
368.353241	1.25893e-008
368.413086	1.25893e-008
368.472900	1.25893e-008
368.921783	1.7625e-007
369.445862	4.40625e-008
369.685547	5.66518e-008
369.850372	1.25893e-008
369.910309	1.25893e-008
369.970276	1.25893e-008
370.030243	1.25893e-008
370.180145	5.03572e-008
370.570068	1.13304e-007
370.945190	4.40625e-008
371.080292	1.25893e-008
371.425629	1.32188e-007
371.891357	6.29465e-008
372.071716	1.25893e-008
372.191986	3.77679e-008
372.312286	1.25893e-008
372.372437	1.25893e-008
372.432587	1.25893e-008
372.492737	1.25893e-008
372.552887	1.25893e-008
372.613068	1.25893e-008
372.673248	1.25893e-008
372.733429	1.25893e-008
372.793610	1.25893e-008
372.853790	1.25893e-008
372.913971	1.25893e-008
372.974182	1.25893e-008
373.034393	1.25893e-008
373.094604	1.25893e-008
373.154816	1.25893e-008
373.215027	1.25893e-008
373.275238	1.25893e-008
373.335480	1.25893e-008
373.395691	1.25893e-008
373.455933	1.25893e-008
373.516174	1.25893e-008
373.576416	1.25893e-008
373.636688	1.25893e-008
373.696930	1.25893e-008
373.757202	1.25893e-008
373.847595	2.51786e-008
374.358734	0.016195
376.355377	0.902675
378.588684	2.82353
380.100861	2.19287
381.456116	0.251679
382.410004	0.0254503
383.104248	0.000466678
383.368256	8.97075e-006
383.767975	1.14046e-005
384.184082	1.52629e-006
384.546600	6.77998e-008
384.821259	4.41429e-008
385.020233	3.77693e-008
385.203766	3.77679e-008
385.341431	1.88839e-008
385.509735	5.03572e-008
385.662781	1.25893e-008
385.785248	3.77679e-008
385.907715	1.25893e-008
386.030212	3.77679e-008
386.229309	4.40625e-008
386.535706	8.18304e-008
387.041504	1.25893e-007
387.378906	1.25893e-008
387.440277	1.25893e-008
387.501648	1.25893e-008
387.563019	1.25893e-008
387.624390	1.25893e-008
387.685760	1.25893e-008
387.747162	1.25893e-008
387.808533	1.25893e-008
387.869934	1.25893e-008
387.931335	1.25893e-008
387.992737	1.25893e-008
388.054138	1.25893e-008
388.115570	1.25893e-008
388.177002	1.25893e-008
388.238403	1.25893e-008
388.299835	1.25893e-008
388.361267	1.25893e-008
388.422729	1.25893e-008
388.484161	1.25893e-008
388.545624	1.25893e-008
388.607056	1.25893e-008
388.668518	1.25893e-008
388.729980	1.25893e-008
388.791443	1.25893e-008
388.852936	1.25893e-008
388.914398	1.25893e-008
388.975891	1.25893e-008
389.037384	1.25893e-008
389.098877	1.25893e-008
389.160370	1.25893e-008
389.221863	1.25893e-008
389.283386	1.25893e-008
389.344879	1.25893e-008
389.406403	1.25893e-008
389.467926	1.25893e-008
389.529449	1.25893e-008
389.591003	1.25893e-008
389.698700	3.14732e-008
389.898712	5.03572e-008
390.144989	5.03572e-008
390.375946	4.40625e-008
390.514557	1.25893e-008
390.606995	2.51786e-008
390.791840	5.03572e-008
390.992157	3.14732e-008
391.177124	4.40625e-008
391.408386	5.03572e-008
391.670563	5.66518e-008
391.855682	1.88839e-008
392.087158	7.55357e-008
392.488525	8.8125e-008
392.828308	5.03572e-008
392.982788	1.25893e-008
393.044586	1.25893e-008
393.106415	1.25893e-008
393.168213	1.25893e-008
393.230042	1.25893e-008
393.291870	1.25893e-008
393.353699	1.25893e-008
393.415527	1.25893e-008
393.477386	1.25893e-008
393.539215	1.25893e-008
393.601074	1.25893e-008
393.662933	1.25893e-008
393.724792	1.25893e-008
393.786652	1.25893e-008
393.848511	1.25893e-008
393.910400	1.25893e-008
393.972290	1.25893e-008
394.034149	1.25893e-008
394.096039	1.25893e-008
394.157959	1.25893e-008
394.235321	1.88839e-008
394.421112	0.786238
395.520844	3.8614e-008
395.598358	5.7921e-008
395.691376	5.7921e-008
396.218719	5.98517e-007
397.056946	4.44061e-007
397.563202	0.00315626
398.110870	0.116866
398.687408	0.196387
399.024414	0.127122
399.375885	0.066101
399.835602	0.0530214
400.129120	0.0283162
400.348694	0.000951889
400.606873	4.86087e-005
400.715240	1.62945e-007
400.918274	5.67423e-008
401.136627	9.65349e-008
401.011749	5.79095e-008
401.464539	3.08912e-007
401.839447	1.54456e-007
402.152008	2.31684e-007
402.402161	7.7228e-008
402.527252	7.7228e-008
402.652374	7.7228e-008
402.777496	7.7228e-008
402.902649	7.7228e-008
403.043488	9.65349e-008
403.184326	7.7228e-008
403.497437	3.08912e-007
403.810638	7.7228e-008
403.904633	3.8614e-008
404.061279	1.54456e-007
404.312042	1.54456e-007
404.625549	2.31684e-007
404.939209	1.54456e-007
405.441315	4.63368e-007
407.326965	1.85347e-006
408.870148	3.8614e-008
409.217010	3.8614e-007
409.595551	7.72279e-008
410.021606	4.44061e-007
410.590027	2.50991e-007
411.143066	4.24754e-007
415.167664	4.47922e-006
418.988556	1.54456e-007
419.499329	4.63368e-007
419.914581	3.8614e-008
419.978485	3.8614e-008
420.138245	1.54456e-007
420.489868	2.70298e-007
421.129547	5.01982e-007
421.673645	1.54456e-007
421.929840	1.54456e-007
422.089966	3.8614e-008
422.186096	7.72279e-008
422.282196	3.8614e-008
422.346283	3.8614e-008
422.410370	3.8614e-008
422.506500	7.72279e-008
422.634705	7.72279e-008
422.730896	3.8614e-008
422.795013	3.8614e-008
422.891174	7.72279e-008
423.019440	7.72279e-008
423.115662	3.8614e-008
423.211884	7.72279e-008
423.308105	3.8614e-008
423.372284	3.8614e-008
423.436432	3.8614e-008
423.580841	1.35149e-007
423.789429	1.15842e-007
424.078369	2.31684e-007
424.993958	8.68814e-007
425.862274	1.73763e-007
426.200195	2.31684e-007
426.506042	1.35149e-007
426.761169	0.735986
439.155304	15.4515
458.841370	2.3823
470.234100	0.286762
473.062042	3.98663
474.469757	0.970115
474.864868	0.903174
475.198273	0.848111
475.697113	0.28022
476.791351	1.81673
477.982422	0.0684459
478.948547	0.00568696
479.498077	5.93126e-005
479.825745	8.30573e-006
480.275299	4.46225e-006
495.297974	0.393121
496.531158	9.06633e-008
496.635468	1.81327e-007
496.757141	1.35995e-007
496.878845	1.81327e-007
497.000549	1.35995e-007
497.157074	2.7199e-007
497.400574	3.62653e-007
497.591949	1.35995e-007
497.783356	3.62653e-007
498.009613	2.26658e-007
498.218536	3.17322e-007
498.497131	4.07985e-007
498.723541	1.81327e-007
498.915192	3.17322e-007
499.106842	1.81327e-007
499.246277	1.81327e-007
499.385712	1.81327e-007
499.525177	1.81327e-007
499.664642	1.81327e-007
499.804138	1.81327e-007
499.943665	1.81327e-007
500.083191	1.81327e-007
500.222748	1.81327e-007
500.362305	1.81327e-007
500.467010	9.06633e-008
500.536804	9.06633e-008
500.606628	9.06633e-008
500.676422	9.06633e-008
500.746246	9.06633e-008
500.816071	9.06633e-008
500.885895	9.06633e-008
500.955719	9.06633e-008
501.025574	9.06633e-008
501.095398	9.06633e-008
501.165253	9.06633e-008
501.339874	3.62653e-007
501.514557	9.06633e-008
501.584442	9.06633e-008
501.654297	9.06633e-008
501.724182	9.06633e-008
501.794067	9.06633e-008
501.863983	9.06633e-008
501.933868	9.06633e-008
502.003784	9.06633e-008
502.073700	9.06633e-008
502.143616	9.06633e-008
502.213531	9.06633e-008
502.283447	9.06633e-008
502.353394	9.06633e-008
502.423309	9.06633e-008
502.493256	9.06633e-008
502.563202	9.06633e-008
502.633148	9.06633e-008
502.703094	9.06633e-008
502.773071	9.06633e-008
502.843018	9.06633e-008
502.912994	9.06633e-008
502.982971	9.06633e-008
503.052948	9.06633e-008
503.122925	9.06633e-008
503.192902	9.06633e-008
503.262909	9.06633e-008
503.332916	9.06633e-008
503.402893	9.06633e-008
503.472900	9.06633e-008
503.542938	9.06633e-008
503.612946	9.06633e-008
503.875549	5.89312e-007
504.155762	1.35995e-007
504.348419	3.62653e-007
504.646271	4.07985e-007
504.926666	3.17322e-007
505.119507	1.81327e-007
505.224701	9.06633e-008
505.294830	9.06633e-008
505.364990	9.06633e-008
505.435120	9.06633e-008
505.505280	9.06633e-008
505.575439	9.06633e-008
505.645599	9.06633e-008
505.715759	9.06633e-008
505.785919	9.06633e-008
505.856079	9.06633e-008
506.049103	4.07985e-007
506.259705	1.35995e-007
506.382568	1.81327e-007
506.522980	1.81327e-007
506.628326	9.06633e-008
506.733673	1.81327e-007
506.874176	1.81327e-007
506.997101	1.35995e-007
507.102509	1.35995e-007
507.225464	1.81327e-007
507.366028	1.81327e-007
507.506592	1.81327e-007
507.647186	1.81327e-007
507.787811	1.81327e-007
507.928436	1.81327e-007
508.069092	1.81327e-007
508.209778	1.81327e-007
508.350464	1.81327e-007
508.491180	1.81327e-007
508.631897	1.81327e-007
508.772644	1.81327e-007
508.913422	1.81327e-007
509.054199	1.81327e-007
509.195007	1.81327e-007
509.335846	1.81327e-007
509.476685	1.81327e-007
509.617554	1.81327e-007
509.758453	1.81327e-007
509.899353	1.81327e-007
510.040283	1.81327e-007
510.181244	1.81327e-007
510.322205	1.81327e-007
510.463196	1.81327e-007
510.604187	1.81327e-007
510.745209	1.81327e-007
510.886261	1.81327e-007
511.027313	1.81327e-007
511.168396	1.81327e-007
511.327148	2.26658e-007
511.468292	1.35995e-007
511.574127	1.35995e-007
511.697662	1.81327e-007
511.821167	1.35995e-007
511.944733	1.81327e-007
512.209534	4.98648e-007
512.456726	1.35995e-007
512.668640	4.07985e-007
512.880615	1.35995e-007
513.004272	1.81327e-007
513.127991	1.35995e-007
513.357727	4.53317e-007
513.587524	1.35995e-007
513.711243	1.81327e-007
513.852722	1.81327e-007
513.958862	9.06633e-008
514.064941	1.81327e-007
514.206482	1.81327e-007
514.330261	1.35995e-007
514.436462	1.35995e-007
514.524902	9.06633e-008
514.595703	9.06633e-008
514.666504	9.06633e-008
514.737305	9.06633e-008
514.808044	9.06633e-008
514.878845	9.06633e-008
514.985107	1.81327e-007
515.197571	3.62653e-007
515.410034	1.81327e-007
515.551758	1.81327e-007
515.693420	1.81327e-007
515.906067	3.62653e-007
516.189575	3.62653e-007
516.402283	1.81327e-007
516.508667	9.06633e-008
516.579590	9.06633e-008
516.650513	9.06633e-008
516.721436	9.06633e-008
516.792358	9.06633e-008
516.863342	9.06633e-008
516.934265	9.06633e-008
517.005188	9.06633e-008
517.076172	9.06633e-008
517.147095	9.06633e-008
517.342285	4.07985e-007
517.555237	1.35995e-007
517.679443	1.81327e-007
517.821472	1.81327e-007
517.927979	9.06633e-008
518.034546	1.81327e-007
518.176575	1.81327e-007
518.300903	1.35995e-007
518.407471	1.35995e-007
518.531799	1.81327e-007
518.673889	1.81327e-007
518.816040	1.81327e-007
518.958191	1.81327e-007
519.100403	1.81327e-007
519.242615	1.81327e-007
519.384827	1.81327e-007
519.527039	1.81327e-007
519.669312	1.81327e-007
519.811584	1.81327e-007
519.953918	1.81327e-007
520.096252	1.81327e-007
520.238586	1.81327e-007
520.398743	2.26658e-007
520.541077	1.35995e-007
520.647888	1.35995e-007
520.772522	1.81327e-007
520.897156	1.35995e-007
521.021790	1.81327e-007
521.288940	4.98648e-007
521.538330	1.35995e-007
521.752136	4.07985e-007
521.966003	1.35995e-007
522.090759	1.81327e-007
522.215515	1.35995e-007
522.447327	4.53317e-007
522.679138	1.35995e-007
522.821838	2.26658e-007
523.208252	0.00762565
524.434448	0.337732
525.763611	0.636203
526.526367	0.357872
527.258545	0.232235
527.966309	0.0768382
528.525452	0.00810137
529.029541	0.000266543
529.317200	1.52108e-006
529.615295	3.44631e-007
529.855774	2.72112e-007
530.017517	1.35987e-007
530.143250	1.81327e-007
530.376770	2.26658e-007
530.251038	9.06633e-008
530.682251	5.4398e-007
531.041809	3.62653e-007
531.293518	9.06633e-008
531.221558	9.06633e-008
531.491394	0.393119
542.223083	0.00762417
543.471497	0.337735
544.824768	0.636205
545.601257	0.357873
546.346680	0.232233
547.067261	0.0768374
547.636475	0.00810236
548.149658	0.0002658
548.439392	1.14939e-006
568.970337	0.393121
570.311279	1.75032e-007
570.497681	4.08408e-007
570.814575	5.8344e-007
571.187500	5.8344e-007
571.523254	4.66752e-007
571.821838	4.66752e-007
572.139099	5.25096e-007
572.344482	1.16688e-007
572.531189	4.66752e-007
572.717896	1.16688e-007
572.960693	6.41784e-007
573.259644	2.9172e-007
573.483887	4.08408e-007
574.138184	1.63363e-006
574.961243	9.33504e-007
575.560181	9.33504e-007
576.159485	9.33504e-007
576.609131	4.66752e-007
576.852783	2.9172e-007
577.021484	2.33376e-007
577.884155	2.45045e-006
578.709900	1.16688e-007
578.784973	1.16688e-007
579.010315	5.8344e-007
579.254456	1.75032e-007
579.404724	2.9172e-007
579.536255	1.16688e-007
580.325623	2.33376e-006
581.115479	1.16688e-007
581.190735	1.16688e-007
581.698853	1.4586e-006
582.320190	4.66752e-007
582.621521	4.66752e-007
583.086121	0.0457479
584.380981	2.02968
585.782959	4.079
586.585754	2.19857
587.375000	1.33079
588.123657	0.472191
588.700806	0.0485582
589.232971	0.0015946
589.534973	9.2999e-006
589.798279	5.72264e-007
590.105103	3.50798e-007
590.276001	1.74984e-007
590.408752	2.33377e-007
590.541504	1.75032e-007
590.636353	1.16688e-007
590.712219	1.16688e-007
590.864014	3.50064e-007
591.110657	4.08408e-007
591.338379	2.9172e-007
591.509216	2.33376e-007
593.218811	5.01758e-006
594.892883	1.16688e-007
595.045166	3.50064e-007
595.197510	1.16688e-007
595.273682	1.16688e-007
595.464111	2.33376e-007
595.349854	1.16688e-007
595.578369	1.16688e-007
595.654602	1.16688e-007
595.730774	1.16688e-007
596.092773	9.91848e-007
596.721802	9.33504e-007
597.675476	1.9837e-006
598.515381	5.8344e-007
603.126160	1.34775e-005
607.735657	0.393119
610.181885	3.04241e-007
611.474426	4.72098e-008
611.725342	2.09822e-008
612.266052	1.25893e-007
612.903625	4.72098e-008
613.309509	6.29465e-008
613.657532	3.14732e-008
613.812195	1.04911e-008
613.966919	3.14732e-008
614.179749	2.62277e-008
614.740845	1.25893e-007
615.399048	5.24554e-008
615.960754	9.96652e-008
616.445190	3.14732e-008
616.697205	3.67188e-008
617.046143	5.77009e-008
617.375854	3.14732e-008
617.996643	1.36384e-007
618.578979	2.09822e-008
618.889648	6.29465e-008
619.239258	3.14732e-008
619.550110	5.24554e-008
619.861023	3.14732e-008
620.210876	6.29465e-008
620.483093	1.04911e-008
620.619202	2.62277e-008
621.241699	1.4163e-007
621.825500	1.57366e-008
622.409668	1.4163e-007
622.974548	1.04911e-008
623.110962	2.62277e-008
623.793152	1.57366e-007
624.904968	1.4163e-007
625.471069	1.04911e-008
625.607727	2.62277e-008
626.193604	1.31138e-007
626.721191	1.04911e-008
626.857971	2.62277e-008
627.953003	2.67522e-007
629.107727	4.19643e-008
629.421082	4.19643e-008
629.656128	2.09822e-008
629.891174	4.19643e-008
630.302734	6.8192e-008
630.851624	7.86831e-008
631.381165	6.29465e-008
631.773499	4.19643e-008
632.166016	6.29465e-008
632.676453	7.34375e-008
632.990723	1.04911e-008
633.128174	2.62277e-008
633.540771	8.39286e-008
634.071472	5.77009e-008
634.405701	3.14732e-008
634.602356	2.09822e-008
634.779358	2.62277e-008
635.212158	8.91742e-008
635.664795	3.14732e-008
635.979736	5.24554e-008
636.412964	6.29465e-008
636.806885	4.19643e-008
637.200989	6.29465e-008
637.713501	7.34375e-008
638.028931	1.04911e-008
638.166992	2.62277e-008
638.798279	1.4163e-007
639.390381	1.57366e-008
639.982727	1.4163e-007
640.555664	1.04911e-008
640.693970	2.62277e-008
641.385803	1.57366e-007
642.513306	1.4163e-007
643.087341	1.04911e-008
643.225952	2.62277e-008
643.820129	1.31138e-007
644.355103	1.04911e-008
644.493835	2.62277e-008
645.088562	1.31138e-007
645.624084	1.04911e-008
645.802612	3.67188e-008
646.278931	8.91742e-008
646.656067	1.04911e-008
646.934082	6.29465e-008
647.565002	0.646444
689.129272	0.39312
690.872864	2.92126e-007
691.242432	3.65158e-008
691.324524	3.65158e-008
691.406677	3.65158e-008
691.920166	4.19931e-007
692.577698	1.64321e-007
692.906555	1.27805e-007
693.338318	2.5561e-007
693.729065	9.12894e-008
694.428650	5.29478e-007
695.190308	1.46063e-007
695.581604	2.00837e-007
695.849365	3.65158e-008
695.972961	7.30315e-008
696.302673	2.19095e-007
696.735535	1.64321e-007
697.642822	6.39026e-007
698.488831	1.09547e-007
698.653992	3.65158e-008
698.777832	7.30315e-008
698.942993	7.30315e-008
699.108215	7.30315e-008
699.376709	1.64321e-007
699.934448	3.28642e-007
700.347717	3.65158e-008
700.678467	2.5561e-007
701.009277	3.65158e-008
701.691833	5.65994e-007
702.457520	1.09547e-007
702.623108	3.65158e-008
702.747314	7.30315e-008
702.912964	7.30315e-008
703.078613	7.30315e-008
703.244324	7.30315e-008
703.410034	7.30315e-008
703.575745	7.30315e-008
703.741455	7.30315e-008
703.907227	7.30315e-008
704.072998	7.30315e-008
704.238831	7.30315e-008
704.404602	7.30315e-008
704.674133	1.64321e-007
705.234009	3.28642e-007
705.648865	3.65158e-008
705.980896	2.5561e-007
706.312927	3.65158e-008
706.998108	5.65994e-007
707.766663	1.09547e-007
707.932922	3.65158e-008
708.057617	7.30315e-008
708.223877	7.30315e-008
708.390137	7.30315e-008
708.660400	1.64321e-007
709.221924	3.28642e-007
709.637939	3.65158e-008
710.262268	5.11221e-007
711.511780	5.84252e-007
712.845764	5.84252e-007
714.076599	4.92963e-007
714.765564	1.09547e-007
715.037048	1.27805e-007
715.496582	2.73868e-007
715.977173	1.46063e-007
716.228027	7.30315e-008
716.395264	7.30315e-008
716.667053	1.64321e-007
717.231689	3.28642e-007
717.650146	3.65158e-008
717.922180	2.00837e-007
718.319885	1.46063e-007
718.571106	7.30315e-008
718.738586	7.30315e-008
718.906128	7.30315e-008
719.073669	7.30315e-008
719.241272	7.30315e-008
719.408875	7.30315e-008
719.576477	7.30315e-008
719.744080	7.30315e-008
719.911743	7.30315e-008
720.079407	7.30315e-008
720.247070	7.30315e-008
720.414795	7.30315e-008
720.582520	7.30315e-008
720.750244	7.30315e-008
720.918030	7.30315e-008
721.085815	7.30315e-008
721.253601	7.30315e-008
721.421448	7.30315e-008
721.589294	7.30315e-008
721.757141	7.30315e-008
721.925049	7.30315e-008
722.092957	7.30315e-008
722.260864	7.30315e-008
722.428833	7.30315e-008
722.596802	7.30315e-008
722.764771	7.30315e-008
722.932739	7.30315e-008
723.100769	7.30315e-008
723.268860	7.30315e-008
723.436890	7.30315e-008
723.604980	7.30315e-008
723.773071	7.30315e-008
723.941223	7.30315e-008
724.109314	7.30315e-008
724.277527	7.30315e-008
724.403625	3.65158e-008
724.487732	3.65158e-008
724.571838	3.65158e-008
724.655945	3.65158e-008
724.740051	3.65158e-008
724.824158	3.65158e-008
725.265808	3.469e-007
726.065430	3.469e-007
726.991821	4.56447e-007
727.771240	2.19095e-007
728.255981	2.00837e-007
728.530090	3.65158e-008
728.614380	3.65158e-008
728.804199	1.27805e-007
729.289246	2.92126e-007
729.711243	7.30315e-008
730.027771	2.00837e-007
730.302124	3.65158e-008
731.140015	1.06098
733.387390	1.98112e-007
734.381958	9.65798e-007
735.483154	3.21933e-007
736.076416	3.71461e-007
736.669983	3.21933e-007
737.115295	1.98112e-007
737.475830	2.22876e-007
737.730408	7.42922e-008
738.091187	3.46697e-007
738.770447	4.45753e-007
739.407532	2.97169e-007
740.172424	5.94337e-007
740.746399	7.42922e-008
740.916504	1.2382e-007
742.150269	1.31249e-006
743.534180	2.97169e-007
743.875061	9.90562e-008
744.365173	4.70517e-007
745.132629	4.20989e-007
745.772522	3.21933e-007
746.135254	9.90562e-008
746.305969	9.90562e-008
746.476685	9.90562e-008
746.647461	9.90562e-008
746.967651	2.72405e-007
747.565613	4.20989e-007
748.099670	1.98112e-007
748.548462	3.21933e-007
749.403625	6.68629e-007
750.366333	4.45753e-007
750.837219	9.90562e-008
751.094116	1.98112e-007
751.543762	3.21933e-007
751.950745	1.48584e-007
752.186401	1.2382e-007
752.464966	1.98112e-007
753.129456	5.69573e-007
753.965820	3.96225e-007
754.609497	3.46697e-007
755.231995	3.71461e-007
755.661438	1.2382e-007
755.919128	1.73348e-007
756.348816	3.21933e-007
756.757080	1.48584e-007
756.993530	1.2382e-007
757.337463	2.72405e-007
757.896545	3.71461e-007
758.520386	3.46697e-007
758.993835	1.98112e-007
759.359802	2.22876e-007
759.618164	7.42922e-008
759.984253	3.46697e-007
760.673584	4.45753e-007
761.320129	2.97169e-007
762.268921	7.9245e-007
763.865967	1.04009e-006
764.859558	9.90562e-008
765.032471	9.90562e-008
765.205322	9.90562e-008
766.221436	1.06485e-006
767.519592	4.20989e-007
768.060791	1.98112e-007
768.515564	3.21933e-007
770.661316	2.12971e-006
772.831787	3.46697e-007
774.135559	1.13915e-006
775.501343	0.577355
820.891418	0.393118
915.191589	0.393118
964.274414	0.343161
982.923584	15.4515
1015.424377	0.237142
1290.062378	3.71083
1336.057495	12.3795
1346.096558	0.000162269
1405.351196	0.52807
1464.248291	1.71652e-005
1466.198120	0.549704
1526.326172	1.6639e-005
1530.938599	3.71083
1580.525879	12.1794
1594.090698	14.5166
1602.364868	0.920865
1604.253418	3.14827
1605.434570	2.65379
1606.769287	10.3567
1614.699219	5.2894
1621.645142	3.52471
1644.775146	8.3257
1656.462158	0.873526
1657.136597	9.12894e-008
1657.679443	1.46063e-007
1657.360107	3.65158e-008
1658.094727	9.12894e-008
1658.318237	3.65158e-008
1658.637695	1.46063e-007
1659.372559	2.73868e-007
1660.043701	1.09547e-007
1660.299316	3.65158e-008
1660.523071	9.12894e-008
1660.938599	1.46063e-007
1661.578125	2.19095e-007
1662.185669	1.27805e-007
1662.825317	2.37352e-007
1663.977051	4.19931e-007
1664.809082	5.47736e-008
1665.161255	1.46063e-007
1665.833496	2.37352e-007
1666.537964	1.64321e-007
1667.338623	2.92126e-007
1668.139404	1.64321e-007
1668.652100	1.27805e-007
1668.940552	3.65158e-008
1669.132813	7.30315e-008
1669.581543	1.82579e-007
1670.158447	1.46063e-007
1670.703491	1.64321e-007
1671.505249	2.92126e-007
1672.499634	2.73868e-007
1673.269653	1.64321e-007
1673.815186	1.46063e-007
1674.360840	1.64321e-007
1675.131226	2.73868e-007
1675.805542	1.09547e-007
1676.287354	1.64321e-007
1676.801270	1.27805e-007
1677.347412	1.82579e-007
1678.472046	4.56447e-007
1679.822144	3.10384e-007
1680.818970	2.5561e-007
1681.719604	2.5561e-007
1682.652710	2.73868e-007
1683.232056	5.47736e-008
1683.392944	3.65158e-008
1683.811401	2.00837e-007
1684.294312	7.30315e-008
1684.841675	2.37352e-007
1685.807861	3.10384e-007
1686.645386	1.64321e-007
1687.160889	1.27805e-007
1688.095459	4.01673e-007
1689.127075	1.82579e-007
1690.094482	3.65158e-007
1691.158936	2.37352e-007
1691.997925	2.37352e-007
1692.707886	1.64321e-007
1693.418091	2.37352e-007
1693.966919	7.30315e-008
1694.548096	2.5561e-007
1695.581787	3.28642e-007
1696.551025	2.19095e-007
1697.326660	2.19095e-007
1698.005493	1.64321e-007
1698.555054	1.46063e-007
1699.266479	2.5561e-007
1700.010376	1.64321e-007
1701.045654	4.19931e-007
1704.865967	1.7345e-006
1708.139282	1.09547e-007
1708.528442	1.09547e-007
1708.950073	1.27805e-007
1709.501465	1.82579e-007
1710.150269	1.82579e-007
1710.929077	2.5561e-007
1711.935181	3.10384e-007
1713.104004	3.469e-007
1713.915894	1.09547e-007
1714.435669	1.82579e-007
1715.020508	1.46063e-007
1715.962891	3.83415e-007
1717.100586	2.5561e-007
1718.108521	3.10384e-007
1719.116821	2.5561e-007
1719.897705	1.82579e-007
1720.390625	1.72855e-005
1722.506104	0.549706
1787.692261	3.38376e-005
1794.452637	11.2248
1846.211792	11.6499
1863.159668	11.0422
1911.071655	7.29754
1917.348511	0.684028
1919.900635	1.44389
1921.357910	0.747359
1922.808594	0.427867
1924.179565	0.190489
1925.057861	0.018177
1929.427124	4.94152
1936.169312	1.79186
1942.936768	2.10616
1970.434448	7.05206
1983.741577	36.4518
1993.467041	2.35492
1994.520264	0.730927
1996.168335	9.77088
2024.621704	27.6546
2080.630127	22.0389
2128.720215	8.05097
2137.000977	1.10493
2138.328613	0.496862
2139.201660	1.51508
2140.501221	0.428878
2140.990723	0.267084
2142.117432	0.673913
2143.313477	0.0625645
2146.212402	1.09215
2147.260986	7.72111e-007
2147.989258	4.15752e-007
2148.426270	2.96966e-007
2148.754150	2.37627e-007
2153.709961	0.959479
2165.620117	7.60165
2174.629883	10.4169
2180.562744	6.5052
2184.549316	2.38369
2186.661377	0.0147387
2189.275391	0.0335861
2191.801514	0.000707862
2193.044922	2.52247e-005
2194.980469	2.78046e-005
2196.810791	7.93855e-007
2197.618896	5.95357e-007
2198.469482	7.73108e-007
2199.427734	7.7188e-007
2200.312500	6.53321e-007
2200.976074	4.15752e-007
2201.492188	4.15752e-007
2201.824219	1.18786e-007
2202.229736	5.34538e-007
2202.746094	2.96966e-007
2203.225586	4.75145e-007
2203.815918	4.75145e-007
2204.406250	4.75145e-007
2204.996826	4.75145e-007
2205.734863	7.12717e-007
2206.436279	4.15752e-007
2206.842285	2.37572e-007
2207.248535	4.15752e-007
2207.802246	4.75145e-007
2208.725586	1.00968e-006
2210.499023	1.84119e-006
2212.383789	1.18786e-006
2213.566895	7.12717e-007
2214.417480	6.53324e-007
2215.009277	2.96966e-007
2215.416260	3.56359e-007
2215.897217	4.15752e-007
2216.600098	7.12717e-007
2217.266113	3.56359e-007
2218.117432	1.00968e-006
2218.820801	1.18786e-007
2219.134277	0.247466
2225.604248	18.7755
2238.416016	0.537695
2252.910645	12.6511
2280.533203	15.1365
2286.185059	1.88842
2288.039307	12.5918
2288.972656	10.6053
2291.513916	0.429895
2294.018066	10.9787
2297.902832	0.934967
2314.809082	29.0181
2332.905273	10.9861
2364.902344	4.49427
2376.483887	12.4
2383.562256	24.8342
2388.323730	0.307676
2389.743896	14.6163
2402.253906	27.2547
2412.198486	31.8078
2416.054443	10.9155
2420.107178	668.306
2437.892578	2484.62
2447.967041	17.0289
2453.791748	18.0181
2460.042236	50.7637
2466.328857	16.1472
2473.997314	6.42882
2481.566895	2.83045
2483.192871	0.443192
2484.789063	0.290224
2486.343750	0.0796249
2488.859619	9.80992
2494.589355	6.70131
2499.119141	15.5733
2503.791992	14.0056
2523.097412	20.5549
2528.310791	0.767825
2531.821045	11.0767
2538.637695	7.56039
2541.130127	41.5832
2552.798096	108.882
2554.681396	78.4843
2563.711426	14.1866
2572.785156	16.9226
2590.373779	15.9859
2598.376709	12.609
2616.303467	7.97393
2625.351807	21.6576
2638.558838	0.596688
2640.812012	1.27813
2642.445801	0.844262
2644.170166	0.436058
2645.745117	0.164361
2661.600098	15.4635
2674.361572	4.00426
2675.707764	0.78524
2677.728516	3.38726
2683.041016	96.1833
2700.740479	22.6495
2704.670166	5.4473
2708.920166	13.7253
2718.516846	13.1929
2728.914063	3.59269
2732.529541	3.30961
2736.169189	4.14715
2744.347168	14.7178
2746.368408	1.29176
2747.919922	0.600665
2750.533203	11.7405
2758.971436	0.922148
2761.052979	3.73998
2762.904297	4.05629
2764.104248	23.2507
2770.946777	4.58199
2772.313477	2.13983
2773.924805	2.07989
2775.387451	0.57023
2776.580322	8.1521
2782.094238	53.9377
2786.549316	9.13744
2787.394775	0.750426
2789.151123	142.837
2806.502686	9.50411
2808.492432	4.32008
2809.396484	1.22114
2815.522949	122.523
2817.572266	259.109
2834.147705	1371.56
2842.535645	14.6083
2845.681885	3.20187
2849.261963	13.4941
2857.554688	19.6931
2864.880371	2.8299
2866.335205	0.133403
2871.101318	14.6242
2884.635010	41.5423
2886.434326	1.16423
2887.389404	1.22935
2888.337158	0.366925
2889.931641	21.3233
2901.031006	3.55381
2910.729248	9.21804
2916.032471	2.15631
2918.050781	4.15786
2919.982422	6.943
2921.513184	2.66796
2923.268066	1.64664
2924.520264	1.06433
2933.161133	5.98026
2934.465576	1.04936
2935.281006	0.215551
2936.497314	0.372478
2937.559814	0.13913
2938.223145	0.00522497
2942.639648	39.5198
2960.831543	22.9457
2965.421631	0.115139
2966.865479	0.227089
2967.804199	0.113131
2968.683350	0.101217
2970.020752	0.0463926
2971.544189	1.6454
2984.966064	0.995369
2988.124268	2.76682
2989.906250	1.40082
2991.853027	0.618846
2993.620605	0.386158
2994.663330	0.161412
2995.671143	0.0507723
2996.904053	0.0625708
2997.770752	0.0305506
3012.328125	4.87332
3015.771973	0.541113
3017.596924	0.402656
3019.399170	0.292163
3021.104004	0.0945992
3030.980713	1.07908
3035.922363	0.214186
3037.158203	0.153382
3037.947998	0.0543491
3039.261719	0.0923798
3040.248047	0.0551258
3041.107422	0.0791437
3049.522949	3.71474
3082.567871	0.00645352
3083.814697	0.11522
3085.458740	0.190296
3086.413574	0.128472
3087.413574	0.0590129
3088.687500	0.0575862
3089.560059	0.0276462
3101.726807	1.38151
3105.083008	1.14131
3106.345703	0.903573
3107.324951	0.334862
3108.482910	0.453413
3109.545166	0.38774
3110.636963	0.0147528
3122.149414	18.3762
3145.437256	1.51822
3147.412842	0.401716
3148.644043	0.322869
3149.453369	0.116599
3150.795654	0.186114
3151.789551	0.111244
3153.848145	5.67231
3173.751221	42.2171
3176.153564	0.486601
3178.329834	25.8363
3189.283691	6.32616
3191.189209	5.85864
3196.162109	0.0586439
3201.444336	8.94401
3213.673584	1.94774
3221.589355	0.263472
3228.744629	10.8153
3240.047363	10.5104
3253.597656	5.85335
3265.050781	0.855821
3292.364502	4.88806
3311.280273	1.15086
3317.843994	3.01307
3331.296631	5.21293
3333.571045	16.956
3340.756836	0.284913
3341.965576	0.747679
3344.212402	2.11447
3345.273438	0.245966
3346.624756	3.55421
3358.011963	2.6048
3374.014160	2.85156
3380.336426	5.37448
3384.913818	3.71497
3386.616699	0.344234
3388.600586	0.508506
3390.498779	0.193152
3392.102051	0.034601
3393.903564	0.687386
3396.731934	0.880697
3398.422852	0.128307
3399.470947	0.74831
3401.303955	0.430418
3403.255615	0.503469
3404.851563	0.0758497
3407.509033	4.80592
3416.485352	28.2395
3427.098877	7.84524
3428.761230	7.87391
3429.373291	1.33436
3430.583008	3.96633
3434.015381	13.2534
3437.617188	2.18924
3439.514893	1.1978
3441.275146	0.376722
3445.931885	4.32963
3448.745117	6.08456
3450.331299	3.67287
3451.076904	0.308829
3452.260742	2.42799
3453.725098	7.9376
3462.285156	14.3591
3463.871338	0.984763
3465.519531	1.97473
3467.494873	0.982913
3470.006592	0.44984
3473.865723	13.2954
3482.203125	7.05896
3487.179932	9.04167
3497.520996	37.3284
3499.100830	4.08254
3500.640869	3.74108
3502.706543	1.86671
3503.963623	0.737659
3506.056641	2.27394
3512.155029	29.5394
3518.427979	11.4369
3522.027588	0.080622
3525.575928	6.69451
3530.296875	4.54773
3534.357178	0.493082
3536.965332	0.0339794
3543.855713	1.11356
3557.473145	5.32985
3563.807617	0.522421
3565.381348	1.61545
3565.943115	0.180404
3567.160156	0.910316
3571.347900	4.06921
3576.259521	4.12035
3580.606934	2.26192
3587.962158	1.29446
3590.449951	1.97636
3593.926514	3.2502
3596.039307	2.71385
3598.011475	2.04102
3599.731689	4.52683
3607.233643	10.8556
3630.274170	7.72933
3632.024902	2.54927
3633.916260	1.50317
3635.686279	0.975621
3637.545166	0.159299
3643.611572	8.45621
3647.080322	3.53175
3649.148438	4.15718
3650.742676	2.3468
3654.349609	6.81766
3657.402100	0.263455
3658.754883	0.689431
3663.692139	3.2765
3666.419922	2.41178
3668.454102	0.582037
3670.630859	0.836978
3672.836670	0.0521934
3687.098877	3.60965
3701.749268	11.1872
3718.434814	7.79391
3720.947754	0.13896
3722.210449	0.284919
3723.558838	2.107
3727.760986	1.542
3731.960938	0.0509124
3736.131592	0.119382
3737.740723	0.180486
3738.825684	0.159108
3740.157715	0.0968797
3741.364014	0.102194
3753.944580	9.34291
3757.738525	2.10953
3759.563965	1.9339
3760.365723	0.101168
3761.358154	2.45295
3764.691895	24.8927
3778.603516	3.54
3784.114990	2.48596
3789.132324	5.51431
3792.176025	2.71848
3793.997803	3.3812
3796.136230	0.330874
3799.246826	3.28091
3800.769287	1.41058
3804.390137	1.42896
3806.465332	1.37339
3808.333984	0.76212
3810.585205	8.67192
3818.605713	22.7644
3821.749512	8.92734
3823.576172	3.34039
3825.548340	3.45456
3827.233154	0.355597
3828.957520	0.0266158
3829.791016	0.00353474
3835.564941	2.30506
3845.056396	5.66784
3854.844727	16.6566
3861.658936	0.337627
3864.873535	0.0546374
3866.315430	0.824675
3867.632813	1.05401
3870.124512	2.56951
3871.182373	0.570986
3872.351563	0.472215
3874.069092	22.2323
3885.784424	34.8197
3889.677246	1.26072
3891.929199	0.797511
3893.594971	1.56411
3895.475342	0.0146138
3898.511719	2.63339
3900.478760	0.245697
3903.965576	3.07369
3909.209717	2.55233
3914.179688	2.87905
3916.933105	1.87471
3918.781982	0.857798
3920.893311	0.578729
3925.473389	5.57403
3933.331543	0.433
3935.126221	1.7973
3936.668457	2.01084
3937.652588	0.523689
3938.825684	1.05815
3940.196533	0.228003
3941.389648	0.0744659
3955.931885	31.6176
3971.676758	5.26725
3973.699951	1.82092
3975.016113	0.912553
3975.639404	0.436529
3976.800537	0.535928
3977.725098	4.81247
3982.236084	3.56629
3983.285156	0.661435
3984.895996	0.250695
3987.159424	1.73493
3988.383789	0.775155
3996.954834	0.20959
4002.563721	21.275
4008.231445	6.36562
4010.435059	3.87302
4012.499512	1.95935
4014.501221	2.31999
4023.071045	45.0965
4037.554443	19.3361
4039.610352	51.8565
4045.448242	19.0499
4046.836426	4.07218
4049.454590	7.015
4051.103516	1.0662
4053.034668	7.92422
4061.777832	7.4872
4066.255859	10.0144
4070.899658	3.12747
4086.669189	128.133
4102.058594	39.7264
4112.347168	69.51
4120.091309	16.9878
4124.880859	13.5982
4126.110352	2.05755
4128.209473	1.19101
4133.241699	36.1279
4153.990234	57.0228
4155.874512	6.19223
4158.138672	10.9794
4163.799316	74.5851
4181.015625	77.9022
4182.648438	3.38678
4183.397461	0.527525
4186.280273	247.739
4200.458984	811.906
4210.676270	22.4078
4218.809082	53.798
4225.409180	0.910407
4233.808105	609.246
4246.008301	58.1743
4248.218262	6.62312
4250.635742	109.373
4257.905273	4.52179
4267.388672	889.382
4283.410156	110.608
4288.099609	10.8949
4290.968750	10.4264
4292.764160	13.0725
4296.908203	2.22395
4299.780273	38.9725
4303.603027	9.29871
4314.565918	122.309
4318.250488	9.94627
4320.004883	6.20836
4322.107422	3.31015
4324.344727	28.9937
4332.014160	0.0871384
4334.183105	1.84176
4335.604492	3.80566
4336.719727	3.27329
4339.713379	10.8695
4341.619629	3.46437
4343.741699	12.4672
4362.565430	48.5086
4368.089355	21.9813
4370.710449	0.019372
4372.385254	8.1011
4376.634766	3.15211
4378.466309	1.52733
4380.665039	0.918318
4382.491211	0.172441
4385.595215	0.960802
4387.201660	4.51582
4391.388672	11.8659
4395.752441	9.21521
4399.460938	14.1773
4410.774902	10.4264
4415.791992	1.25901
4418.171387	4.68429
4423.820313	8.23702
4425.576172	0.102349
4426.675293	3.26758
4427.784180	8.74465
4430.244629	0.454541
4434.944824	1.62849
4438.847656	3.1371
4440.729492	3.71699
4443.008789	4.28591
4445.186523	3.27434
4448.067383	14.4104
4454.409668	1.70402
4458.729004	4.26412
4460.907227	2.17733
4463.482910	1.42136
4464.531250	0.221091
4466.730957	3.01305
4468.615723	5.75192
4470.499023	1.20555
4471.275391	0.897906
4473.166016	38.9697
4485.408691	144.2
4491.643555	19.8969
4496.930176	57.8772
4505.759766	25.2451
4511.513184	5.78455
4515.268066	85.2744
4524.159180	104.095
4526.442871	4.4445
4528.778320	5.26222
4532.174316	0.501238
4536.484375	10.1011
4541.216797	2.65034
4542.221191	0.200517
4543.403809	17.8162
4555.987793	108.889
4563.138184	22.0811
4572.407715	87.8824
4581.837402	265.937
4586.725586	22.1389
4590.914063	7.95213
4598.166504	325.505
4599.875977	38.4516
4603.512207	609.174
4614.398926	46.3994
4619.928711	31.3892
4631.836914	253.149
4633.924316	453.991
4645.645508	21.0068
4646.824219	0.537594
4648.521973	1.19736
4652.182129	31.807
4653.472168	7.80949
4656.195801	3.29346
4657.431641	0.984596
4658.371582	3.21753
4664.466309	413.106
4666.997559	13.0358
4670.314453	85.0891
4671.593262	63.697
4674.051270	376.744
4688.216309	25.6208
4699.459961	128.743
4701.846680	2.79051
4703.595215	47.0688
4711.851074	127.687
4714.801758	0.245907
4715.671387	0.0655868
4717.294434	37.5047
4724.964844	4.67223
4726.969727	3.59845
4730.403320	23.0239
4732.863770	8.7138
4735.017090	39.1247
4743.259277	23.4017
4747.709961	0.656685
4748.803711	0.136291
4749.773438	1.29242
4751.334473	1.47195
4752.843750	0.26129
4753.879395	0.191808
4755.754883	0.263901
4761.394043	11.4228
4763.500000	1.69755
4765.531250	8.37109
4771.229980	0.443178
4772.519531	0.92951
4774.007813	12.1957
4779.344238	42.246
4782.396973	2.82886
4784.189453	5.20781
4786.624512	21.6074
4798.626953	54.8291
4800.204102	10.1825
4803.849609	28.7508
4809.887695	40.4673
4814.803711	1.87663
4816.691895	1.04253
4819.903809	0.544062
4821.170898	0.982341
4824.010742	0.0746433
4825.897949	5.65088
4829.224609	4.62265
4830.861816	6.75518
4835.038086	1.6081
4837.232422	1.96482
4839.085938	1.52287
4843.696777	16.7168
4846.972168	4.29654
4848.762207	3.30778
4851.631836	0.901321
4853.003906	0.595941
4854.201660	0.158096
4855.876465	0.311382
4860.505859	2.25771
4862.425293	16.1886
4870.116211	11.3848
4872.654297	4.01283
4875.052246	6.58746
4876.744629	23.5409
4889.229492	13.1873
4891.717773	1.72543
4895.820313	0.223598
4896.843262	0.416913
4898.734375	0.404587
4899.734863	0.0811936
4900.860352	0.491259
4903.702148	2.7353
4906.118164	1.57305
4908.446777	0.831637
4910.436523	5.77614
4914.763672	1.4269
4917.969727	20.1589
4922.127930	9.42208
4923.380859	5.71091
4926.184570	23.8107
4936.011719	44.1052
4937.403809	1.72298
4940.234375	77.9045
4949.538086	0.821631
4951.031250	4.16002
4951.801758	0.317242
4953.674805	1.16968
4956.736816	31.7242
4961.879883	5.95357
4966.336426	3.29873
4971.058594	11.0626
4972.346191	2.4194
4973.693848	4.70748
4976.474121	17.1124
4985.913574	25.512
4988.871094	3.16845
4991.270996	39.2731
4993.202148	11.1063
4995.437012	17.8508
4999.020508	0.405801
5002.080078	5.21117
5005.042969	8.21114
5007.090820	2.2888
5009.762695	1.05912
5012.679199	17.7618
5017.953613	1.65348
5019.275391	4.65195
5022.027832	1.59813
5024.371582	1.90777
5026.135742	0.974897
5028.076172	1.47333
5030.210449	1.35647
5032.401367	3.18655
5035.072266	0.671053
5036.322754	1.26315
5042.256348	8.30911
5044.488281	7.4958
5046.612793	11.7354
5049.769531	24.9238
5051.125977	6.77081
5052.631348	10.5903
5053.923340	1.47724
5055.703613	99.945
5060.254395	1.22145
5061.615723	2.44081
5068.662598	688.373
5075.598633	171.491
5082.066406	0.779852
5083.913086	1.4389
5085.020508	4.89673
5087.071777	4.11088
5089.296875	25.1798
5098.675781	70.9286
5101.761719	112.621
5108.031738	51.2374
5109.318848	74.2398
5114.055176	1.90749
5115.369141	5.25281
5116.532715	25.4818
5121.063477	1.27555
5124.319824	62.1936
5135.311035	590.974
5138.135742	8.99733
5140.743652	774.138
5154.036621	83.7451
5157.993164	4.3947
5160.159180	5.51835
5162.193848	3.92789
5166.690430	9.63061
5168.900879	6.66835
5171.607422	4.73544
5178.374023	37.7748
5182.495605	1.89076
5184.581055	47.5019
5200.532227	55.9131
5203.195313	45.0244
5211.531250	11.4443
5213.036621	0.834821
5216.564941	53.6752
5225.776855	36.1903
5230.433594	1.52784
5231.724609	1.51409
5232.675293	3.77327
5236.753906	2.55248
5239.711914	1.46396
5242.563965	17.9903
5247.592285	9.82895
5248.952637	5.15578
5251.033203	9.19704
5253.162598	2.23023
5257.395020	15.283
5259.622559	6.00212
5265.518066	0.317335
5271.408691	27.8782
5280.832031	3.25072
5281.973633	0.100989
5283.562988	0.666879
5285.376953	3.03928
5286.520020	4.61923
5289.294922	0.240189
5292.031250	0.395888
5293.581055	1.11653
5295.285645	1.71476
5296.573730	1.56626
5298.694824	0.38281
5300.426758	0.0452912
5301.633301	0.250468
5303.647949	1.26131
5307.523926	2.75457
5310.374023	2.50687
5312.474121	1.91448
5313.462402	0.174863
5315.188477	1.77674
5316.670410	0.1452
5317.428711	1.53033
5319.436523	1.37026
5320.789063	0.550613
5324.965820	1.69782
5326.093262	0.198151
5327.986816	30.9115
5333.609863	0.151024
5338.162598	50.2959
5341.588379	8.89891
5344.019531	13.2288
5346.217285	34.442
5354.225586	27.559
5359.652832	18.0381
5364.911621	5.97845
5366.840332	3.50022
5368.501465	9.06902
5371.103027	2.44741
5372.785156	0.692086
5375.699707	9.48424
5380.090820	4.86305
5381.150879	1.39083
5382.101563	1.17031
5384.038086	0.586521
5385.380371	1.05795
5386.705078	1.47571
5389.181152	1.37863
5390.833496	1.34655
5393.661133	4.51209
5396.332031	50.3219
5404.739746	25.0791
5410.296875	31.6569
5416.221680	0.129959
5422.259277	45.3955
5424.148438	3.36321
5427.454590	86.5965
5435.382324	55.0367
5440.400391	68.2271
5455.086914	125.055
5458.944336	131.838
5467.984863	0.820747
5474.860840	325.243
5483.475098	20.2016
5489.836914	36.7603
5491.650879	0.761957
5494.898926	163.665
5507.365723	440.463
5522.966797	471.921
5537.994141	262.562
5540.437988	483.491
5552.209473	13.4988
5557.841797	80.3244
5565.969238	4.45685
5569.000977	9.09941
5571.142090	9.86955
5573.398926	2.33907
5574.901367	1.59938
5576.381836	3.76989
5578.985840	0.311326
5580.295898	0.241973
5583.192871	1.87839
5588.124023	5.23216
5590.071289	1.2537
5592.408691	0.45657
5596.880859	8.37304
5602.601563	12.8795
5603.809570	4.34479
5607.444824	44.4708
5617.540527	89.945
5626.449219	27.8919
5630.711914	4.73252
5633.093262	2.5176
5634.588379	0.115319
5638.352051	3.2485
5641.712891	0.45523
5642.963379	0.418977
5644.128418	0.212009
5645.950684	0.112974
5646.970215	0.0118342
5648.163574	0.886886
5649.880371	0.604589
5651.002441	0.198478
5652.701660	0.183942
5654.158691	0.443381
5655.503418	0.46151
5656.772461	0.61485
5657.568359	0.0557772
5659.737305	2.06411
5661.299316	0.952168
5662.570801	0.774121
5664.365234	0.730691
5665.592285	0.564282
5666.788086	0.206223
5667.868652	1.90597
5671.720215	22.0015
5676.629395	18.3798
5685.207520	27.9731
5689.997559	4.52996
5695.503418	31.6068
5701.882813	41.62
5707.085938	26.3498
5711.045410	1.97798
5712.650391	2.16515
5715.285645	0.788734
5717.624512	2.20187
5719.765137	0.779775
5720.827148	0.209114
5722.571777	0.5123
5724.063965	1.17875
5730.412598	2.80126
5732.598145	9.68574
5735.857422	7.63142
5737.388672	0.636989
5738.454590	1.41771
5740.092773	0.643456
5741.602051	0.25088
5743.445313	16.3109
5749.075684	17.6701
5754.436035	8.21814
5756.375488	2.46865
5757.929199	1.44505
5758.985352	5.46948
5762.027344	0.124895
5765.077637	9.51721
5768.255371	0.65442
5769.696777	2.73103
5772.111328	2.89831
5774.492188	5.01121
5777.253906	35.9515
5788.730469	40.9063
5790.531250	24.571
5799.153809	69.6201
5805.254883	9.45171
5811.182617	6.17861
5814.261230	12.8008
5816.774902	3.99978
5819.156738	4.33619
5822.349121	0.727481
5824.815430	9.15322
5831.446289	0.76949
5835.944824	7.78622
5838.195313	6.34227
5840.296387	4.18079
5842.439941	1.32138
5846.496582	19.0442
5853.264648	36.7715
5860.770508	14.6488
5865.242676	3.86364
5867.704102	2.02692
5869.938965	2.7846
5874.339355	3.38984
5876.946289	1.75008
5879.481445	1.48507
5881.631836	0.291926
5883.199219	1.10836
5884.950195	0.680919
5886.347168	3.02294
5895.679688	4.92662
5898.592773	1.26104
5900.080566	1.68388
5902.519043	8.34031
5907.546387	0.393936
5909.764160	1.92865
5914.700684	2.12198
5916.494629	4.30699
5919.308105	0.47897
5920.928711	3.28759
5923.717285	0.738155
5925.683594	2.85041
5932.258301	6.603
5937.203125	4.21112
5939.384766	1.25926
5942.205078	0.516985
5943.903809	0.138199
5945.270508	0.141277
5947.221191	2.0877
5958.959473	5.98032
5966.668945	4.66067
5968.533203	6.33481
5973.812988	13.0443
5978.958008	2.23923
5981.977539	0.379757
5983.949707	1.15005
5985.339844	0.522905
5987.735840	6.60883
5990.319336	4.87755
5992.770996	2.03366
5995.187500	0.261287
5997.306641	0.922109
6001.964355	2.24384
6003.738281	18.0345
6008.089355	13.4086
6010.005371	3.70835
6013.277832	3.48125
6015.099609	1.22732
6016.420898	0.351093
6018.138184	0.213864
6019.910645	0.85512
6022.440918	3.66171
6024.360840	1.0594
6025.639160	0.815884
6027.260254	3.1222
6030.596680	2.97322
6032.996094	0.942549
6035.605957	1.0391
6038.807617	1.74038
6040.743164	0.751895
6041.974609	0.0717725
6043.940430	0.45349
6046.352051	6.54145
6052.125000	5.07197
6057.689453	3.0313
6059.664551	0.850952
6061.212402	0.220646
6062.610352	0.275478
6064.348145	0.411835
6067.463867	12.7675
6087.561035	35.8055
6099.779785	25.4085
6108.930176	18.3443
6114.521973	9.68736
6122.086914	14.2163
6125.840820	7.27966
6128.351074	27.5976
6134.665527	34.3267
6138.144043	0.711163
6140.280273	5.81648
6141.481445	8.78342
6146.637207	47.2384
6161.944824	73.1895
6168.199219	11.1303
6169.854980	0.312144
6171.194336	2.09018
6172.776367	2.28246
6174.314941	0.407735
6177.746094	14.114
6182.580566	3.8215
6184.842773	0.870864
6187.082031	1.13934
6191.244141	2.03303
6194.484863	1.88243
6197.203125	6.96978
6198.054688	0.146119
6199.497559	13.9202
6205.694336	7.84705
6207.688477	5.68063
6208.495605	0.65918
6210.091309	24.4807
6215.449219	4.55792
6222.424805	21.5921
6226.650879	11.6135
6228.523926	5.65841
6231.420410	1.23701
6233.333496	0.961612
6236.084473	1.52111
6238.378906	3.45317
6241.507324	3.24294
6243.705078	2.11519
6246.451172	0.963164
6249.111816	0.603672
6250.774902	1.55387
6254.374023	0.992095
6255.958008	3.61623
6257.933594	14.9435
6263.708008	16.826
6266.677734	1.4623
6269.000000	1.71982
6272.233887	6.12891
6274.402832	2.42389
6277.485352	23.5206
6283.312012	51.7688
6288.873047	18.3294
6291.395996	9.48372
6294.681641	39.9575
6308.277832	154.218
6317.092285	17.071
6322.813477	3.96858
6324.436035	4.58813
6328.445801	7.70187
6330.750977	1.17963
6333.288574	1.57992
6335.621582	0.835104
6337.717773	1.0557
6339.438477	2.10807
6342.458984	4.61094
6345.969238	2.5116
6348.343262	6.12426
6354.041016	64.1013
6359.787598	16.2217
6361.481445	11.5723
6364.288574	0.508526
6365.986816	5.29192
6371.005859	2.34454
6373.624023	3.26996
6375.970703	1.17923
6378.964355	5.09226
6382.619141	1.42672
6388.527344	114.483
6398.541992	22.9048
6404.470703	187.475
6408.618164	31.5755
6416.452637	2.21288
6420.607422	6.7765
6430.461914	16.8663
6437.711426	6.56284
6441.145508	0.587843
6443.147949	0.28235
6446.299316	4.19103
6448.395508	0.648386
6451.293945	13.9156
6459.667480	19.7716
6465.418945	14.0722
6468.168457	3.90177
6470.066895	7.1211
6474.098145	11.7313
6475.644043	3.0202
6478.773438	4.1815
6482.804688	5.78097
6485.644531	17.4529
6495.559570	7.44671
6497.626953	11.1558
6499.346680	71.4899
6513.648438	261.283
6520.832520	18.9229
6523.438477	4.18273
6530.958984	289.808
6532.882813	124.708
6537.235352	9.6154
6539.464844	4.67247
6544.238281	24.7634
6550.049316	27.5737
6555.076660	6.37575
6556.918457	4.36785
6562.180176	8.26638
6564.214844	5.14035
6566.067871	4.68031
6567.268555	0.318663
6568.538086	1.74482
6570.911621	5.84057
6573.750977	23.0957
6580.685547	0.15719
6588.735840	48.7567
6593.649414	11.5387
6595.768066	7.00278
6598.872559	2.66916
6601.259277	7.48839
6603.987305	11.3885
6606.398926	12.9857
6608.863281	2.58504
6611.483887	2.95382
6613.365234	3.6651
6615.922852	2.54878
6618.755859	0.637998
6621.702148	24.0261
6634.568359	56.1878
6642.013184	7.17883
6644.385254	2.34246
6646.259277	0.243153
6647.464355	20.1492
6655.116699	17.6628
6656.993164	31.7365
6661.153320	21.2238
6663.339355	7.23928
6666.568848	12.8493
6668.596680	1.87535
6670.658691	58.6899
6679.289551	4.55859
6681.493164	5.2464
6684.227051	5.16963
6688.755859	50.9686
6696.036621	11.5073
6700.280762	2.68475
6703.085449	29.0267
6707.172852	15.0413
6709.005859	3.49028
6711.571289	2.61231
6713.198242	3.60232
6716.321289	5.82877
6719.697266	0.583412
6724.393066	36.352
6729.796387	5.63759
6731.193359	2.68986
6734.539551	1.17849
6735.545410	0.117328
6740.290527	32.0661
6743.001953	54.3388
6755.109375	10.7483
6757.752441	1.91614
6759.187500	0.950529
6761.347168	3.14281
6764.386719	2.09449
6766.327637	1.91376
6769.174805	6.26528
6770.847168	11.3546
6774.405762	35.7747
6784.126953	154.399
6787.714355	10.1311
6790.760742	41.0231
6805.258301	456.65
6817.475586	55.2654
6825.568359	62.0284
6829.519531	1.40584
6832.103027	20.5144
6834.368164	7.41545
6836.782715	1.17931
6840.602539	20.9126
6842.962402	12.932
6846.214844	45.243
6858.514648	289.993
6872.229980	186.484
6888.615723	257.255
6890.651367	3.21398
6892.359863	37.3738
6895.212402	27.9856
6906.531738	1385.08
6918.866211	7.12626
6922.174316	20.1398
6924.922852	3.99169
6933.004395	154.715
6938.023438	13.8444
6940.163574	29.5239
6948.035645	56.7474
6952.830566	159.601
6958.162598	592.81
6973.077637	226.169
6975.954102	50.0056
6977.731934	227.647
6987.234863	7.89444
6990.303223	6.44817
6993.171387	8.61963
6994.941406	9.63449
6998.510742	65.717
7003.541504	32.5354
7018.727539	103.823
7022.888184	57.8269
7024.295410	70.6781
7029.953125	27.9343
7035.851074	68.4228
7039.046875	1.53853
7040.458008	45.0029
7050.330078	199.7
7053.274414	35.4216
7057.617188	108.591
7068.415039	12.1383
7071.209961	13.733
7073.742188	12.4841
7080.209473	186.573
7084.741211	5.46318
7086.813965	35.4872
7099.058594	90.2645
7101.992676	135.123
7110.836914	23.8178
7115.813965	121.695
7119.141113	159.641
7125.273438	33.1985
7130.876465	18.5753
7132.583984	7.14884
7140.209473	62.7489
7146.631348	32.9377
7153.037109	5.13748
7167.446777	170.058
7170.906738	252.648
7187.992188	1630.05
7198.618164	172.606
7204.504883	705.265
7212.981934	56.9535
7217.089844	35.539
7222.472656	8.18553
7225.862793	145.204
7230.874512	55.8785
7240.154297	52.8756
7242.583984	1.31641
7245.261719	11.1534
7258.247070	331.195
7266.239746	93.5813
7267.533203	59.9099
7272.445313	380.222
7285.965820	5244.38
7302.669922	13855.1
7316.289551	13.3048
7324.701172	96.6189
7326.917480	18.6898
7330.034668	2.58464
7331.699219	3.5139
7335.301270	30.9952
7350.479980	642.109
7356.809570	2.35676
7364.391602	294.694
7373.332031	2.63406
7376.509766	12.3245
7379.555176	4.9363
7382.940430	22.7303
7386.023438	13.7284
7388.535156	8.06368
7395.195313	70.8968
7401.645020	41.0491
7404.408691	8.27963
7408.437988	13.5287
7410.815430	9.43786
7414.143555	56.0665
7431.161621	531.339
7438.419434	6.17296
7441.029297	81.4172
7449.161133	122.972
7453.650391	7.50848
7456.891602	50.4781
7460.946289	2.4065
7463.553711	2.7305
7467.000000	9.13256
7472.421387	35.9904
7481.933105	48.7213
7489.805176	7.7187
7491.738281	3.53402
7495.047363	2.15906
7496.276367	0.160698
7503.343262	7.29993
7506.306641	5.51328
7509.201172	5.38859
7512.521484	8.24117
7514.641113	3.10707
7518.718750	6.18234
7519.808594	5.53031
7522.197754	25.6552
7525.370117	15.5477
7528.582031	2.82215
7531.660645	63.2964
7536.335449	22.3569
7538.198242	9.94388
7541.107422	3.70996
7543.435547	7.20199
7546.548828	5.63522
7549.645508	8.05958
7551.790039	3.25446
7557.992676	217.417
7563.465820	1.38365
7567.394531	70.9146
7574.412109	27.8943
7578.811523	2.95354
7580.567383	17.7944
7588.187988	27.9046
7591.105957	10.0346
7596.524414	47.8952
7598.997559	9.57536
7601.827637	4.09663
7605.623535	24.6587
7612.243652	172.16
7622.817871	62.103
7629.583984	383.523
7636.440918	16.5046
7642.408691	42.5665
7644.235840	8.59879
7645.413574	3.75653
7647.219727	1.39537
7650.911621	215.38
7659.322754	24.9233
7662.024902	57.1059
7668.341797	8.45236
7674.003906	4.3295
7677.148438	3.91322
7680.819336	29.158
7682.696289	48.9108
7691.310547	68.4746
7694.548828	7.36021
7696.441406	5.53
7698.009277	2.16726
7701.652832	19.7585
7704.213379	5.44436
7706.066895	4.3335
7708.634766	4.6455
7710.154785	5.32772
7713.705078	4.67424
7715.166504	30.3505
7720.640137	43.7915
7725.615234	35.8831
7728.490234	21.9048
7731.265625	58.2332
7736.437500	0.704419
7745.149414	673.466
7755.579590	4.64336
7757.404297	0.819611
7758.719727	0.343095
7762.756348	24.827
7770.915527	13.7413
7773.063477	18.6565
7778.646973	43.1188
7781.198730	20.3292
7784.386230	5.5483
7786.943359	46.2801
7800.355469	200.153
7802.710938	216.582
7817.772461	441.425
7824.010742	55.2952
7831.543457	77.6914
7836.386719	87.8072
7842.564941	15.8263
7845.083496	33.8997
7852.438477	133.475
7862.778809	64.3831
7868.512207	2.01694
7871.423340	11.6125
7878.865234	181.918
7881.645508	1.53212
7885.045410	10.8947
7887.019531	16.9274
7895.382324	545.951
7897.904297	852.949
7912.855957	279.283
7918.653809	72.2696
7933.719238	149.668
7938.302734	28.4628
7940.229492	11.2191
7943.065430	0.565336
7944.551270	1.65937
7947.294922	40.9092
7952.313477	21.6176
7955.528809	34.4893
7957.147949	84.2437
7964.395508	27.179
7968.195801	176.75
7979.323242	129.531
7981.847656	10.2078
7984.936035	10.422
7987.690918	0.414052
7990.315430	7.15416
8000.646973	469.726
8012.116211	22.009
8019.667969	1105.68
8038.046875	425.101
8044.709473	2.11851
8046.531738	97.1908
8056.305176	4.76869
8059.988770	14.0166
8064.893066	60.339
8071.415039	7.61939
8073.227051	3.34533
8075.193848	7.64572
8076.592773	18.7425
8084.393066	65.996
8090.921875	131.438
8099.005859	304.505
8102.391602	547.681
8116.666016	2635.8
8119.414063	2437.9
8134.701172	10308.3
8155.463867	431.368
8177.325684	92.8633
8180.603516	122.007
8188.105957	47.4197
8195.626953	92.1926
8203.085938	165.226
8205.742188	17.4442
8208.796875	145.232
8220.490234	26.5421
8224.054688	1.06907
8226.391602	23.3601
8228.256836	11.9986
8232.174805	7.24773
8234.795898	46.9192
8237.790039	9.64467
8241.469727	109.689
8251.000977	85.3842
8253.461914	1.25962
8255.880859	126.737
8265.020508	39.4559
8267.000977	17.8761
8270.129883	110.923
8276.596680	109.388
8284.642578	98.7369
8289.170898	316.292
8299.575195	53.1163
8303.044922	14.2819
8305.916992	11.6038
8309.275391	9.08139
8312.485352	42.8668
8326.716797	88.4251
8329.353516	10.0403
8332.178711	12.0029
8334.963867	43.1568
8348.594727	142.458
8355.916016	46.3682
8357.570313	2.06443
8359.724609	3.76781
8363.060547	4.22821
8365.325195	2.47836
8368.023438	81.4771
8377.630859	1.38416
8384.675781	125.434
8391.698242	3.69423
8397.890625	48.3334
8403.114258	26.5968
8407.369141	9.88298
8410.378906	35.0885
8413.399414	7.84614
8415.966797	32.7899
8422.367188	1.46475
8423.814453	3.15321
8429.229492	77.5543
8439.036133	65.3966
8446.731445	30.8861
8449.762695	4.9511
8453.765625	29.556
8455.605469	4.5384
8457.301758	4.26757
8458.666016	3.54087
8460.925781	57.855
8472.769531	293.545
8488.136719	310.987
8490.591797	240.48
8501.683594	29.4274
8508.432617	12.1749
8510.918945	18.4756
8513.914063	5.91271
8517.005859	15.9834
8519.420898	8.52602
8522.445313	2.51925
8526.283203	1.74216
8528.407227	1.69135
8529.541992	1.01152
8532.453125	6.59053
8535.643555	8.17721
8541.185547	23.6949
8547.584961	65.335
8550.102539	56.8134
8559.990234	31.6016
8564.838867	237.761
8581.279297	614.409
8585.984375	43.6712
8589.429688	13.3894
8597.791016	934.852
8613.342773	29.5595
8622.892578	25.638
8629.382813	39.9877
8637.027344	38.1276
8640.427734	50.7788
8647.737305	24.7867
8650.240234	34.5401
8659.185547	392.049
8668.872070	18.1742
8676.422852	438.673
8680.674805	102.69
8686.558594	49.7141
8691.393555	0.401832
8693.072266	1.63595
8695.751953	27.2006
8703.180664	184.755
8709.613281	18.2064
8717.581055	101.196
8722.179688	3.52485
8724.162109	3.56766
8726.169922	6.08412
8727.871094	16.9248
8731.778320	5.93297
8735.768555	5.18419
8738.704102	7.07871
8741.618164	25.4018
8744.399414	7.47251
8748.358398	5.79478
8751.267578	2.74073
8753.445313	1.10426
8755.940430	6.70049
8758.595703	8.25974
8764.180664	1.86762
8771.891602	65.805
8773.981445	23.3101
8779.513672	5.75728
8783.575195	15.1979
8786.282227	1.9952
8790.124023	52.3254
8792.290039	65.7505
8799.000000	19.8018
8802.010742	63.0173
8805.116211	13.8188
8808.932617	4.19132
8811.042969	56.0712
8819.307617	435.437
8823.118164	148.063
8829.466797	15.7238
8836.338867	274.581
8845.397461	53.8814
8847.267578	24.8446
8853.727539	123.876
8858.794922	167.514
8870.112305	24.5736
8872.075195	8.92056
8875.757813	130.918
8888.185547	54.4925
8895.075195	8.90686
8899.431641	0.510094
8903.332031	5.60781
8907.263672	32.72
8917.311523	246.744
8919.668945	117.502
8932.992188	721.999
8934.876953	337.052
8952.342773	3462.79
8959.739258	207.351
8968.686523	3398.63
8976.710938	6642.57
8990.636719	184.38
9001.226563	5.09573
9005.729492	64.4457
9021.847656	228.605
9029.879883	169.765
9035.739258	77.0643
9038.258789	1.84936
9049.308594	262.116
9052.586914	19.2887
9055.742188	13.8667
9059.391602	25.225
9062.633789	38.8735
9067.224609	254.774
9073.660156	58.0539
9080.256836	36.9552
9085.169922	559.98
9101.704102	47.5231
9109.404297	202.682
9118.451172	93.0386
9124.813477	24.6618
9139.264648	18.0456
9142.370117	16.0884
9151.111328	49.2157
9155.670898	0.598137
9161.044922	83.1993
9166.607422	1.96305
9169.940430	25.989
9172.362305	18.6847
9175.172852	13.0079
9177.797852	9.03574
9190.083008	128.822
9192.377930	75.774
9202.866211	180.538
9209.854492	11.2123
9213.230469	91.5284
9222.630859	47.6271
9228.997070	46.7298
9235.838867	88.7203
9243.783203	59.8306
9250.190430	4.47802
9253.067383	9.66619
9256.742188	3.70236
9259.746094	3.13897
9262.336914	1.35369
9266.083984	4.17944
9269.098633	2.91551
9272.390625	3.31248
9275.562500	0.621183
9277.373047	3.16931
9278.784180	0.089266
9280.525391	1.8263
9283.279297	0.786989
9286.008789	3.72359
9290.339844	8.1001
9293.516602	3.16697
9296.495117	2.05861
9298.888672	3.11846
9301.660156	1.56313
9303.835938	1.45729
9307.895508	5.69698
9310.556641	6.66623
9313.988281	12.1473
9316.747070	2.81357
9319.709961	1.78453
9323.334961	1.5371
9325.568359	0.267118
9327.944336	4.32074
9333.913086	0.924395
9338.104492	2.8888
9340.272461	3.87828
9344.280273	37.5504
9349.890625	1.62262
9352.942383	4.97692
9356.288086	8.68347
9358.616211	5.20417
9360.107422	1.87053
9362.369141	42.5926
9370.479492	5.43863
9373.768555	13.0564
9377.095703	3.55392
9379.909180	4.53756
9382.989258	2.24532
9386.291992	23.5868
9394.422852	15.9188
9403.481445	95.1874
9413.073242	27.8902
9426.235352	33.8923
9434.945313	21.8954
9440.266602	12.4673
9442.276367	9.80266
9446.363281	0.285164
9450.611328	33.6682
9458.741211	17.8735
9460.899414	13.3978
9467.685547	24.6908
9473.027344	0.924976
9476.028320	0.685665
9478.919922	0.47866
9485.632813	4.46523
9487.691406	0.701104
9491.072266	1.5366
9494.522461	0.545338
9496.262695	2.19872
9499.056641	1.91714
9502.252930	1.48194
9504.618164	0.669362
9508.466797	2.60197
9511.473633	1.64762
9514.505859	1.1327
9518.808594	3.41055
9521.605469	4.72522
9525.653320	4.63749
9528.092773	0.980721
9530.791016	34.3419
9539.394531	49.715
9547.679688	32.9524
9550.496094	0.564948
9553.970703	6.56352
9564.175781	2.97713
9566.051758	0.0884885
9567.776367	2.8347
9571.489258	4.90651
9574.317383	19.3068
9580.524414	2.78361
9587.651367	15.9808
9596.925781	13.2308
9601.891602	24.4351
9609.082031	34.8057
9617.435547	41.8579
9625.333984	16.6084
9630.451172	3.13679
9633.680664	8.93771
9637.941406	3.30996
9641.400391	0.818377
9643.913086	1.34814
9645.897461	1.10247
9647.110352	0.37
9649.112305	5.75478
9655.003906	1.46365
9658.354492	4.231
9661.620117	1.53339
9664.590820	2.48552
9668.530273	5.98017
9682.588867	14.2903
9702.198242	25.3322
9704.759766	13.3691
9713.220703	58.6213
9719.355469	48.7597
9725.657227	125.933
9730.733398	310.945
9742.970703	11.0927
9762.472656	110.992
9768.916016	0.230007
9771.647461	4.66493
9777.147461	0.285616
9782.405273	9.88925
9785.329102	4.3845
9788.171875	3.33012
9791.102539	1.11422
9798.990234	31.2579
9805.346680	0.100016
9806.972656	12.3881
9813.523438	0.110657
9817.369141	1.46549
9820.666016	0.624907
9823.550781	0.717585
9826.682617	0.203952
9848.867188	4.08093
9865.158203	5.14851
9883.894531	1.16354
9886.047852	0.639466
9887.385742	0.151019
9890.088867	2.09502
9894.498047	1.14565
9897.595703	0.149651
9905.632813	36.7967
9920.908203	8.91433
9928.606445	11.4037
9938.573242	52.5926
9944.283203	13.99
9946.567383	7.51676
9950.606445	2.19748
9953.074219	0.506767
9957.323242	2.23295
9961.751953	2.24122
9964.926758	0.745583
9968.966797	22.6834
9977.566406	6.17612
9981.596680	1.35092
9984.906250	1.09692
9988.727539	0.720932
9991.413086	2.01041
9994.173828	1.53831
9996.269531	0.503679
9997.939453	0.589511
10000.858398	2.27312
10003.711914	1.31952
10005.742188	0.412181
10007.851563	0.115928
10009.512695	0.196436
10012.226563	0.318973
10014.616211	0.189742
10016.118164	0.0198279
10018.404297	0.0643091
10022.589844	1.37877
10034.905273	8.37793
10045.054688	7.46195
10051.885742	3.75154
10055.200195	0.713617
10058.409180	0.668704
10065.678711	18.5442
10103.884766	0.290296
10105.977539	3.754
10110.647461	4.40094
10113.958008	3.10449
10117.214844	1.96631
10120.983398	0.419707
10131.682617	0.800621
10133.629883	29.0446
10147.303711	31.0817
10153.474609	9.39374
10163.777344	14.1324
10170.903320	1.96034
10174.624023	4.4333
10177.580078	1.02277
10181.224609	2.70105
10185.165039	2.66519
10188.411133	1.45074
10190.325195	0.36543
10192.268555	18.1008
10197.605469	19.5772
10199.664063	0.0793481
10201.005859	0.00058537
10209.418945	1.35854
10211.991211	1.81986
10215.257813	0.916621
10221.422852	4.57536
10223.515625	0.136281
10227.875000	1.91472
10230.734375	1.54149
10234.481445	11.1034
10241.074219	0.00133584
10244.527344	5.90123
10255.171875	44.5524
10257.669922	21.7217
10265.353516	0.00126302
10273.727539	0.0170211
10279.434570	11.4413
10283.518555	2.81559
10284.570313	1.08879e-007
