TITLE "<<220623_YS_CKF_H5_PM_9641_RM13956_ThermoSIN_MSMS1kVPos_Sen_MetON_AlkTrx_XCal_TIS_70_60Da_10K_7000hv>> 4700 MS/MS Precursor 9641 Spec #1=>AdvBC(32,0.5,0.0)=>NR(2.00)=>SM31=>CT[BP = 2689.6, 3294]" CENTROID
TYPE MASSSPEC
9.972331	3.56556e-007
10.005916	3.84178
10.075438	3.46992e-007
10.119789	9.91407e-008
10.149411	1.98281e-007
10.181550	1.23926e-007
10.201353	7.43555e-008
10.248463	3.96563e-007
10.308125	1.98281e-007
10.347996	1.98281e-007
10.387944	1.98281e-007
10.430473	2.23067e-007
10.475599	2.23067e-007
10.513278	1.48711e-007
10.556064	2.72637e-007
10.596411	1.23926e-007
10.634307	2.47852e-007
10.679872	1.98281e-007
10.710301	9.91407e-008
10.740776	1.98281e-007
10.781475	1.98281e-007
10.822251	1.98281e-007
10.850329	7.43555e-008
10.891235	3.22207e-007
10.950173	2.47852e-007
10.996409	1.98281e-007
11.037590	1.98281e-007
11.078848	1.98281e-007
11.122768	2.23067e-007
11.159004	1.23926e-007
11.192704	1.98281e-007
11.231651	1.73496e-007
11.257654	7.43555e-008
11.286292	1.98281e-007
11.328012	1.98281e-007
11.369809	1.98281e-007
11.409064	1.73496e-007
11.445763	1.73496e-007
11.472013	7.43555e-008
11.490405	9.91407e-008
11.511443	9.91407e-008
11.556213	3.22207e-007
11.616922	2.47852e-007
11.664546	1.98281e-007
11.706960	1.98281e-007
11.749450	1.98281e-007
11.794681	2.23067e-007
11.831994	1.23926e-007
11.866695	1.98281e-007
11.906799	1.73496e-007
11.933573	7.43555e-008
11.963058	1.98281e-007
12.006011	1.98281e-007
12.049041	1.98281e-007
12.092148	1.98281e-007
12.135331	1.98281e-007
12.178593	1.98281e-007
12.221931	1.98281e-007
12.265346	1.98281e-007
12.308838	1.98281e-007
12.352407	1.98281e-007
12.396053	1.98281e-007
12.439776	1.98281e-007
12.483577	1.98281e-007
12.527454	1.98281e-007
12.571409	1.98281e-007
12.615440	1.98281e-007
12.659549	1.98281e-007
12.775161	0.0039712
13.155887	0.199968
13.574044	0.625477
13.860195	0.485769
14.118690	0.0557516
14.301778	0.0056339
14.435657	0.000103316
14.486822	2.15489e-006
14.565821	2.75077e-006
14.649013	2.98442e-007
14.715282	2.72274e-007
14.768873	1.73512e-007
14.810631	1.73496e-007
14.846469	1.23926e-007
14.870385	7.43555e-008
14.888334	7.43555e-008
14.909289	9.91407e-008
14.978246	4.70918e-007
15.059397	1.98281e-007
15.107591	1.98281e-007
15.158880	2.23067e-007
15.201184	1.23926e-007
15.234465	1.48711e-007
15.295068	3.46992e-007
15.395327	4.70918e-007
15.462348	7.43555e-008
16.102428	4.99313
18.132137	0.0573304
18.341038	0.149106
18.459227	0.246208
18.608749	0.210649
18.747190	0.159674
18.880644	0.0457036
18.948874	0.0207724
19.052744	0.0260861
19.129688	0.0166355
19.494967	2.46925
20.296188	2.53599
20.629251	2.17135
20.860781	0.296294
20.993902	0.0946626
21.172935	0.153564
21.494373	0.277959
21.959000	0.000232318
22.053907	0.00563733
22.124924	0.0534344
22.181650	0.0468978
22.226185	0.0235747
22.262899	0.000220716
22.314888	0.00817311
22.414148	0.0740764
22.525230	1.80041
22.965296	22.3036
23.345560	34.1061
23.641973	3.86673
23.939390	1.23
24.385435	4.61332
25.410849	5.05936
28.103733	9.36886
29.146051	8.11918
30.383169	19.8772
31.121904	0.310589
31.524553	5.43875
32.016228	7.76522
32.587109	2.71833
33.426319	1.90001
33.891434	0.158683
34.173164	0.177586
34.262688	0.4366
34.384201	0.549448
34.518005	0.0255038
34.609695	0.105867
34.759422	0.0936806
34.867088	0.00169055
35.580044	6.03818
37.493305	0.161655
37.742851	0.251481
37.839108	0.419205
37.968571	0.497226
38.099270	0.0276756
38.203114	0.128612
38.337658	1.46674
38.975300	3.33778
39.348110	2.75929
39.526592	0.420513
39.652245	0.10169
39.828487	0.107498
40.054295	0.305197
40.216038	0.639611
41.181229	0.999301
41.496143	0.236798
41.646938	0.129221
41.905048	0.0417142
42.183216	0.24462
42.340965	0.304733
42.462345	0.233039
42.573074	0.0943527
42.714581	0.0896107
42.823868	0.0808612
43.514931	0.995771
44.086250	7.10261
44.469658	8.2282
44.921593	7.71707
45.307617	7.59902
46.776539	0.00881029
46.841125	0.00276148
46.891460	0.000138973
47.071487	0.0103615
48.853157	3.35973
49.184799	0.201646
49.284191	0.246185
49.440346	0.294846
49.681927	0.19466
49.825314	0.149019
49.943054	0.0324941
50.095238	0.360361
50.254509	0.246074
50.356590	0.090613
50.514889	0.179365
50.690609	0.589344
50.953735	2.15284
51.510502	1.38453
51.640793	0.150141
51.741737	0.166609
51.940136	1.43102
52.532654	5.61739
52.815178	2.00955
53.089840	0.567807
53.468388	13.5599
54.947712	11.2166
55.533298	12.1235
56.015053	15.4407
56.553471	17.5531
56.974277	1.06746
57.113503	3.44038
57.435471	2.41609
57.704422	0.385467
58.067635	1.57925
59.528980	14.6688
59.775024	0.322091
60.096165	0.744329
60.506413	1.55978
60.680298	1.06846
60.953243	1.85453
61.110241	0.177396
62.035450	8.66784
62.228409	0.182075
62.452286	0.353501
63.422211	32.7012
63.709198	83.5579
63.859669	42.744
64.074570	37.4752
64.324669	53.2633
64.512634	4.66854
64.659866	28.6781
64.822784	2.68613
64.940613	35.6857
65.102142	7.56085
65.304832	11.6643
65.525917	42.8149
65.829536	5.20334
66.127769	53.6154
66.594109	1.38199
66.712433	4.26324
67.012802	24.0453
67.301445	8.74281
67.515556	5.966
67.688889	22.9506
68.118073	5.45525
68.294411	19.049
68.719727	3.37051
68.905289	27.8486
69.604927	54.6281
70.622498	165.198
71.180061	33.3906
71.806557	44.9841
72.362122	6.75214
72.851295	2.6065
73.500008	7.39824
74.134346	5.26391
74.792885	6.14903
75.773346	4.58861
76.453430	5.98332
77.157890	2.86126
77.582153	0.741252
77.811684	0.827646
78.052948	1.00021
78.352852	0.191653
78.517670	0.383568
79.524384	2.89662
79.667480	0.451469
80.021584	19.6162
81.337532	19.3702
81.734634	15.3003
82.424324	2.59746
82.702423	2.59327
82.829803	1.07301
82.991028	16.9798
84.049461	13.247
84.739296	73.0603
85.078827	0.142317
85.227036	16.5784
85.877098	10.4398
86.801086	76.7975
88.175491	6.67788
89.103813	6.02316
89.622971	11.1669
90.980873	5.27805
92.890862	0.171819
93.081848	1.47472
93.643539	0.193988
93.773598	0.355512
94.163620	0.3091
94.880722	0.886826
95.064735	0.0519626
95.490677	4.13169
95.699051	0.00803323
95.922478	6.18206
96.912651	6.90251
97.109520	9.37273
97.873650	17.5219
98.241508	4.93362
98.597168	58.6455
99.373840	55.4509
100.217636	5.51869
100.474434	5.22546
101.178589	37.2034
101.590912	27.704
102.639214	8.57798
102.926460	0.870749
103.247154	2.07303
103.841866	5.28305
104.801453	9.18801
105.668419	0.536126
106.069427	3.33745
107.150795	0.734899
107.973503	0.503752
108.339233	0.694812
108.542221	0.275579
109.646210	4.04883
109.903069	0.430849
110.210068	3.62169
110.500534	0.286292
110.945946	4.0478
111.238121	0.0643904
111.470772	0.239265
111.634583	1.05598
112.114212	0.784994
112.575462	0.297
112.921066	0.354443
113.255043	3.04313
114.224121	3.60934
115.041122	2.04728
115.222900	0.175515
115.432571	0.0349899
115.877937	1.0351
116.459953	0.537474
116.594337	1.09281
116.874367	1.50476
117.101974	0.160738
117.239983	0.858859
117.630737	0.795757
117.924980	2.02811
118.717949	2.09502
119.238319	14.4532
120.281174	4.47873
121.288620	6.17042
121.840042	21.6701
122.603607	9.07647
123.442368	2.93597
123.686432	1.19537
124.252991	0.0065622
124.589058	1.09053
125.271660	0.42541
125.601685	0.17476
126.059669	0.253947
126.254356	0.0496043
126.574257	0.157922
126.768158	0.317713
127.022995	0.573895
127.286362	0.267466
127.427742	0.925321
127.732491	2.1728
128.080490	0.786419
128.465454	0.564753
129.141663	0.741941
129.946228	2.79857
130.234787	0.39882
130.702667	0.811481
131.045563	1.3349
131.414322	0.29736
131.945541	8.34491
132.735489	14.354
133.380142	2.3176
134.091949	12.3963
134.938278	4.61799
135.283478	1.02264
135.785172	2.36964
135.963730	8.14539
136.554764	5.61899
136.850418	1.23053
137.213898	3.09781
138.814941	0.0988999
139.126526	0.184642
139.337692	0.10491
139.541489	0.152241
139.822342	0.0325991
139.966232	0.0198488
140.661270	1.21148
141.240051	0.113963
141.377014	0.0220496
141.646454	0.733257
142.032822	0.357485
142.360855	0.495065
142.589752	0.680058
143.064484	0.127043
143.218918	0.0119686
143.446594	0.342792
143.757355	2.11246
144.060577	6.72864
145.337845	14.7174
145.811127	0.746241
146.064453	1.57221
146.266342	9.51585
147.430771	19.7163
148.502930	6.30755
148.864212	3.67011
149.270538	1.13014
149.697388	1.42942
150.221863	1.55367
150.537613	1.82483
150.961395	0.45551
151.187958	0.923437
151.840714	2.51887
152.133759	3.4681
152.612061	0.412146
152.806870	0.30716
153.024490	1.1374
153.486313	0.102034
153.961884	6.73209
156.063477	2.19757
158.402039	8.07822
158.897659	2.01518
159.331207	1.7337
159.644226	0.515633
159.866333	1.30054
160.216812	6.18621
160.891556	5.43272
162.381424	8.23874
162.734467	0.257885
162.940826	0.0070911
163.244293	0.180173
163.465530	0.0764487
163.873428	40.3577
167.384415	2.20504
168.405640	10.6615
169.360931	31.7961
170.042862	13.454
170.610764	1.22806
170.974808	13.4019
172.678589	3.72241
173.440018	10.9555
173.748581	0.520782
174.042130	10.0685
175.878799	5.20179
176.459290	5.29571
176.763092	2.8197
177.181519	0.386669
177.600952	0.10765
177.806259	0.0361826
178.005615	0.0589555
178.344559	0.0221091
178.748260	0.840627
179.904938	0.0127685
181.276184	1.5921
182.383484	1.20774
183.619629	4.07985
184.543716	2.09397
184.827225	1.30331
185.241409	0.508156
185.392273	0.0864806
185.545944	0.0743212
185.688858	0.351745
185.954147	0.0297992
186.119888	0.00260697
186.444916	0.883006
186.857971	0.629184
187.255127	0.60553
187.781509	0.438107
188.100937	0.436247
188.290680	1.14982
189.313141	0.662534
190.760361	1.26313
193.832718	0.153837
195.352081	1.05016
196.346252	1.60551
196.801407	0.258847
197.066055	0.585815
197.362167	0.0321093
197.610138	0.0564254
198.012634	2.33111
199.506577	1.01285
200.566483	2.25976
200.947830	1.35652
201.377975	1.37847
201.686203	0.548588
201.884293	0.0498253
202.263885	7.84858
203.737762	12.698
204.075439	1.20751
204.614334	0.744315
205.833282	3.34733
206.953247	1.02087
207.479477	0.414434
207.852463	0.273788
208.364105	0.279141
208.584671	0.252005
208.879623	4.76906
210.035477	7.43567
210.921204	2.63603
211.085358	0.00749129
211.245377	0.166906
211.849030	0.138621
212.089188	0.138856
212.479370	0.29798
212.735046	0.184646
212.985687	0.0872277
213.319382	0.0678516
213.574860	0.145804
213.894211	0.147561
214.148270	0.0249072
214.471970	0.0562504
214.718842	0.0620429
214.926346	0.0861325
215.140457	0.201335
215.514359	0.0588512
215.728699	0.0515692
216.008530	0.0611288
216.594086	0.536561
218.167435	2.30973
218.935394	0.181322
219.185654	0.471108
219.339218	0.278911
219.746887	0.0850426
219.983292	0.0534864
220.468246	0.455049
220.890717	0.185348
221.111908	0.0313572
221.375641	0.116878
221.674377	0.0882374
221.917908	0.0472317
222.631851	4.11687
223.690628	1.67077
224.005219	0.432935
224.678314	0.366418
225.768661	0.06378
226.083420	0.0418374
226.828949	0.541109
227.184464	0.0278259
227.565872	2.00261
228.062500	0.817463
228.531357	0.801684
228.980515	0.206518
229.278641	0.0836388
230.361908	0.769912
232.259109	0.585424
232.870010	0.10858
233.261795	0.21425
233.547913	0.585026
234.184113	0.0196527
234.548752	0.16829
234.818481	0.0789218
235.144241	0.686147
235.556503	1.62361
235.812088	0.0219702
236.027435	0.481619
236.381790	0.149604
237.179138	3.06968
237.688049	3.68282
238.356506	2.6434
238.776016	0.361491
239.238556	0.338673
239.614960	6.03908
240.337936	4.80209
240.636734	0.0498833
240.830795	0.689815
241.234772	0.554721
241.736633	0.0106849
242.533371	2.74614
242.946411	1.44269
244.364471	0.886392
245.606857	0.587247
246.795654	0.0185755
246.994019	0.0201046
247.180695	0.0133014
247.666229	0.00551504
250.788467	8.74111
252.914536	1.32111
253.407288	0.658357
253.944565	1.77308
254.409714	0.364571
254.813293	0.287184
255.011917	0.17342
255.895065	21.2648
260.028412	4.03144
261.133423	16.0233
262.052856	22.3162
263.218079	3.6754
264.153107	1.19754
265.219696	6.14508
266.114929	0.584883
266.759766	0.538028
267.489868	10.5489
268.161957	7.27202
269.912048	5.96197
270.978882	10.7311
271.379395	12.2104
272.524872	18.5156
273.857819	7.91687
274.757874	3.1687
278.544342	1.74085
278.897003	0.778153
279.571228	5.72548
280.168213	11.4977
281.014557	0.0240021
281.235291	0.320817
282.312195	1.95341
284.841919	7.70996
286.541168	4.0869
287.295563	0.428642
287.796570	0.469884
288.272064	0.471487
288.728119	0.117232
289.092041	0.65024
289.516785	0.461042
290.141541	0.152106
290.513641	0.246736
293.008850	1.1267
296.186066	0.339267
297.962433	7.54067
299.747437	4.75118
300.488068	21.3342
301.620697	4.92675
302.706604	1.28116
303.781342	0.306159
304.371643	0.825926
304.790009	0.361717
305.283447	0.267728
305.592896	0.154249
305.867889	0.0763994
306.298431	0.0728242
306.547577	0.0245292
307.153015	0.0630556
307.371399	0.127453
307.789154	0.0973963
308.136810	0.077943
308.533508	0.01738
308.717560	0.0190951
309.255707	0.0562185
309.796936	0.0210454
312.692291	0.332558
313.643188	0.505147
314.290894	0.0531993
314.560211	0.343665
314.889679	1.14822
315.254303	0.994565
315.609039	0.0752645
315.952515	0.282461
316.451752	0.428664
317.040771	0.0540275
317.424530	0.0360809
317.697083	0.0328428
318.086395	0.0138791
318.441559	0.0120646
318.699005	0.00890728
320.085754	0.324665
320.488434	0.0199192
320.751251	0.66772
321.078156	0.583866
321.347260	0.155202
321.532684	0.0781369
321.846619	0.051853
322.058777	0.0686048
322.319275	0.0284646
322.611694	0.0905992
323.211975	1.93961
324.465942	0.0289001
325.200226	1.30095
325.475952	1.01588
326.619873	3.59713
327.860413	0.10108
330.103333	1.64944
331.290253	0.0975314
331.617218	0.0559397
331.936951	0.100683
332.421661	0.159273
332.750488	0.104712
333.080414	0.0419027
333.411346	0.089969
333.738800	0.0281677
334.730957	0.0955794
335.389008	0.0887955
335.713135	0.0535867
336.029388	0.0236641
336.453125	0.0223496
336.753265	0.0764137
337.491425	0.0305288
337.868500	0.505788
338.316162	0.453994
338.641388	0.381253
339.046356	0.311766
339.360107	0.115661
339.783234	0.3003
340.146759	0.146437
340.388214	0.0828396
340.835144	0.0354403
341.570770	1.9987
343.000519	3.92169
344.339294	1.28272
345.443085	0.739242
346.146027	3.71665
347.503113	1.70466
348.548248	0.323321
349.227631	0.577258
349.551025	0.320923
349.854187	0.0871727
350.334564	0.0725272
350.591064	0.0564439
351.475250	1.61766
354.633972	2.12679
355.015137	0.541159
355.469971	4.57244
357.042328	5.9693
358.411774	1.39084
362.308411	3.17517
364.296844	0.136141
364.620392	0.0849271
364.981293	0.0364462
365.405579	0.0534559
365.866486	0.111059
366.068634	0.0894501
366.490967	0.0622546
366.898956	0.00720795
367.137970	0.0689037
367.380981	0.0395379
367.958893	2.5235
369.050385	0.24019
369.423828	1.7302
369.849701	2.90255
370.463226	0.309157
371.279022	0.884286
372.239136	0.9874
372.596283	0.132296
372.878601	0.296494
373.397186	0.297254
373.725525	0.555627
374.125610	0.0270569
374.516693	0.0842172
375.701904	1.84274
377.454865	6.74681
379.038116	6.80714
380.510010	0.824364
381.066040	0.151142
382.888580	0.0871767
384.422577	0.00213074
385.093262	1.56366e-005
385.946899	0.00334256
387.314636	0.0911679
388.395050	0.0773536
388.707214	0.0695064
389.106384	0.189728
389.576355	0.0136286
389.782104	0.0215668
390.337769	0.0159826
390.809570	0.00167475
392.723633	2.90155
398.790344	0.866195
399.630280	0.0856661
400.062378	0.0703658
400.389526	0.0402069
400.834473	0.0337554
401.182007	0.02915
403.733826	0.272801
408.703033	0.0390985
411.856506	0.0021521
412.033173	0.0283304
412.404327	0.061438
412.861481	0.0659263
413.389679	0.0222409
414.225739	0.245984
414.569733	0.630961
415.546631	0.107538
415.952728	0.376824
416.204987	0.983376
417.410126	1.33399
418.507202	0.531906
419.031555	0.403793
419.368896	0.0654651
419.768616	0.161371
420.234833	0.123777
420.661774	0.402933
426.132935	3.81527
428.400482	0.0670205
430.150238	4.11098
431.538361	3.15237
433.586731	16.7713
434.434448	0.0106125
435.217560	0.970233
436.325653	1.81561
439.297791	3.4678
443.401611	3.88796
446.005310	0.0427114
446.491180	0.0361363
446.801086	0.0232083
447.306274	0.0164432
447.661835	0.0173164
448.685455	0.221914
449.196014	0.139075
449.540833	0.0116293
450.024567	0.0846377
450.439392	0.018463
450.722046	0.00745589
451.957031	0.159404
452.851288	0.220363
453.871948	0.840574
454.602692	0.810245
455.026764	0.274559
455.385590	0.179005
455.915924	0.225646
456.257355	0.0797171
456.529602	0.00909492
456.983429	0.134078
457.378265	0.774446
457.819885	0.731405
458.254028	0.0882965
458.676758	0.238969
459.414948	0.951902
462.255981	0.609787
462.964417	2.11997
463.872162	2.3881
464.566589	0.547932
465.312225	0.767044
465.832672	0.076204
466.230103	0.0271444
466.706940	0.0224998
467.053772	0.0126137
467.261353	0.000469478
467.479797	7.34256e-006
468.033752	6.84948e-006
468.500641	1.8154e-006
468.889771	2.83039e-007
469.193634	1.80779e-007
469.413300	1.54908e-007
469.616058	1.54907e-007
469.768158	7.74537e-008
471.002777	1.80725e-006
472.809906	0.0101391
474.598114	0.0706611
475.207123	0.131478
475.573883	0.0811686
475.924286	0.062035
476.461670	0.0328618
477.447784	0.651258
478.503174	0.0549025
478.768036	0.154305
479.127899	0.154144
479.698242	0.0354409
480.013153	0.0514663
480.355988	0.0233708
480.591095	0.00723583
481.742920	0.00563976
482.522522	0.000103297
482.823639	1.57503e-006
483.277985	1.99052e-006
483.607910	0.000261786
483.938324	0.00723617
484.238586	0.00471046
484.567932	0.000616936
484.722534	0.000793536
485.174561	0.00287062
485.391846	0.00147464
485.704651	1.61634e-005
485.842163	4.05126e-006
485.979706	1.26713e-007
486.186035	1.03272e-007
486.323608	1.03272e-007
486.810883	0.00223634
487.725555	0.025574
488.349854	0.0577171
488.721558	0.035995
489.131927	0.0286421
489.585663	0.0160047
490.160706	0.251217
491.004089	0.0999342
491.600159	0.127697
492.332031	0.470595
493.228668	0.412641
493.865692	0.147154
494.935608	2.27421
497.458618	1.33314
498.086334	0.452979
498.902008	4.39683
501.479645	2.71798
502.641083	0.00714172
504.450043	0.276337
505.035248	0.195526
505.416473	0.116668
505.828583	0.0323132
506.355743	0.0321788
507.029297	0.733831
509.264587	0.104408
510.218170	0.137259
510.634491	0.222539
511.080017	0.449001
511.379211	0.198765
511.928009	0.101009
512.362366	0.0291302
513.522888	0.475803
515.448792	0.0276125
515.770996	0.02412
515.964172	0.00134568
516.733521	0.0180268
516.975769	0.0155663
519.070068	5.08387
523.089905	0.09001
523.805908	0.190445
524.291748	0.584261
524.697937	0.599302
525.022278	0.166368
525.597839	0.225715
525.965515	0.0890285
526.188049	0.0103681
527.336975	0.15775
530.449341	2.4504
532.387451	0.0642208
532.895813	0.227554
533.315247	0.241968
533.861389	3.68057
534.932739	0.490393
535.737305	8.76129
537.073669	0.780586
537.588806	0.0254948
538.836853	1.83618
540.382385	0.282965
540.654968	0.0215238
541.220093	0.167332
541.615356	0.0278224
542.311279	0.172435
542.659424	1.39551
543.157776	1.98115
543.702271	0.0502223
544.062439	0.381198
544.644897	0.394573
545.126404	0.014893
545.642700	0.00328474
546.233154	0.0460299
546.752869	0.0345897
547.142578	0.0236879
547.624512	0.0247399
548.031860	0.0422456
549.509094	0.181973
550.509521	1.27528
551.419983	0.644627
551.783875	0.0916061
552.259155	0.294972
552.794189	0.146777
553.651978	1.31488
560.567383	0.0502344
561.212280	0.121405
561.617798	0.0712898
562.024170	0.0273327
562.600464	0.0199238
562.922241	0.00637605
566.215027	1.83993
567.682495	0.478863
568.157715	1.25929
568.734741	0.0402549
569.089661	0.0947527
569.912720	6.01014
571.735779	5.39814
573.348206	1.35704
574.442932	1.35223
581.373718	0.871231
581.946106	0.0164551
582.720581	0.00842454
583.002380	0.00436482
583.706543	0.490527
593.741150	1.56432
597.239807	0.185701
598.346680	0.728207
599.229553	0.244245
599.992371	0.585645
600.888550	0.11416
601.393066	0.0607089
601.766907	0.0611297
602.293701	0.0283842
602.746643	0.00558432
602.961914	0.00269895
603.860413	0.00406497
605.826294	2.11114
614.367432	6.10964
619.313354	0.0331141
619.587524	0.0292543
619.781677	0.000290983
619.959900	8.49641e-006
620.292053	0.00666942
620.671265	0.00541478
620.890686	0.000726707
625.012695	1.95664
645.885742	1.70374
651.536865	0.203239
652.480896	0.105152
652.953430	0.284337
653.550476	0.118187
653.798340	0.182973
654.106628	0.171553
654.581604	0.0506884
654.942871	0.00326526
655.212830	0.0202422
655.465393	0.0367094
656.020874	0.67876
663.008850	2.09773
668.401794	0.531177
671.926514	0.0743793
673.377686	0.210721
674.229797	0.100176
675.112915	0.044163
675.845886	0.0236731
676.378113	0.00469728
677.243408	0.0261599
677.974182	0.04512
678.416382	0.0270007
678.863342	0.0167607
679.474548	0.0108551
679.843384	0.00339514
680.192688	0.00441514
685.880127	2.03282
704.772095	3.06949
719.244568	0.796587
721.800354	0.677359
723.817993	0.431304
725.687805	0.434923
728.700073	0.496765
729.652222	0.531122
730.162048	0.316877
730.751831	0.27497
731.280212	0.0573546
732.444824	1.19622
737.228943	3.05884
739.902832	0.120972
740.791260	1.65472
742.873291	0.499715
744.446289	0.325065
746.002747	0.0104076
746.291931	0.0134201
746.977600	0.0152804
747.442749	0.00377385
747.662598	0.00104107
757.386475	0.708629
759.505920	0.0929253
760.771790	0.071907
761.364990	0.334547
761.890076	0.245357
762.391052	0.0283767
763.027344	0.0439809
763.452759	0.0181773
763.685913	0.00170463
765.927551	0.0834041
766.624634	0.102568
767.081909	0.0578195
767.501160	0.019752
768.266846	0.0161941
768.558594	0.0104336
769.543518	2.30334
771.451904	0.0693084
772.607422	9.09227
774.273132	2.38633
774.696594	0.604122
775.186707	0.943852
775.814575	0.275987
776.403259	0.214503
798.149963	0.000257566
798.554138	0.00984677
798.971130	0.00808766
799.211731	0.00059321
799.412537	0.001778
800.165833	0.00445804
800.473938	0.00547952
800.884033	0.0451525
801.998718	0.0835991
802.632446	0.451339
803.153503	0.286457
803.686890	0.0338616
804.342896	0.0879026
804.735474	0.0449323
804.999756	0.00208142
805.677734	0.00176106
806.300720	5.92205e-005
806.658752	4.62115e-007
820.737976	0.0521178
822.156982	0.103861
823.647583	0.313909
824.597839	0.16624
825.545410	0.0958625
826.425354	0.0411379
827.111755	0.00358382
827.743286	0.000117887
828.966125	0.0379346
831.604858	0.351336
832.211182	0.136315
832.794250	0.502294
833.570068	0.089824
833.830811	0.0824845
834.642700	0.158375
835.410217	0.0202688
836.057617	0.00150479
836.581726	2.29108e-005
836.915710	9.66859e-007
837.261047	5.81396e-008
837.530823	5.70326e-008
837.734619	2.84891e-008
837.870300	2.84902e-008
838.073914	5.69805e-008
838.390686	7.5974e-008
838.752808	7.5974e-008
839.092346	6.64772e-008
839.409363	6.64772e-008
839.658447	3.7987e-008
839.952881	8.54707e-008
840.768494	2.56412e-007
842.400940	4.27354e-007
843.648987	9.49675e-008
844.193909	1.32954e-007
844.920715	1.70941e-007
845.852417	2.18425e-007
846.557251	7.5974e-008
846.921143	7.5974e-008
847.899414	3.32386e-007
848.946655	1.04464e-007
849.948975	3.13393e-007
850.792236	3.7987e-008
850.974609	3.7987e-008
851.179871	4.74837e-008
851.339478	1.89935e-008
851.590332	8.54707e-008
851.886902	3.7987e-008
852.160645	7.5974e-008
852.639832	1.23458e-007
853.119202	7.5974e-008
853.552979	1.04464e-007
853.895569	3.7987e-008
854.192505	8.54707e-008
854.626770	9.50474e-008
855.700134	0.0260675
857.579041	0.017438
858.043335	0.186927
858.538696	0.0355748
858.796692	0.076289
859.162903	0.0384379
859.897766	0.0892702
860.439697	0.0288534
860.856384	0.0255083
861.637207	0.00503897
862.294434	0.000375715
862.825684	5.64354e-006
863.164001	8.29576e-008
863.513733	5.72703e-008
863.790955	5.69935e-008
863.997742	2.849e-008
864.135620	2.84902e-008
864.342407	5.69805e-008
864.526245	1.89935e-008
864.779114	8.54707e-008
865.077942	3.7987e-008
865.353821	7.5974e-008
866.043762	2.08928e-007
866.996155	0.126565
874.791199	0.258609
876.191589	0.0904514
876.844116	0.0705067
877.265686	0.0261285
877.982300	0.037136
878.501038	0.0266457
878.896179	0.00240437
885.172729	0.79966
895.893860	0.00977167
896.320984	0.00733257
896.576599	0.00167473
896.903809	0.003088
897.557861	0.00616256
897.909546	0.00478175
898.514709	0.106575
903.586243	0.0982071
904.465149	0.0266156
904.715698	0.086648
905.102844	0.142107
905.408813	0.0782802
906.333130	0.0854599
906.582520	0.000104465
907.034973	0.0742964
907.358765	0.0627711
907.635864	0.00250124
908.134216	0.0235301
908.671997	0.0119776
908.952942	0.00342657
909.230469	0.000502395
909.521729	2.54593e-005
916.566223	0.139046
917.039124	0.0182587
917.296082	0.00314525
918.063049	0.688042
921.999451	0.398466
922.308105	0.07948
922.811096	1.02046
926.696777	2.49561
929.275146	0.974466
929.903015	0.049775
930.234802	0.0125848
931.446228	0.159794
932.892395	0.011297
934.603210	0.223944
936.197632	0.138393
936.736572	0.611523
937.352356	0.551442
937.704407	0.00241682
938.048035	0.0236753
938.591675	0.0632109
939.267212	0.0488826
940.077698	0.00532779
940.751221	0.000176554
941.134399	8.32544e-007
941.532104	1.88031e-007
941.855347	1.45694e-007
942.071533	7.28011e-008
942.239502	9.70753e-008
942.383545	4.85376e-008
942.575562	1.45613e-007
942.911743	1.94151e-007
943.295959	1.94151e-007
943.680237	1.94151e-007
944.064636	1.94151e-007
944.449097	1.94151e-007
944.833618	1.94151e-007
945.218262	1.94151e-007
945.602905	1.94151e-007
945.987732	1.94151e-007
946.372559	1.94151e-007
946.757507	1.94151e-007
947.142517	1.94151e-007
947.527588	1.94151e-007
947.912781	1.94151e-007
948.298035	1.94151e-007
948.683350	1.94151e-007
949.068726	1.94151e-007
949.454224	1.94151e-007
949.839783	1.94151e-007
950.394165	3.64032e-007
951.358704	6.0672e-007
952.154846	1.94151e-007
952.420288	7.28065e-008
952.661621	1.69882e-007
953.047852	2.18419e-007
953.458313	1.94151e-007
953.772217	1.21344e-007
954.134521	2.42688e-007
954.641846	2.66959e-007
958.099792	0.21256
965.138123	0.0521288
965.886108	7.28065e-008
966.323669	3.64032e-007
967.904480	1.21344e-006
969.267517	1.45613e-007
969.559692	1.45613e-007
969.754517	4.85376e-008
969.851929	4.85376e-008
969.949341	4.85376e-008
970.095520	9.70753e-008
970.241638	4.85376e-008
970.339111	4.85376e-008
970.436523	4.85376e-008
970.680176	1.94151e-007
971.557556	6.79527e-007
972.581665	3.39763e-007
974.045593	1.11637e-006
975.217590	4.85376e-008
975.315247	4.85376e-008
975.412964	4.85376e-008
975.510681	4.85376e-008
975.608398	4.85376e-008
975.706116	4.85376e-008
975.803833	4.85376e-008
975.901550	4.85376e-008
975.999268	4.85376e-008
976.096985	4.85376e-008
976.194763	4.85376e-008
976.341370	9.70753e-008
976.487976	4.85376e-008
976.585754	4.85376e-008
976.683533	4.85376e-008
976.927917	1.94151e-007
977.367981	2.42688e-007
977.783691	1.69882e-007
978.297363	3.39763e-007
978.811096	1.69882e-007
979.325012	3.39763e-007
979.863525	1.94151e-007
980.451172	3.88301e-007
981.014526	1.69882e-007
981.455505	2.66957e-007
981.921082	1.94151e-007
982.460327	3.39763e-007
982.999756	1.94151e-007
983.588379	3.88301e-007
984.152588	1.69882e-007
984.594299	2.66957e-007
985.060608	1.94151e-007
985.600769	3.39763e-007
986.140991	1.94151e-007
986.730591	3.88301e-007
987.295715	1.69882e-007
987.738098	2.66957e-007
988.205200	1.94151e-007
988.746216	3.39763e-007
989.287354	1.94151e-007
989.533386	4.85376e-008
989.877808	2.91226e-007
990.370056	1.94151e-007
990.788513	2.18419e-007
991.059387	4.85376e-008
991.157837	4.85376e-008
991.478027	2.66957e-007
991.945984	1.94151e-007
992.340149	1.94151e-007
992.734436	1.94151e-007
993.128784	1.94151e-007
993.523193	1.94151e-007
993.917664	1.94151e-007
994.312256	1.94151e-007
994.706909	1.94151e-007
995.101624	1.94151e-007
995.496460	1.94151e-007
995.891357	1.94151e-007
996.286316	1.94151e-007
996.681335	1.94151e-007
997.076477	1.94151e-007
997.471680	1.94151e-007
997.867004	1.94151e-007
998.262329	1.94151e-007
998.657776	1.94151e-007
998.954407	9.70753e-008
999.290344	0.00209779
1000.161316	0.0784047
1001.077759	0.220468
1001.608948	0.134125
1002.162720	0.030512
1002.950806	0.0253924
1003.354919	0.00714573
1003.803101	0.00992075
1004.273621	0.00809028
1004.543579	0.000567705
1004.747742	3.32527e-005
1005.114441	0.000830738
1005.605408	0.00527249
1005.955994	0.00472309
1006.186279	1.24711e-005
1006.384766	3.78321e-006
1006.583313	1.20516e-007
1006.831482	4.85376e-008
1007.303101	4.1257e-007
1007.874207	1.45613e-007
1008.271545	2.42688e-007
1010.881226	2.30554e-006
1013.394653	1.45613e-007
1013.693481	1.45613e-007
1013.892761	4.85376e-008
1014.141846	1.94151e-007
1014.615173	2.66957e-007
1015.013916	1.21344e-007
1015.312988	1.69882e-007
1015.711792	2.18419e-007
1015.986084	4.85376e-008
1016.210510	1.69882e-007
1016.759155	3.64032e-007
1018.381104	1.21344e-006
1019.779541	1.45613e-007
1020.079285	1.45613e-007
1020.279175	4.85376e-008
1020.379150	4.85376e-008
1020.479065	4.85376e-008
1020.629028	9.70753e-008
1020.778992	4.85376e-008
1020.878967	4.85376e-008
1020.978943	4.85376e-008
1021.228882	1.94151e-007
1022.129028	6.79527e-007
1023.179688	3.39763e-007
1024.681641	1.11637e-006
1025.883911	4.85376e-008
1025.984131	4.85376e-008
1026.084351	4.85376e-008
1026.184570	4.85376e-008
1026.284912	4.85376e-008
1026.385132	4.85376e-008
1026.485352	4.85376e-008
1026.585571	4.85376e-008
1026.685913	4.85376e-008
1026.786133	4.85376e-008
1026.886353	4.85376e-008
1027.036865	9.70753e-008
1027.187256	4.85376e-008
1027.287476	4.85376e-008
1027.387817	4.85376e-008
1027.638550	1.94151e-007
1028.089966	2.42688e-007
1028.516479	1.69882e-007
1029.043457	3.39763e-007
1029.570435	1.69882e-007
1030.097656	3.39763e-007
1030.650146	1.94151e-007
1031.102173	2.42688e-007
1031.771973	0.00844542
1033.497803	0.390324
1035.248291	0.269418
1035.731689	0.581629
1036.401978	0.771409
1037.182007	0.0495409
1037.647949	0.158815
1038.453369	0.144505
1039.254150	0.00891697
1039.962769	0.000294308
1040.364502	1.83063e-006
1040.784302	2.00131e-007
1041.124268	1.45748e-007
1041.351685	7.27976e-008
1041.528442	9.70754e-008
1041.679932	4.85376e-008
1041.907104	1.69882e-007
1042.134399	4.85376e-008
1042.235474	4.85376e-008
1042.563843	2.66957e-007
1043.043823	1.94151e-007
1043.448120	1.94151e-007
1043.852539	1.94151e-007
1044.256958	1.94151e-007
1044.661499	1.94151e-007
1045.066162	1.94151e-007
1045.470825	1.94151e-007
1045.875610	1.94151e-007
1046.280518	1.94151e-007
1046.685425	1.94151e-007
1047.090454	1.94151e-007
1047.495483	1.94151e-007
1047.900635	1.94151e-007
1048.305908	1.94151e-007
1048.711304	1.94151e-007
1049.116699	1.94151e-007
1049.522217	1.94151e-007
1049.927734	1.94151e-007
1050.333374	1.94151e-007
1050.739136	1.94151e-007
1051.144897	1.94151e-007
1051.728394	3.64032e-007
1052.743530	6.0672e-007
1053.581421	1.94151e-007
1053.860840	7.28065e-008
1054.114746	1.69882e-007
1054.521240	2.18419e-007
1054.953247	1.94151e-007
1055.283569	1.21344e-007
1055.664917	2.42688e-007
1056.300537	3.64032e-007
1056.961670	2.66957e-007
1057.343262	9.70753e-008
1057.495972	4.85376e-008
1057.699463	1.45613e-007
1057.903076	4.85376e-008
1058.106689	1.45613e-007
1058.743042	4.61108e-007
1059.379517	1.45613e-007
1059.786987	2.42688e-007
1062.463135	2.30554e-006
1065.040527	1.45613e-007
1065.346924	1.45613e-007
1065.551270	4.85376e-008
1065.806641	1.94151e-007
1066.292114	2.66957e-007
1066.700928	1.21344e-007
1067.007568	1.69882e-007
1067.416504	2.18419e-007
1067.697754	4.85376e-008
1067.927856	1.69882e-007
1068.490479	3.64032e-007
1070.026978	1.09353e-006
1071.696655	0.0181181
1072.947754	0.018902
1073.394165	0.129771
1073.946777	0.191888
1074.655884	0.0930882
1075.268921	0.0744083
1075.865112	0.0832781
1076.419678	0.00371946
1076.783081	0.000219815
1077.205200	1.12415e-005
1077.717896	7.25453e-008
1077.871948	7.28039e-008
1078.026123	7.28065e-008
1078.154541	4.85376e-008
1078.257324	4.85376e-008
1078.360107	4.85376e-008
1078.462891	4.85376e-008
1078.565674	4.85376e-008
1078.668457	4.85376e-008
1078.771240	4.85376e-008
1078.874023	4.85376e-008
1079.028320	9.70753e-008
1079.233887	9.70753e-008
1079.928833	0.0157753
1081.502441	0.0356524
1082.120483	0.0631026
1083.260010	0.148276
1083.828247	0.423765
1084.486084	0.487457
1085.228027	0.0256705
1085.811157	0.100837
1086.588867	0.0951796
1087.420654	0.00533879
1088.145752	0.000176554
1088.558105	8.32544e-007
1088.986206	1.88031e-007
1089.333984	1.45694e-007
1089.566650	7.28011e-008
1089.747559	9.70754e-008
1090.109131	2.42688e-007
1090.548462	1.69882e-007
1091.013672	2.66957e-007
1091.504761	1.94151e-007
1092.073608	3.39763e-007
1092.642578	1.94151e-007
1092.901245	4.85376e-008
1093.263428	2.91226e-007
1093.781006	1.94151e-007
1094.221069	2.18419e-007
1094.505737	4.85376e-008
1094.609375	4.85376e-008
1094.945923	2.66957e-007
1095.437988	1.94151e-007
1095.852417	1.94151e-007
1096.266968	1.94151e-007
1096.681519	1.94151e-007
1097.096191	1.94151e-007
1097.510864	1.94151e-007
1097.925781	1.94151e-007
1098.340698	1.94151e-007
1098.755615	1.94151e-007
1099.170776	1.94151e-007
1099.585815	1.94151e-007
1100.001099	1.94151e-007
1100.416382	1.94151e-007
1100.831787	1.94151e-007
1101.247314	1.94151e-007
1101.662842	1.94151e-007
1102.078369	1.94151e-007
1102.494141	1.94151e-007
1102.909912	1.94151e-007
1103.325806	1.94151e-007
1103.741699	1.94151e-007
1104.339722	3.64032e-007
1105.380249	6.0672e-007
1106.239014	1.94151e-007
1106.577393	1.21424e-007
1107.671387	0.0274847
1109.946655	0.162602
1110.876709	0.120867
1111.446167	0.177712
1112.234985	0.0226039
1112.764893	0.0226446
1113.535034	0.0463771
1114.430054	0.00499163
1115.180420	0.000375907
1115.784668	5.80603e-006
1116.185425	1.86362e-007
1116.569702	1.45903e-007
1116.884277	1.45626e-007
1117.119751	7.28062e-008
1117.276733	7.28064e-008
1117.590576	2.18419e-007
1117.983154	1.45613e-007
1118.297119	1.45613e-007
1118.506470	4.85376e-008
1118.715942	1.45613e-007
1118.925293	4.85376e-008
1120.102661	0.0775308
1124.003418	0.335223
1126.080322	0.0291603
1127.404541	1.24694
1128.719971	1.04473
1129.688354	0.205578
1131.267822	0.524337
1133.103638	0.033375
1134.561401	0.00252029
1135.410278	2.59876e-005
1135.916382	3.78399e-006
1136.652466	1.89625e-006
1137.395752	3.26524e-007
1137.933228	1.70058e-007
1138.303101	1.69895e-007
1138.646362	1.45613e-007
1138.884155	7.28064e-008
1139.068970	9.70753e-008
1139.227539	4.85376e-008
1139.491699	1.94151e-007
1140.125854	3.88301e-007
1140.733887	1.69882e-007
1141.209717	2.66957e-007
1141.712158	1.94151e-007
1142.294067	3.39763e-007
1142.876099	1.94151e-007
1143.511230	3.88301e-007
1144.120117	1.69882e-007
1144.596680	2.66957e-007
1145.099854	1.94151e-007
1145.682617	3.39763e-007
1146.265625	1.94151e-007
1146.530640	4.85376e-008
1146.901611	2.91226e-007
1147.431885	1.94151e-007
1147.882690	2.18419e-007
1148.174316	4.85376e-008
1148.280518	4.85376e-008
1148.625244	2.66957e-007
1149.129395	1.94151e-007
1149.553955	1.94151e-007
1149.978638	1.94151e-007
1150.403320	1.94151e-007
1150.828125	1.94151e-007
1151.253052	1.94151e-007
1151.677979	1.94151e-007
1152.103027	1.94151e-007
1152.528198	1.94151e-007
1152.953369	1.94151e-007
1153.378662	1.94151e-007
1153.804077	1.94151e-007
1154.229492	1.94151e-007
1154.655029	1.94151e-007
1155.080566	1.94151e-007
1155.506348	1.94151e-007
1155.932007	1.94151e-007
1156.357910	1.94151e-007
1156.783813	1.94151e-007
1157.209839	1.94151e-007
1157.635864	1.94151e-007
1158.248535	3.64032e-007
1159.314331	6.0672e-007
1160.194092	1.94151e-007
1160.487305	7.28065e-008
1160.754028	1.69882e-007
1161.180786	2.18419e-007
1161.634277	1.94151e-007
1161.981079	1.21344e-007
1162.381348	2.42688e-007
1163.048706	3.64032e-007
1163.742798	2.66957e-007
1164.143433	9.70753e-008
1164.517334	1.45613e-007
1164.303711	4.85376e-008
1164.944824	1.45613e-007
1164.731079	4.85376e-008
1165.612793	4.61108e-007
1166.281006	1.45613e-007
1166.708862	2.42688e-007
1169.384155	2.18421e-006
1173.747192	0.0010358
1175.361206	7.27787e-008
1175.522217	7.28029e-008
1175.710205	9.70753e-008
1175.871216	4.85376e-008
1176.085938	1.45613e-007
1177.589844	1.21344e-006
1179.094727	1.45613e-007
1179.417236	1.45613e-007
1179.632324	4.85376e-008
1179.739868	4.85376e-008
1179.847412	4.85376e-008
1180.008789	9.70753e-008
1180.170166	4.85376e-008
1180.277710	4.85376e-008
1180.385254	4.85376e-008
1180.654297	1.94151e-007
1181.622803	6.79527e-007
1182.753296	3.39763e-007
1184.369263	1.11637e-006
1185.662842	4.85376e-008
1185.770630	4.85376e-008
1185.878418	4.85376e-008
1185.986328	4.85376e-008
1186.094116	4.85376e-008
1186.202026	4.85376e-008
1186.309814	4.85376e-008
1186.417725	4.85376e-008
1186.525513	4.85376e-008
1186.633423	4.85376e-008
1186.741333	4.85376e-008
1186.903076	9.70753e-008
1187.064941	4.85376e-008
1187.172852	4.85376e-008
1187.280762	4.85376e-008
1187.550537	1.94151e-007
1188.036133	2.42688e-007
1188.494873	1.69882e-007
1189.061768	3.39763e-007
1189.628662	1.69882e-007
1190.195801	3.39763e-007
1190.790039	1.94151e-007
1191.438477	3.88301e-007
1192.060181	1.69882e-007
1192.546753	2.66957e-007
1193.060425	1.94151e-007
1193.655396	3.39763e-007
1194.250610	1.94151e-007
1194.899902	3.88301e-007
1195.522461	1.69882e-007
1196.009766	2.66957e-007
1196.524292	1.94151e-007
1197.120117	3.39763e-007
1197.716064	1.94151e-007
1198.366455	3.88301e-007
1198.989868	1.69882e-007
1199.477905	2.66957e-007
1199.993164	1.94151e-007
1200.589844	3.39763e-007
1201.186768	1.94151e-007
1201.458130	4.85376e-008
1201.838013	2.91226e-007
1202.380981	1.94151e-007
1202.842529	2.18419e-007
1203.141235	4.85376e-008
1203.249756	4.85376e-008
1203.602905	2.66957e-007
1204.119019	1.94151e-007
1204.553711	1.94151e-007
1204.988525	1.94151e-007
1205.423462	1.94151e-007
1205.858398	1.94151e-007
1206.293457	1.94151e-007
1206.728516	1.94151e-007
1207.163696	1.94151e-007
1207.598999	1.94151e-007
1208.034302	1.94151e-007
1208.469727	1.94151e-007
1208.905273	1.94151e-007
1209.340820	1.94151e-007
1209.776611	1.94151e-007
1210.212280	1.94151e-007
1210.648071	1.94151e-007
1211.083984	1.94151e-007
1211.520020	1.94151e-007
1211.956055	1.94151e-007
1212.392212	1.94151e-007
1212.828491	1.94151e-007
1213.455688	3.64032e-007
1214.546875	6.0672e-007
1215.447510	1.94151e-007
1215.747803	7.28065e-008
1216.020752	1.69882e-007
1216.457642	2.18419e-007
1216.921997	1.94151e-007
1217.277100	1.21344e-007
1217.686890	2.42688e-007
1218.369995	3.64032e-007
1219.108154	2.91466e-007
1220.434204	0.0841721
1222.764404	0.767021
1224.267822	0.243419
1224.537720	0.160932
1225.596802	0.15372
1226.833008	0.219291
1227.994141	0.0282841
1228.727783	0.00193269
1229.237305	0.0337292
1229.809448	0.0707877
1231.178223	0.00627274
1231.565063	0.00021076
1232.020020	1.08021e-005
1232.568237	7.25453e-008
1232.733154	7.28039e-008
1233.723145	8.00871e-007
1234.795898	1.45613e-007
1235.126221	1.45613e-007
1235.346313	4.85376e-008
1235.456421	4.85376e-008
1235.566528	4.85376e-008
1235.731689	9.70753e-008
1235.896851	4.85376e-008
1236.006958	4.85376e-008
1236.117065	4.85376e-008
1236.392334	1.94151e-007
1237.383789	6.79527e-007
1238.540894	3.39763e-007
1240.194824	1.11637e-006
1241.518921	4.85376e-008
1241.629272	4.85376e-008
1241.739624	4.85376e-008
1241.849976	4.85376e-008
1241.960327	4.85376e-008
1242.070801	4.85376e-008
1242.181152	4.85376e-008
1242.291504	4.85376e-008
1242.401978	4.85376e-008
1242.512329	4.85376e-008
1242.622803	4.85376e-008
1242.788330	9.70753e-008
1242.953979	4.85376e-008
1243.064453	4.85376e-008
1243.174927	4.85376e-008
1243.450928	1.94151e-007
1243.947998	2.42688e-007
1244.417603	1.69882e-007
1244.997803	3.39763e-007
1245.578003	1.69882e-007
1246.158447	3.39763e-007
1246.766724	1.94151e-007
1247.430420	3.88301e-007
1248.066528	1.69882e-007
1248.564575	2.66957e-007
1249.090332	1.94151e-007
1249.699341	3.39763e-007
1250.308350	1.94151e-007
1250.973022	3.88301e-007
1251.610107	1.69882e-007
1252.108887	2.66957e-007
1252.635376	1.94151e-007
1253.245239	3.39763e-007
1253.855225	1.94151e-007
1254.520752	3.88301e-007
1255.158813	1.69882e-007
1255.658203	2.66957e-007
1256.185547	1.94151e-007
1256.796143	3.39763e-007
1257.406982	1.94151e-007
1257.684692	4.85376e-008
1258.073608	2.91226e-007
1258.629150	1.94151e-007
1259.101440	2.18419e-007
1259.407104	4.85376e-008
1259.518311	4.85376e-008
1259.879639	2.66957e-007
1260.407837	1.94151e-007
1260.852661	1.94151e-007
1261.297607	1.94151e-007
1261.742676	1.94151e-007
1262.187866	1.94151e-007
1262.633057	1.94151e-007
1263.078247	1.94151e-007
1263.523560	1.94151e-007
1263.968994	1.94151e-007
1264.414551	1.94151e-007
1264.860107	1.94151e-007
1265.305786	1.94151e-007
1265.751587	1.94151e-007
1266.197388	1.94151e-007
1266.643311	1.94151e-007
1267.089233	1.94151e-007
1267.535278	1.94151e-007
1267.981445	1.94151e-007
1268.427734	1.94151e-007
1268.874023	1.94151e-007
1269.320435	1.94151e-007
1269.962158	3.64032e-007
1271.078735	6.0672e-007
1272.000366	1.94151e-007
1272.307617	7.28065e-008
1272.586914	1.69882e-007
1273.034058	2.18419e-007
1273.509033	1.94151e-007
1273.872437	1.21344e-007
1274.291748	2.42688e-007
1274.990723	3.64032e-007
1275.717896	2.66957e-007
1276.137573	9.70753e-008
1276.529297	1.45613e-007
1276.305420	4.85376e-008
1276.976929	1.45613e-007
1276.753052	4.85376e-008
1277.676758	4.61108e-007
1278.376709	1.45613e-007
1278.824707	2.42688e-007
1281.150391	1.77162e-006
1283.466553	0.000699505
1284.455078	0.0258889
1285.452393	0.133309
1286.127075	0.227508
1286.457397	0.0832084
1287.552979	0.0885366
1288.099487	0.0415828
1288.868652	0.0170024
1291.308838	0.49301
1330.375854	1.48665
1334.929321	0.0720204
1335.430786	0.00647835
1335.758179	0.0586785
1336.451050	0.0276576
1337.152710	0.0421739
1337.911011	0.0427807
1338.646973	0.0766809
1341.838623	0.711039
1343.801880	1.04178
1347.088623	0.732758
1350.156860	0.600933
1355.966675	3.39952
1364.591309	2.48915
1374.415894	0.233836
1376.430176	0.385662
1377.035889	0.238299
1377.679688	0.0908638
1378.586792	0.0628109
1379.103760	0.0109494
1380.512939	2.0478
1386.326416	0.126469
1387.136597	0.550722
1387.841553	0.479056
1388.539063	0.074737
1389.313721	0.0974544
1389.994263	0.0395009
1392.148804	8.51902
1404.052002	0.809901
1406.828735	16.8982
1407.449341	1.12125
1408.313354	7.99928
1409.293091	37.6687
1413.693848	2.45016
1418.551758	3.80112
1428.281494	25.9251
1438.624146	5.2043
1446.002441	6.67657
1452.321411	0.0696378
1452.876343	0.130951
1453.344238	0.263107
1453.889404	0.0214552
1454.951416	0.134592
1455.551880	0.0874345
1455.983643	0.0612119
1456.440186	0.0754039
1457.157471	0.0258075
1457.637329	0.0139968
1458.022827	0.0244061
1458.552490	0.0197504
1459.449707	0.0120504
1459.758179	0.0902468
1460.239990	0.0875134
1460.688965	0.0335978
1461.894531	0.0171852
1464.212891	3.74351
1501.769165	0.570073
1503.457764	0.166918
1504.273315	0.12273
1504.899048	0.0219449
1505.866821	0.0582694
1506.546631	0.0472519
1509.415894	0.106709
1510.800415	0.104779
1511.446533	0.082896
1512.170654	0.0378793
1512.988403	0.0320653
1513.633301	0.00418189
1518.967041	0.288424
1528.371948	8.18172e-005
1558.920654	5.85255e-007
1559.688110	0.00488935
1560.778931	0.180469
1561.941650	0.48981
1562.617676	0.278245
1563.271484	0.070118
1564.287476	0.0861619
1564.755371	0.0529192
1565.253784	0.00188334
1565.668823	5.99145e-005
1566.021240	2.73976e-007
1589.481934	7.49951e-006
1593.264160	0.783355
1596.100098	0.0317062
1596.550537	0.0304449
1596.906250	0.0205995
1597.823730	0.118733
1598.525146	0.0698904
1599.193970	0.0228951
1600.194946	0.0151546
1600.703003	0.00598388
1601.701050	0.0726662
1604.841553	0.0846315
1605.352051	0.0723599
1605.704590	0.00518833
1606.059082	9.45466e-006
1606.472656	0.0115278
1607.088013	0.00850385
1607.473633	0.0079726
1607.848022	0.000246338
1611.584229	0.683334
1620.233887	0.83243
1623.428101	0.922009
1626.540161	2.16596
1628.777466	0.192444
1631.194580	0.446629
1634.612427	0.0731709
1639.314331	0.248112
1643.925415	0.622346
1647.092407	0.486275
1649.868652	0.0543388
1651.534180	0.0185039
1656.242188	0.118062
1682.661011	0.00168815
1684.764893	0.110535
1686.289307	0.384109
1687.179810	0.364
1687.800171	0.0497912
1688.772949	0.228624
1689.651245	0.158317
1690.101685	0.0227928
1691.246826	0.0195514
1691.881958	0.00447074
1692.291138	9.44459e-005
1693.096069	0.00168238
1696.639771	0.199966
1701.215454	1.32864
1703.658203	0.161733
1704.480713	0.0658666
1705.355347	0.0553544
1706.040039	0.0475829
1707.525391	0.0614323
1709.552856	0.00563683
1711.030884	0.000102851
1711.595581	1.86048e-006
1712.445557	2.36643e-006
1713.324829	6.89266e-007
1720.327881	0.342426
1721.945801	0.260226
1722.795166	0.204496
1724.550049	0.483535
1728.399902	2.81726
1732.800537	0.595171
1734.280518	0.221271
1735.825195	0.10903
1736.983032	0.148419
1738.114746	0.0594242
1738.701782	0.0208856
1739.681396	0.0410854
1740.450684	0.023207
1741.432373	0.185153
1751.949219	5.12682
1759.229126	0.169762
1760.092285	0.0964251
1760.754150	0.0254483
1761.788086	0.0594392
1762.526367	0.049701
1765.556641	2.0895
1773.229614	0.855027
1774.899414	0.369801
1775.354858	0.0318678
1776.360107	0.780723
1777.175659	1.48123
1778.205688	4.97854
1779.455078	0.162372
1780.617432	11.2336
1786.772339	1.05033
1801.899902	12.9916
1814.023438	0.228847
1816.499390	0.498117
1817.859619	0.273789
1819.319702	0.133413
1820.596680	0.0768076
1823.593506	0.843294
1839.809692	0.448534
1841.639160	0.0516557
1842.302368	0.774688
1843.526489	0.264339
1843.837158	0.0749373
1845.073608	0.203564
1846.425659	0.0626668
1847.484009	0.00926269
1848.349121	0.000337849
1860.761108	0.142288
1861.865723	0.00842136
1862.363037	0.0780257
1863.106445	0.0606906
1863.730713	0.0105693
1864.123779	0.0264035
1864.840698	0.0445083
1865.566040	0.0136999
1866.694946	0.0166092
1867.779297	0.0245977
1868.444580	0.0359318
1869.086914	0.0374004
1869.556030	0.00309382
1870.254517	0.00833045
1870.808594	0.0140773
1871.584473	0.039711
1872.332520	0.0284938
1873.099487	0.0141885
1874.092529	0.0116897
1874.727661	0.0059076
1875.194824	0.000875654
1880.635864	0.114028
1881.761230	0.0604179
1883.017944	0.14706
1883.741699	0.0759816
1884.485474	0.282768
1886.879395	0.270014
1888.321777	0.524841
1889.207275	0.764076
1892.102295	0.539686
1894.405029	0.202085
1898.349609	0.204907
1905.905029	0.0378427
1906.554443	0.0290832
1907.108276	0.122785
1908.022827	0.110228
1908.739624	0.0445876
1909.721802	0.0579087
1910.494385	0.0384908
1911.040283	0.00331176
1911.828125	0.00995417
1915.522827	0.019346
1916.162598	0.0164365
1916.577148	0.00385846
1917.380493	0.00119988
1918.019775	0.0105976
1918.512939	0.0170573
1920.722534	0.224019
1921.929932	0.0541804
1922.645020	0.192246
1923.812744	0.0615855
1924.362427	0.0388072
1925.425415	0.111476
1926.604492	0.0111695
1927.821411	0.0514531
1932.597900	0.080069
1934.778931	0.0475165
1935.659668	0.165442
1936.577881	0.196439
1937.478882	0.0218061
1938.183350	0.0358133
1939.329834	0.033167
1940.634644	0.0936029
1955.470337	0.0216629
1958.323242	0.158075
1959.557495	0.10651
1960.316040	0.156832
1961.368408	0.0244402
1962.078979	0.0377162
1963.142212	0.0713962
1964.283691	0.00629711
1975.969116	0.421687
1978.508057	0.0417035
1979.269775	0.0285542
1980.064941	0.013429
1981.082764	0.0123839
1981.777588	0.00589418
1982.672974	0.0127849
1985.140015	0.0737199
1986.375366	0.0107075
1987.411377	0.444824
1988.174805	0.289289
1988.819336	0.0397719
1989.258179	0.0256859
1989.939697	0.215653
1991.864136	1.22516
1993.338867	0.641565
1994.841431	0.3242
1996.192261	0.152903
1997.201416	0.110535
2008.828613	1.3015
2014.926758	4.21473
2017.776489	0.8406
2018.496948	0.154405
2019.298218	0.28957
2020.407349	0.15008
2021.265625	0.131334
2026.679565	1.90234
2029.198486	0.0522951
2030.511963	0.953706
2032.099365	3.16016
2034.262695	6.23039
2035.629883	0.859773
2037.424561	1.39931
2039.059937	0.267583
2042.853027	0.0459906
2044.347778	0.0230468
2045.573975	0.0452342
2046.346436	0.0271867
2047.118774	0.0172133
2048.193604	0.010698
2049.101318	0.032886
2054.802002	0.0342145
2057.475342	0.145083
2059.665771	0.477441
2060.632324	0.399074
2061.652832	0.00845171
2062.391357	0.0681572
2063.533203	0.0886422
2064.693359	0.00550044
2067.646240	0.573139
2070.570801	0.16094
2072.246094	0.272766
2073.246338	0.0600336
2081.306396	0.614437
2084.809326	0.164154
2086.886230	0.101611
2088.223877	0.922788
2095.793213	0.91394
2098.345459	0.0532992
2099.204102	0.224561
2101.043945	0.318565
2102.206055	0.590606
2102.874023	1.58
2104.641846	0.0292136
2107.386475	0.933026
2116.157959	0.304691
2125.424316	0.719474
2133.331787	0.00839379
2141.056396	0.0971688
2142.892578	0.02267
2144.385010	0.349383
2145.867676	2.67953
2148.444092	11.7321
2151.346191	1.9675
2153.704834	0.330691
2154.516846	0.0149419
2155.125977	0.333732
2155.768799	0.0148795
2156.546875	0.199714
2156.944336	0.05766
2158.552979	1.01015
2167.383057	0.502438
2193.592041	1.31982
2196.521240	0.0805045
2197.862793	0.162798
2198.705566	0.135049
2199.419922	0.0899655
2200.608887	0.0250123
2201.301514	0.80884
2202.642090	1.27554
2204.168945	0.34781
2205.578613	0.373656
2207.904541	1.88274
2218.392822	1.63486
2219.920410	0.711792
2220.716797	0.0443655
2221.140381	0.101434
2221.763184	1.41003
2224.049561	0.267326
2225.158936	2.80342
2228.273438	1.13198
2229.235596	0.0498315
2232.386719	0.457489
2233.891602	0.0906807
2234.907227	0.380311
2237.512451	0.0130354
2239.928711	0.854944
2242.885742	0.245228
2243.863037	0.181623
2244.970703	1.05235
2246.839111	1.64465
2248.500977	8.33169
2252.714111	1.72539
2257.117432	2.40591
2265.747803	2.33823
2271.334961	1.81681
2273.125977	2.23489
2274.119141	0.0155905
2274.742188	0.330703
2276.155518	0.367727
2276.859375	0.0353844
2278.553467	2.96092
2281.067871	0.0729445
2282.840820	5.82358
2285.418701	0.518919
2286.644531	0.0609605
2289.159180	0.872153
2293.272461	0.284524
2293.646484	0.0031567
2294.402344	0.127122
2297.786621	2.55002
2298.480225	0.00922658
2299.071777	0.467426
2300.534912	1.57828
2302.037842	1.35447
2303.412598	0.895664
2305.518066	19.1886
2315.680664	30.7915
2319.103271	188.603
2323.891357	0.356189
2324.865967	5.31801
2330.794678	19.9381
2332.889893	0.0323107
2338.945068	3.4417
2340.523438	0.417316
2343.906006	8.66945
2361.660645	11.1352
2364.209473	0.36815
2365.123535	0.041561
2365.908691	0.0745256
2371.629883	5.511
2374.772949	2.54973
2376.263428	1.25796
2377.620850	2.8686
2383.250000	4.3178
2388.262451	2.84205
2403.021973	2.25503
2404.774658	0.290852
2405.830566	0.25643
2406.672363	0.153936
2407.754639	0.0963545
2408.583984	0.0983833
2411.644043	2.14264
2420.502686	5.71656
2426.955078	1.01625
2427.994629	1.13946
2429.588867	0.0230584
2430.697266	0.0127204
2433.496338	0.431273
2434.629150	0.0883629
2436.926025	0.424473
2441.613525	0.0960549
2443.479004	0.274069
2445.582520	0.447947
2446.844971	1.25867
2452.589844	0.513038
2454.523438	1.92949
2457.880859	0.0261266
2462.630127	2.0893
2465.239014	2.05208
2473.768799	4.81044
2477.737549	1.76671
2479.632568	3.9098
2481.031738	1.36531
2482.866699	0.725239
2486.137451	1.41376
2490.818604	0.244329
2493.541260	0.0629487
2496.218506	0.261122
2497.884033	0.132121
2499.720215	0.0486983
2501.045654	0.0268409
2503.583740	0.0661226
2504.232178	0.0135302
2507.394043	0.310529
2508.763672	0.0353096
2509.175293	0.0647626
2509.743652	0.0885174
2510.540527	0.104918
2512.307129	1.73638
2521.489502	4.08998
2524.480225	21.9341
2528.476563	30.3372
2531.974365	11.2823
2534.458252	13.6581
2544.840576	115.808
2547.263672	35.2873
2553.287842	3.46478
2559.336914	3.20798
2560.857422	0.0851782
2561.741699	0.0311812
2563.988281	1.42324
2566.705811	4.59126
2568.201172	0.687137
2569.551758	3.47755
2578.912598	6.56673
2582.166260	0.0522339
2582.949951	0.118116
2584.491455	0.326338
2585.831055	0.0966968
2586.475830	0.309028
2586.921143	0.0785134
2587.948486	0.0277936
2588.573975	0.0512382
2591.790527	2.46592
2595.386475	6.75796
2599.065674	8.26615
2601.895264	4.58695
2610.176025	2.60119
2612.232422	4.89543
2613.748047	8.12859
2614.329346	2.07546
2615.695801	35.4036
2622.595947	1.04371
2629.433350	7.78809
2630.408447	2.32042
2631.850830	2.84471
2632.521973	0.376053
2633.362793	1.55697
2635.058105	17.6987
2639.686523	3.04407
2641.055420	10.8731
2645.855713	0.211853
2649.739258	3.24819
2651.712646	3.06622
2652.663086	2.10032
2654.458008	2.01662
2656.347900	0.64729
2658.161865	22.4535
2663.143311	26.2088
2671.282959	205.608
2672.468750	234.384
2680.177246	0.523067
2681.998047	0.394325
2689.579346	3294.3
2698.084717	9.74782
2699.049072	0.297969
2701.565918	5.82975
2707.197510	3.62866
2709.718750	1.77225
2710.378906	0.232463
2711.291748	1.31276
2712.481689	0.0547055
2716.312744	3.42743
2717.750244	0.411214
2736.906982	77.5222
2741.203857	3.58916
2743.577148	4.07797
2745.328369	1.93675
2746.988525	1.35805
2748.421875	0.383199
2749.515625	0.510478
2750.427490	1.74728
2752.441895	1.67374
2754.432129	0.446411
2755.985596	1.96583
2759.391113	0.185678
2761.009277	7.37485
2766.239746	0.453219
2767.421387	0.262758
2768.410645	3.43591
2769.726074	1.9524
2772.935059	34.0138
2786.394043	278.415
2793.372314	2.97007
2794.380127	15.1269
2803.846436	66.1792
2805.261475	25.2742
2807.023926	49.5866
2816.642822	13.0249
2819.991211	4.20361
2821.652832	2.08966
2824.797607	1.13414
2826.182373	27.4114
2829.752686	12.1306
2830.958252	1.16157
2832.619873	1.14862
2834.333740	0.409547
2835.959717	2.06327
2840.260010	0.164202
2841.175781	0.14834
2843.414063	0.491495
2844.004883	0.0262936
2846.209229	0.878052
2847.832764	0.318231
2848.826904	0.102837
2849.800537	0.13602
2850.979248	0.0538437
2855.637695	2.68279
2857.135742	0.775887
2858.572998	0.320596
2863.000244	2.28037
2866.542480	3.20525
2867.032227	0.0688533
2867.724365	6.21566
2872.235107	7.80205
2878.458252	0.255803
2883.386475	15.8751
2884.452637	16.3735
2888.546875	8.73291
2891.977783	2.01569
2893.391113	0.846456
2894.742432	0.221054
2895.450195	0.474946
2900.565674	33.706
2905.486084	0.2146
2907.261719	21.37
2913.234375	0.2222
2914.770508	2.4638
2917.901611	18.5924
2918.978027	16.4193
2922.135498	3.01117
2923.970215	0.469069
2925.906494	1.31142
2927.175537	0.0778562
2929.082520	0.29184
2929.865479	0.128229
2931.914551	0.739385
2933.792236	0.445322
2935.359375	0.425805
2936.878662	0.211773
2941.487549	2.9611
2944.059814	2.51098
2946.417969	0.380676
2947.396729	0.178637
2948.249023	0.365865
2949.564209	0.0904779
2950.476318	0.0260368
2952.343262	1.10124
2957.096436	0.140092
2958.941895	2.15767
2961.583740	9.9412
2965.319580	2.61398
2966.579102	0.439399
2970.709961	3.51794
2979.285645	6.36881
2985.930420	0.563823
2990.980225	1.33506
2992.760498	0.515262
2994.233887	0.693683
2996.728516	13.9379
2997.999512	0.237631
2999.374512	4.8879
3000.352295	26.4381
3008.021240	2.89706
3010.179932	0.67337
3011.271973	0.838068
3012.457764	6.1762
3014.499756	6.12336
3016.093018	5.58041
3018.924072	6.12063
3023.086670	0.822604
3024.794434	0.390858
3026.281250	0.528086
3027.451660	0.128494
3028.246338	0.161014
3032.182617	4.32242
3033.046875	1.08148
3034.225342	3.81915
3036.036133	9.14249
3040.833008	0.522133
3043.249512	2.17215
3049.634033	2.83097
3053.236816	2.72244
3054.927490	3.57093
3056.306885	3.25683
3060.319092	16.8796
3069.950195	12.1388
3071.805908	22.385
3073.232666	40.0462
3078.163330	1.13703
3079.710693	9.21286
3083.082764	8.6589
3089.677002	461.916
3105.337891	24.384
3113.056885	6.55948
3114.402832	2.01911
3115.039307	0.0465615
3116.306641	0.808303
3117.653320	5.93461
3123.716797	0.38447
3124.710693	0.283648
3125.860107	0.2038
3126.975586	0.138938
3131.365967	1.3319
3132.866211	0.362031
3133.971191	0.966262
3136.049805	0.89344
3138.309326	1.07372
3139.622803	0.116751
3140.150146	0.0718406
3141.422607	0.133087
3142.689941	0.956273
3143.725586	0.613566
3144.609375	0.243651
3145.978760	0.187715
3147.217285	1.04884
3151.152832	0.213853
3152.215332	0.0784048
3153.133545	0.0385226
3154.544434	0.0348609
3155.824707	0.901689
3158.125977	0.0156858
3158.721191	0.0711811
3159.414063	0.330388
3160.098633	0.541938
3161.677979	0.203182
3162.937012	0.242615
3163.649658	0.0291028
3165.265137	0.112762
3165.902588	0.0504514
3167.252441	0.208219
3169.148926	0.159949
3170.213135	0.045051
3170.950439	0.0942123
3171.791504	0.030465
3173.294678	0.0808459
3174.471436	0.0745354
3175.431641	0.217066
3176.451172	0.225534
3176.968262	0.0133318
3177.659180	0.0607058
3178.603271	0.240473
3180.365723	0.0723825
3181.443604	0.137897
3182.144531	0.126883
3183.520996	0.0288563
3184.557861	0.0233877
3185.870850	0.0255058
3186.647949	0.064155
3189.387695	1.47776
3191.967285	1.17461
3193.769043	0.302832
3195.511963	0.333888
3196.269531	0.13929
3197.844727	0.219571
3198.913086	2.19733
3202.548096	3.23764
3205.583496	0.561322
3207.110107	0.400908
3209.190430	0.346708
3211.322266	5.31383
3216.876953	2.08043
3218.956787	2.04063
3220.448242	0.891663
3222.708984	0.239928
3224.275391	0.944526
3225.776611	3.10349
3235.897949	3.10113
3239.465332	0.30914
3241.044189	1.52237
3242.808105	2.11715
3244.479004	2.702
3246.267578	2.23318
3249.063477	1.31374
3251.476563	8.1432
3253.747559	1.62878
3256.126465	4.12423
3257.375732	1.03426
3259.399170	0.299899
3260.324707	0.16462
3264.437256	18.4883
3280.894043	17.5169
3287.415527	1.58044
3291.262695	2.52185
3296.649414	4.12472
3300.985352	0.0280946
3302.340332	0.119166
3303.440430	0.183544
3305.897217	0.0136697
3307.144775	0.708336
3310.468994	0.370411
3312.270508	0.704534
3313.544678	0.380569
3315.495117	3.41913
3316.267822	0.439092
3317.257568	0.809872
3318.241699	0.208622
3319.581055	0.237141
3320.623779	1.42559
3324.910400	0.0424242
3326.199219	0.0304636
3327.738525	0.688671
3338.195557	3.60172
3340.846436	0.632467
3342.774414	0.302185
3344.618896	0.182702
3347.215820	0.502724
3348.850586	0.449807
3350.024414	0.118946
3351.023438	0.102623
3352.627686	3.63685
3359.003662	0.0916654
3359.832275	0.0635071
3361.205811	0.0710362
3362.250244	0.165671
3369.111816	0.514239
3371.452148	0.357111
3373.447998	0.817266
3374.350342	0.11132
3375.000977	0.947919
3379.487305	7.90751
3384.386475	1.8518
3386.624268	7.92675
3406.721191	8.42914
3409.418945	2.06313
3414.919189	0.0605107
3415.992920	0.143918
3418.398438	0.00662377
3420.911133	1.17083
3425.222168	0.638233
3428.796631	0.403681
3432.534912	0.0485453
3443.234375	5.22187
3459.466309	0.633906
3461.548584	1.11348
3463.022217	1.28722
3463.819336	0.0950994
3465.125000	0.586818
3466.439697	0.244004
3467.193115	0.0377836
3468.495117	0.031574
3470.603271	0.158809
3473.334717	0.267072
3475.200195	1.39288
3477.180420	1.11429
3479.076904	1.01897
3480.738281	1.72252
3482.348389	1.34769
3484.625244	0.233366
3485.628662	0.24976
3488.376221	2.14985
3490.239258	3.18468
3491.954346	0.903244
3493.394531	0.208645
3494.242432	0.0279752
3495.980469	0.493725
3499.523926	0.255922
3500.393066	0.00194569
3501.067627	0.00266458
3501.521973	0.0149214
3504.116211	0.426898
3506.972656	0.0488295
3509.367920	0.526376
3511.171875	0.152768
3512.900146	0.708772
3520.676270	0.650578
3521.638184	0.157035
3522.883301	0.185329
3523.928955	0.646367
3529.686523	0.965834
3532.961426	0.0121428
3533.739746	0.0255265
3535.282471	0.291228
3563.142090	6.32548
3570.263916	12.6197
3574.562500	5.7194
3575.767822	0.905139
3577.956299	0.61974
3579.201172	0.176091
3580.211670	0.0292056
3581.203857	0.0962943
3583.515625	3.72128
3594.779297	0.17099
3597.004639	0.0710007
3599.158203	0.0833389
3602.222656	0.720046
3603.425781	0.127505
3604.541992	0.483135
3606.036621	3.15197
3608.520996	0.0277901
3609.583252	1.23218
3610.358887	1.33074
3614.283447	1.87809
3617.706543	0.209211
3619.656250	0.0481718
3620.958252	0.0643557
3622.314697	0.404079
3623.491699	0.243128
3624.204346	0.108459
3625.850830	0.291069
3628.106689	1.53825
3630.331299	0.446562
3632.284668	0.353368
3634.110107	0.33136
3644.714600	16.7085
3649.378906	0.493305
3653.726807	0.031474
3655.208740	0.0600739
3656.444092	0.0595855
3657.402344	0.0746906
3659.821045	0.277494
3661.743652	3.9374
3671.225586	1.25216
3672.537842	0.563784
3673.747070	0.144431
3674.501221	0.351466
3676.196777	2.04706
3685.365967	1.03303
3687.601807	0.212679
3688.626953	0.431235
3689.994873	0.88207
3692.198975	0.324504
3693.585449	0.174274
3698.284668	4.24063
3727.067139	4.85282
3729.715820	0.176342
3732.232666	2.32782
3734.561279	0.0852123
3735.339844	0.542619
3736.441895	1.35764
3737.766602	0.887741
3738.773438	0.306746
3740.103027	0.300371
3741.558838	0.227694
3742.981201	0.042212
3744.947021	13.9619
3755.424561	26.2418
3761.072021	5.13882
3765.362305	0.12434
3767.886963	2.1215
3769.691406	6.96695
3773.699219	0.59846
3776.593506	4.05725
3781.395508	0.800116
3783.213867	0.588115
3784.942383	0.039788
3785.869873	0.00158529
3788.447754	0.155893
3789.957275	0.0278981
3796.159180	0.517685
3799.371094	2.99836
3801.224121	0.344853
3802.085938	0.823457
3803.874268	2.50678
3805.870117	2.22633
3807.584961	2.53086
3811.719238	2.41091
3813.767334	1.67517
3815.481689	1.42573
3817.522461	6.79249
3826.793457	17.2434
3831.638428	19.2881
3833.031494	3.51225
3834.081787	10.0978
3836.192627	0.588523
3837.147705	0.809781
3838.696045	21.9042
3843.317871	1.70973
3850.502197	167.08
3853.033447	125.337
3861.765381	8.25195
3868.135254	696.844
3880.323242	2.21256
3887.739502	29.4187
3890.611816	6.66719
3895.129883	1.73032
3898.515625	0.123086
3899.744629	0.301451
3900.876465	0.494243
3901.812012	0.286845
3903.490234	1.19784
3905.010498	0.0803478
3905.907959	0.606365
3907.658691	0.600656
3909.651855	0.148717
3915.205078	1.26444
3917.081299	0.241529
3918.223633	0.228828
3920.341553	0.290613
3922.444824	0.577489
3924.816162	1.33211
3927.144043	1.17746
3929.149414	0.392313
3930.511719	0.355965
3932.874512	0.0663727
3934.854248	2.85444
3938.417969	0.135241
3940.003418	0.212195
3942.128174	3.2511
3945.583008	2.56182
3947.199219	4.62065
3948.585449	16.8415
3952.812744	2.23823
3953.640625	0.209805
3954.875000	1.47929
3957.081055	1.33645
3964.211182	14.2285
3966.404053	0.745367
3967.844238	23.8561
3975.096191	0.762658
3982.257080	12.6917
3983.116699	1.71891
3985.444336	14.1016
3994.617432	9.50642
3996.040283	2.66884
4001.037109	1.09158
4003.127197	0.11055
4004.390625	0.149608
4005.399658	1.05303
4007.216064	1.55202
4008.572266	0.0364569
4009.593750	0.534942
4011.232666	0.429143
4014.771973	1.55308
4016.626465	1.88674
4019.701904	4.49585
4021.554199	0.271403
4023.701416	0.91285
4025.343994	0.0923534
4026.825684	0.151434
4027.802490	0.0594775
4028.838135	0.12337
4031.499023	0.330129
4033.130859	0.34615
4034.391357	0.017267
4035.333740	0.0759618
4037.828857	1.85146
4045.942627	0.912995
4047.820068	0.393733
4048.787598	0.172649
4050.054443	0.341529
4051.414307	0.713892
4056.167969	0.0260163
4057.474609	0.0821572
4058.537109	0.275826
4061.184326	0.0173132
4064.394287	0.645106
4070.062988	7.58031
4075.428223	12.234
4078.770996	4.37616
4080.602539	1.85214
4082.712158	1.37829
4084.340088	0.212321
4085.443115	0.138405
4086.705566	0.225101
4088.016357	0.0619382
4088.981689	0.0710934
4090.431152	1.90309
4101.586426	6.52458
4112.510254	0.85651
4115.379883	3.38192
4116.738770	4.02724
4120.632813	0.23803
4123.634277	9.452
4124.620117	1.97025
4125.983887	3.27133
4128.540039	2.93269
4133.890625	4.55012
4138.377930	18.3055
4142.183105	2.07265
4144.528320	8.71636
4153.235840	16.3959
4174.441895	7.44362
4177.283203	2.32972
4179.039063	1.81461
4179.904785	0.0183904
4181.367676	1.02083
4182.567383	0.39561
4185.852539	3.60358
4194.377930	16.4632
4198.490723	2.89385
4200.592285	1.18708
4203.359375	8.83759
4214.342773	1.94478
4219.304199	7.43947
4223.201172	1.25246
4225.226563	1.90998
4226.439453	3.14193
4229.326172	0.153958
4230.275879	0.605515
4232.013184	0.0891594
4233.017578	0.0525928
4234.075195	0.256721
4238.607422	0.690253
4251.538086	0.943876
4253.105469	0.0329827
4254.320801	0.581771
4255.900391	1.31623
4261.038574	3.43427
4263.601074	0.2035
4265.127441	0.0912823
4266.113770	0.0537168
4267.840820	0.140089
4269.742676	3.17287
4274.835449	12.5698
4278.021973	2.658
4283.841797	16.6729
4290.570313	12.272
4296.261719	0.934224
4305.847656	1.43748
4308.041016	0.0197967
4308.808594	0.248515
4310.497559	0.610399
4313.924316	1.88827
4315.761230	1.04797
4319.539063	1.14922
4321.984863	4.14863
4325.360840	2.99442
4327.453613	6.22322
4329.249023	4.04703
4331.263672	0.747222
4334.351563	1.05447
4336.659668	3.69073
4338.340820	0.317937
4340.123047	0.642999
4341.980957	5.90283
4350.401367	2.8245
4356.437988	0.536014
4359.674316	1.36969
4361.576660	0.82308
4362.566895	0.0229563
4364.379395	11.6674
4373.380859	16.8673
4381.088379	5.95973
4386.429688	2.61453
4392.125000	0.233934
4392.948730	0.563645
4394.479980	0.210974
4395.239746	0.354316
4396.442383	0.21427
4397.212402	0.475555
4398.991699	0.312306
4403.962402	0.432734
4405.224121	0.435879
4406.845215	2.49836
4414.436035	3.98543
4416.762207	0.0090588
4418.651855	0.410897
4420.155273	0.0385655
4425.435547	2.64785
4426.466309	3.51536
4430.529297	7.04633
4437.118652	6.36094
4438.306152	0.787643
4441.693848	1.03334
4442.940430	0.127931
4445.129395	65.3381
4462.192871	127.084
4464.779785	78.5435
4469.564453	1.87307
4471.205078	0.0413738
4472.055176	0.550396
4473.708008	2.01827
4480.510254	10.3365
4498.106445	44.6545
4501.340820	1.85278
4502.238281	2.55945
4504.828125	0.145879
4506.472656	8.09097
4522.596191	6.46279
4526.253418	0.0961419
4527.049805	0.0416879
4529.374512	1.6474
4534.344238	0.355935
4535.585938	5.09528
4540.811035	1.24659
4541.632324	0.000965458
4542.770996	0.49811
4544.314941	0.0666049
4545.762207	0.198659
4547.041992	0.177955
4548.250488	0.086593
4549.675781	0.219404
4554.630859	4.90887
4559.700195	3.86531
4562.619141	0.113992
4564.087402	0.35307
4568.829102	0.226726
4570.615234	0.194721
4571.793457	0.042878
4573.245605	0.150683
4574.571289	0.0567354
4577.983887	3.80623
4588.598633	0.19308
4592.275391	0.00199355
4603.424805	3.77179
4605.730957	0.0966795
4606.948730	0.0664025
4608.108398	0.0404867
4610.079590	1.0526
4619.032715	1.03505
4620.331543	0.228158
4621.486816	1.19077
4623.699219	2.99181
4626.641113	1.75519
4627.937500	0.151067
4628.922363	0.682322
4630.671387	4.16457
4637.869629	4.01903
4643.157715	0.0826278
4644.095703	0.101628
4645.066406	0.168098
4646.883301	0.0490214
4647.953613	0.260776
4653.040527	0.187371
4655.041504	0.204473
4656.013184	0.0849843
4657.217773	0.338253
4659.052734	0.050853
4659.856934	0.047553
4661.179688	0.0661995
4664.248047	4.03989
4672.109863	1.99416
4674.618652	5.06921
4676.524902	1.01752
4679.526367	4.96355
4685.882324	2.77629
4687.626953	1.73555
4690.034668	0.56081
4691.167969	0.824939
4692.533691	1.05539
4693.375488	1.2103
4695.615723	1.5817
4697.718750	1.38278
4699.948242	0.745244
4701.325195	0.00496726
4702.310059	0.161595
4704.273926	1.11
4706.273438	0.0996952
4708.478516	1.06059
4714.194824	0.237153
4716.008301	2.89031
4718.392578	2.81652
4720.744141	0.924236
4722.804199	0.753298
4728.932617	4.25304
4734.681152	0.161222
4735.844238	0.501192
4737.176758	2.00322
4740.675293	0.770038
4741.962402	1.0895
4748.193848	0.71384
4750.178223	0.778881
4752.712402	0.137639
4754.915039	0.524377
4756.408203	0.266607
4757.533691	0.204525
4758.533203	0.0218044
4759.141113	0.0921355
4760.343750	0.102298
4763.010254	6.12556
4771.082031	1.00603
4774.227051	3.43604
4775.864746	1.98993
4776.541504	0.542151
4778.156738	4.53698
4787.109863	3.12309
4792.061035	11.5969
4796.598633	2.09838
4797.740234	0.376597
4801.833984	1.33451
4805.055176	3.68047
4826.131348	0.228575
4828.998047	5.27756
4834.883301	7.79504
4839.868164	3.51515
4844.133789	1.05699
4846.368164	0.0783374
4847.588867	0.0878311
4848.604980	0.331284
4850.379883	0.788558
4852.422852	0.236905
4856.325195	1.67412
4859.505371	0.0217349
4863.278809	3.95612
4864.666992	6.89496
4871.361816	6.39907
4876.167969	0.262298
4878.954102	0.33919
4881.656738	1.28713
4882.768066	0.121376
4883.667480	1.07079
4886.520020	0.0657637
4889.394043	0.196436
4891.097656	0.0183243
4892.783691	0.0724983
4895.630859	0.10595
4896.989746	0.348275
4898.324219	0.266697
4899.731934	0.566687
4901.399414	0.375323
4902.530762	0.0533048
4904.144531	0.146765
4905.646484	0.093469
4906.731934	0.0140979
4913.990723	0.327528
4917.326660	0.0515739
4919.345703	0.0817666
4920.582031	0.0493019
4921.805664	0.0311943
4923.442871	0.024963
4924.585938	0.00739647
4934.970215	0.785958
4937.868164	0.227155
4939.663086	0.165927
4940.968262	0.0571617
4942.168945	0.117889
4943.728027	0.351924
4952.554688	1.11538
4954.626465	3.334
4961.462402	1.49946
4964.664063	0.0570558
4966.642578	1.57594
4970.430176	0.122702
4973.830078	5.75417
4979.498535	1.23897
4983.530273	0.24123
4986.428223	0.203669
4988.572754	0.249154
4992.051270	0.831622
4994.669434	0.245058
4996.112793	0.551087
4998.562988	0.506857
5000.404297	1.1936
5008.133789	1.46283
5015.007324	0.193168
5017.558594	0.133431
5018.818848	0.0977562
5020.153809	0.0422947
5021.706055	0.0436116
5022.848633	0.0178615
5026.735840	2.71004
5039.437988	0.107534
5041.083984	0.110385
5044.730957	1.42215
5046.874023	0.816886
5048.901855	0.960996
5052.862793	0.0466235
5060.186523	0.967318
5064.100098	0.537997
5066.697754	0.34418
5068.963867	0.294298
5071.291504	0.123625
5072.723145	0.0307277
5073.725098	0.00341956
5076.275879	0.642031
5091.956543	0.994073
5094.710938	0.705669
5097.729980	1.24608
5100.021484	0.932087
5102.069824	0.548385
5103.212891	0.0896807
5104.866699	0.204246
5106.273438	0.10908
5107.059570	0.130735
5108.136230	0.123592
5108.893555	0.0149197
5109.548828	0.00843616
5111.146973	0.0399314
5112.079590	0.0301378
5114.047363	0.0661671
5122.297363	1.05735
5127.911621	3.37858
5132.200195	1.59494
5133.566895	3.96127
5137.694824	0.507239
5140.988770	6.78932
5145.291016	1.38489
5146.860840	0.0541433
5148.782227	0.923554
5151.362793	0.370896
5152.591309	0.401559
5155.291992	7.72309
5159.386719	2.39486
5160.744141	0.891618
5162.876953	0.448425
5164.843262	1.91636
5166.273926	0.490825
5167.200195	0.554153
5169.061035	0.213273
5170.535645	0.163694
5172.004883	0.442703
5173.506836	0.679198
5176.333496	0.168218
5177.741211	1.07427
5190.739258	6.27554
5192.654785	5.57547
5199.628906	0.226458
5200.922363	0.193875
5203.954590	0.699462
5205.626465	3.89416
5212.169434	2.05498
5215.301270	0.518018
5216.946777	3.59938
5218.096680	4.64367
5220.448242	0.570108
5221.429199	0.305942
5223.191895	0.588875
5224.545898	0.379792
5225.745605	1.51405
5229.790527	0.853278
5231.302246	0.939877
5232.628906	0.20615
5234.166504	0.2635
5235.610840	0.255723
5236.899414	0.734879
5248.410645	3.22805
5251.108887	1.35564
5257.554688	23.8503
5259.123535	0.25055
5260.396484	2.28348
5262.093262	40.9658
5275.967285	32.5187
5278.414551	4.32581
5280.570313	35.0367
5291.116699	5.25915
5292.643066	3.37986
5293.618164	0.710765
5295.239258	9.48171
5305.009766	6.95607
5311.583496	21.5873
5317.140137	6.93847
5318.452637	4.16969
5325.632324	4.81179
5327.822266	10.4114
5335.727539	16.5092
5343.749512	2.79179
5346.401367	0.0630428
5348.951660	0.902134
5353.065430	1.11954
5355.559570	0.337632
5357.869629	0.365032
5360.384766	0.092138
5361.189453	0.0500975
5362.671875	0.526773
5363.927246	1.05311
5366.906250	0.110899
5368.992676	0.576769
5372.670410	0.349345
5374.528320	0.76879
5376.573242	6.00517
5383.175781	19.0075
5384.312500	12.0384
5387.275879	0.470064
5388.563965	0.321253
5392.347656	6.60627
5397.157227	4.25817
5405.554199	1.53973
5409.295898	17.7871
5413.448242	0.0837157
5418.421387	10.4139
5424.027832	6.86266
5428.382324	4.11993
5429.529785	0.659347
5430.865723	0.911645
5432.762695	0.179654
5433.865234	0.241985
5435.426758	0.937014
5437.526855	0.470721
5439.625977	0.465085
5442.358398	3.79429
5458.868164	26.453
5467.077637	0.218287
5468.318359	0.440846
5469.400879	0.0697695
5470.114258	0.0795105
5476.181152	11.7005
5483.939941	3.95167
5486.400391	0.623523
5487.722168	0.0307262
5488.869141	1.08895
5490.716797	0.141177
5494.519043	0.24923
5497.186035	0.333192
5501.515137	15.1374
5505.177734	5.26912
5512.513184	1.23321
5513.983887	1.14329
5515.249023	0.474068
5516.619629	0.557972
5518.261230	0.0981766
5519.768555	4.29241
5522.021973	3.21925
5524.399414	1.35925
5526.089355	0.5578
5528.653320	0.0644978
5531.835449	7.02467
5535.467773	0.0801418
5537.313477	2.42613
5539.749512	0.40637
5542.065430	0.547644
5544.330566	0.918335
5547.689941	0.591065
5549.961914	2.16381
5552.551270	2.18405
5555.367188	2.0587
5557.429688	0.949135
5560.713379	0.812844
5565.834473	3.73081
5569.314941	0.477657
5571.475098	6.74064
5579.896484	12.4433
5585.651855	7.08813
5586.890625	0.669359
5591.055176	6.37535
5593.992676	8.53293
5597.659668	2.64919
5598.923828	3.17435
5600.876953	2.4455
5602.891113	2.70948
5605.902832	3.55961
5608.393066	4.95454
5609.164063	1.61705
5616.041016	352.444
5623.311523	38.0419
5633.994141	487.789
5636.504883	170.216
5642.630371	16.5534
5649.751953	7.60541
5651.836426	6.68038
5653.993652	7.64323
5663.240234	1.62612
5664.656250	0.594792
5671.561523	25.3471
5674.986816	6.2786
5677.523438	16.6653
5682.508301	17.6114
5688.259766	7.82326
5689.786133	1.87142
5691.245117	8.15092
5693.946289	1.08684
5695.935059	0.244717
5697.636719	1.34816
5700.870605	62.9153
5706.998535	0.617725
5708.792480	3.57587
5709.445313	0.0100093
5715.621582	129.271
5719.059082	3.71416
5720.736328	22.6526
5731.092773	205.997
5732.815918	207.018
5748.588379	723.344
5755.985840	30.2361
5766.558594	10.3671
5768.460938	0.529685
5770.481445	14.4052
5777.165527	3.87783
5780.584473	0.810373
5783.085938	1.33655
5790.628418	9.72986
5792.645508	0.908846
5793.244629	0.0836139
5795.345703	0.475617
5808.023438	10.1683
5810.044434	0.122629
5814.332520	4.43553
5816.562500	3.94752
5824.123535	29.4061
5826.031250	0.327391
5827.342285	19.3039
5832.768555	8.05747
5837.019531	0.308118
5838.719238	1.05151
5839.850586	0.164063
5841.519531	0.11821
5844.024902	1.13745
5845.389160	1.38538
5848.351074	6.26757
5852.260254	0.952622
5854.312988	5.65947
5863.197266	16.4065
5879.613770	16.3626
5886.785156	2.85296
5888.316406	0.116678
5891.114258	6.36497
5900.530762	11.0594
5905.715820	22.5898
5910.333984	3.35343
5914.396484	0.315725
5915.499512	0.265111
5917.784668	2.25528
5921.663086	3.17696
5926.190430	4.34047
5929.411133	0.0382369
5931.613281	2.57848
5936.522461	0.0457871
5938.266602	0.205437
5939.653320	0.103383
5940.563965	0.0642493
5942.190918	1.18548
5955.622559	5.60291
5957.658691	9.83862
5966.880371	5.40777
5971.672363	7.60456
5973.246582	4.36442
5975.904297	0.169263
5981.088379	2.38742
5983.819824	4.82941
5993.285645	5.9558
5996.418457	0.540276
5998.697754	1.27954
6001.094238	0.316112
6002.391602	0.0484012
6003.699707	0.184242
6006.480957	0.377375
6009.715332	8.23088
6020.915039	0.186496
6022.846680	3.30387
6026.177734	5.37961
6028.272949	1.9019
6030.972168	2.60735
6034.870117	0.0523309
6036.580566	1.49884
6039.783691	1.54832
6042.289063	0.475885
6045.159180	0.558384
6047.379395	0.361017
6049.109863	0.33403
6050.379883	0.225941
6051.905273	0.287916
6053.575195	0.105803
6054.760742	0.039875
6056.684082	0.184484
6059.202637	0.444317
6061.022949	3.64285
6066.177246	0.288822
6069.079102	4.13394
6075.095215	2.4618
6079.823242	1.21523
6092.536621	1.01001
6099.263672	0.391903
6101.325195	0.261057
6104.214844	0.10932
6106.050293	0.054116
6110.055176	0.0102028
6116.176270	2.9449
6118.571777	1.55348
6120.849121	0.916362
6122.972656	1.48819
6126.355469	0.750312
6129.329590	1.20374
6130.944824	1.97995
6138.657227	0.881522
6140.338867	0.0649089
6145.295410	1.65745
6149.366211	0.621334
6151.799316	3.75884
6154.024414	1.00435
6156.379883	0.955993
6157.534668	0.539932
6160.741211	0.118332
6162.534180	0.0234808
6165.286621	0.150855
6169.330566	0.385554
6171.958008	0.24374
6174.530273	0.174429
6176.337891	0.168293
6177.881348	0.175255
6180.885742	0.0528097
6182.378418	0.049746
6184.564941	0.231517
6187.511230	0.451131
6189.510254	3.08164
6198.325195	0.136076
6199.805176	0.214827
6202.883301	0.188034
6225.336914	13.6421
6228.178711	1.30784
6231.060547	2.64504
6234.731445	1.93015
6238.964355	8.92405
6243.059082	2.68863
6248.404785	75.1241
6266.852051	12.7502
6273.813477	0.599867
6275.515137	0.876213
6279.902832	4.86271
6284.410645	0.853217
6286.545410	1.37485
6289.020020	0.566109
6290.664551	0.4962
6292.508301	0.686718
6294.931641	0.379119
6296.645996	0.645393
6298.246582	0.535932
6299.556152	0.111453
6301.508301	1.86516
6304.018555	2.86973
6306.501465	0.606214
6308.364258	0.533023
6310.483398	0.411232
6312.944824	0.364707
6315.451660	0.691612
6317.257324	4.58375
6322.799316	7.40016
6324.563965	2.136
6326.913086	0.355776
6328.025879	0.19501
6330.098633	17.6426
6341.171387	55.3599
6343.103027	84.1499
6353.034668	4.55232
6359.236816	318.111
6374.341309	94.6152
6377.344727	254.032
6387.615723	17.6154
6397.766602	11.7938
6402.257324	1.98903
6408.831543	0.680556
6410.446777	0.858163
6412.047852	0.682788
6413.361328	0.878954
6417.438477	12.9216
6427.766113	1.11602
6432.222168	10.4525
6435.859375	3.46367
6438.188477	2.23287
6440.563965	6.96498
6445.629395	6.6308
6448.216309	1.74289
6451.474609	3.47737
6454.588379	4.17215
6456.675781	7.30092
6461.102051	14.9498
6466.096680	1.14757
6469.090332	1.43431
6475.877441	26.4156
6483.598145	6.01609
6487.917969	0.814323
6494.322754	16.4513
6503.003418	6.64897
6505.356934	0.711426
6507.600098	1.49364
6510.471191	0.92351
6511.943359	1.17609
6515.011719	0.331894
6520.630859	4.59225
6522.389160	1.57254
6526.314453	2.1861
6529.396484	9.34758
6531.120117	1.47441
6534.030762	23.8601
6541.004883	3.53342
6547.728027	33.4222
6549.664551	26.9528
6555.382324	18.6758
6562.366211	3.9564
6564.343750	0.707261
6566.999512	0.258275
6571.071777	4.05166
6575.577637	0.615962
6578.533691	1.03561
6585.652832	5.98328
6588.222656	0.398362
6589.604492	1.19541
6591.998535	2.05145
6594.464355	4.16917
6599.365234	0.875219
6601.421387	3.11103
6603.263672	12.8156
6613.641602	8.48824
6619.956055	0.149346
6624.112305	6.98701
6628.280762	0.33267
6634.535156	3.18909
6636.943359	0.273615
6638.928711	0.341422
6641.890137	0.55539
6643.448730	0.274701
6647.782227	0.439759
6650.628418	0.47681
6653.670410	0.341522
6655.811035	0.744014
6657.636719	3.31125
6662.686523	2.8952
6665.135742	1.72878
6667.700684	4.54029
6679.782715	20.8624
6686.014160	23.3543
6692.533691	4.41152
6694.908203	1.09951
6697.782715	1.64453
6699.373047	2.28193
6704.259766	0.611663
6706.515137	0.65813
6709.416992	2.66684
6712.353516	2.81409
6714.653320	2.94955
6718.036133	3.67533
6720.781250	3.76541
6723.270996	1.30032
6725.459473	1.19724
6727.782715	0.724099
6730.107910	1.95894
6734.534180	0.221547
6736.253906	0.876743
6739.910156	0.579571
6745.111328	0.677568
6748.945313	5.48355
6761.956055	27.6677
6766.309570	0.0662835
6770.384766	6.43029
6774.759766	0.833844
6787.595215	25.2258
6790.480957	35.7531
6811.747559	21.5573
6816.239746	2.43715
6817.937988	7.23801
6830.295410	6.49568
6833.627930	1.94383
6839.570801	6.08175
6845.891602	6.31548
6847.851074	2.54618
6850.630859	3.58827
6855.980957	0.0928161
6859.285645	0.220101
6862.515137	8.54858
6864.876465	1.73477
6868.077148	2.06681
6871.430176	3.79103
6876.227539	1.93116
6878.852539	0.198632
6880.434570	0.0634948
6882.914063	12.451
6896.025391	22.0654
6903.770020	4.61891
6905.803711	0.14819
6907.516113	0.116496
6909.135254	0.617196
6910.402832	2.30518
6918.708496	1.68853
6920.477051	0.299253
6922.030762	0.121589
6923.560059	3.34151
6931.894043	80.2941
6941.456543	9.62383
6943.722656	1.47875
6950.104004	167.552
6961.819824	10.6895
6969.974121	13.6412
6977.500488	0.8526
6982.233398	3.40983
6983.924805	0.285458
6984.733398	0.0226028
6993.214355	24.7821
7005.787598	0.347715
7007.604980	0.799467
7010.781738	0.781498
7013.076172	0.459063
7015.580078	0.953741
7018.472168	3.24033
7020.334961	2.12532
7024.339355	4.97237
7029.780762	7.87249
7042.801270	1.21017
7045.090332	3.11139
7050.445313	2.41235
7059.423828	5.18494
7069.527344	0.0740085
7071.870117	2.02862
7084.812500	18.6583
7087.195801	3.43102
7090.869141	51.5039
7103.030273	58.5801
7106.390625	137.023
7122.106934	209.992
7131.231934	10.3735
7142.509277	10.9661
7148.490723	10.1584
7151.731934	0.671693
7154.805176	5.26993
7163.824707	3.39414
7165.470215	1.34733
7169.201172	0.671359
7171.146484	0.796534
7172.212402	0.385393
7174.345215	0.520888
7176.205078	0.34922
7177.725586	0.615306
7179.908203	0.103003
7180.993652	0.15118
7182.997070	0.314564
7186.261719	1.30639
7189.625000	1.37859
7195.693848	9.43885
7201.296387	26.914
7210.341797	54.4279
7217.556152	20.7875
7219.095215	1.06777
7220.866699	3.67664
7226.154297	2.46557
7236.558105	3.44761
7241.928711	11.5578
7246.186523	12.4567
7252.450684	0.124714
7258.127930	3.76077
7261.073730	1.35183
7263.931641	1.21004
7267.922852	1.09693
7269.581055	0.704756
7272.750000	3.94791
7275.853516	1.72743
7278.741211	0.798206
7281.360840	0.329072
7283.465820	0.201604
7285.171387	0.33299
7286.585449	0.057079
7288.208496	0.161504
7290.074707	0.0555634
7294.378906	1.35196
7300.780273	1.3034
7305.238281	0.583933
7307.940918	0.0112068
7309.820313	0.606778
7312.255859	4.66385
7319.054199	6.19732
7323.982910	0.930956
7326.060547	0.90834
7328.969727	0.190157
7331.494629	0.168941
7332.997559	0.0176671
7336.206543	0.00207873
7342.641602	0.113441
7344.935547	0.0883148
7346.575195	0.0694909
7348.107910	0.0283369
7350.007813	0.0423438
7351.572754	0.0275777
7353.673340	0.057733
7355.584473	0.0738376
7358.062012	0.550834
7359.976563	0.471856
7361.660156	0.0854379
7363.311035	0.104405
7364.812988	0.192263
7367.790039	0.178014
7370.984375	1.13298
7376.843750	1.9521
7380.513184	0.573089
7383.068848	0.395043
7389.152832	1.10427
7391.356445	0.282461
7393.911621	0.171613
7396.623047	0.204678
7399.270020	0.0695369
7402.205078	0.0554349
7404.174316	0.0633307
7406.216797	0.156538
7408.360840	1.77371
7417.538574	1.85452
7419.549316	0.460894
7422.115723	0.0451772
7427.725098	0.892427
7431.472656	0.105495
7433.199219	0.100945
7434.554688	0.0165359
7436.503418	0.0277342
7439.587402	0.00154846
7440.806641	0.00781852
7442.618652	0.165898
7451.883789	0.516788
7455.362305	0.142753
7457.984375	0.537089
7459.607422	1.03312
7462.797852	0.154234
7465.125977	0.453876
7469.353027	0.307322
7471.365234	0.342351
7478.301758	2.56867
7483.325195	3.55159
7485.552246	0.846667
7488.661133	4.15243
7497.457031	6.0398
7503.907227	7.20135
7510.415527	1.89105
7515.776367	0.305753
7524.095703	0.439251
7529.910645	0.0125268
7531.283691	2.12659
7540.486816	0.125917
7545.241699	1.65215
7546.885742	0.319499
7549.187500	3.34068
7558.441406	0.263191
7560.256348	0.173013
7561.958008	0.077168
7565.149902	0.23442
7566.739746	0.216837
7568.745117	1.31482
7593.612793	3.60785
7595.594727	0.310264
7598.619141	2.02161
7604.888672	0.0873095
7607.285156	1.73109
7616.927246	0.0178004
7619.175781	0.050071
7622.844727	0.325399
7625.775391	0.233556
7627.163086	0.214051
7628.557617	0.214009
7630.605957	0.988087
7634.118164	0.284296
7637.046387	1.54832
7642.948242	5.23976
7648.058105	0.725676
7651.627930	0.733439
7652.670898	0.215676
7654.332031	0.364761
7658.300293	1.17771
7661.164551	0.7815
7662.479492	0.0207363
7664.236816	0.303384
7666.371582	0.145532
7667.524902	0.0260418
7669.101563	0.0529594
7671.260254	0.148233
7673.268555	0.527029
7680.819336	1.33824
7683.445313	0.0942154
7684.903809	0.0354286
7686.610840	0.0682532
7688.977051	1.092
7708.465332	2.53825
7717.043457	4.34239
7724.090332	2.36234
7726.350098	0.0290815
7727.950684	0.035914
7729.968750	0.086525
7731.480957	0.0571826
7733.067871	0.0827244
7734.575195	0.0290134
7736.558105	0.0206015
7740.541504	1.59423
7756.028320	0.515389
7760.055176	0.264875
7762.030762	0.104206
7763.029297	0.0978396
7765.466309	0.102777
7766.850586	0.00765262
7768.306641	0.011609
7772.548340	0.108877
7778.505859	0.366554
7783.216797	0.327275
7785.042969	0.35895
7787.010742	0.0224263
7788.447754	0.103602
7790.534668	0.123409
7799.566895	0.95395
7804.290039	1.26546
7808.916504	1.14475
7811.199707	0.414744
7812.792969	0.198023
7814.310059	1.05738
7820.150879	0.692599
7821.781250	0.465052
7823.149902	0.134795
7824.977539	0.182351
7826.811523	0.0495054
7830.400879	0.973858
7834.668945	0.817429
7837.569336	0.516431
7841.030762	0.899403
7843.902344	0.240871
7848.043457	0.476308
7849.362305	0.298566
7852.979980	5.33783
7856.261719	2.45321
7857.736328	0.0485456
7859.462891	0.909057
7861.668945	0.420774
7862.783691	0.0694422
7871.543457	1.64262
7881.502930	0.636719
7887.104492	3.46526
7894.485352	6.9118
7901.734863	4.25939
7905.497070	0.746869
7912.594727	0.575003
7919.909180	0.123931
7921.902344	0.0823411
7923.350586	0.0185071
7925.341797	0.0443097
7928.023438	0.34453
7938.495117	0.480568
7943.270020	0.227996
7944.384766	0.221422
7946.300781	0.564581
7947.585449	0.0177825
7949.660645	0.171993
7951.423340	0.057786
7952.627441	0.257417
7955.137207	0.226422
7956.865234	0.300533
7958.614258	0.103706
7960.455566	0.122009
7962.681641	2.09463
7970.057617	3.69795
7972.688965	5.44517
7977.982422	20.0195
7981.402344	0.0772333
7983.501465	1.16732
7990.104980	2.08654
7999.264648	2.02563
8007.592285	0.246163
8010.532715	0.194183
8012.358398	0.0621253
8014.224121	0.223115
8016.030762	0.120926
8017.465820	0.1226
8019.461426	0.0834699
8027.690430	3.0761
8038.585449	1.04915
8039.984375	1.14816
8043.847656	0.880416
8045.823242	0.705413
8049.137695	0.162124
8052.268555	0.241635
8054.245117	0.513872
8056.278809	2.25806
8059.377441	0.448758
8061.814941	0.394197
8065.417969	0.272342
8068.451172	0.486822
8070.817871	0.25432
8074.388672	0.804258
8090.055176	0.341094
8094.347168	0.179037
8096.811523	0.131837
8101.718262	1.20848
8104.052734	9.46519
8113.765625	1.15167
8116.892578	0.380116
8119.484863	0.611261
8122.368164	0.203492
8126.438965	1.61089
8129.600098	0.881352
8131.863281	4.19608
8145.348145	4.95991
8155.105469	0.764125
8159.845703	0.13242
8161.654785	0.102639
8162.780273	0.0107005
8164.730469	0.0780003
8168.743652	0.394941
8172.356934	1.36171
8175.095703	0.827912
8178.304688	0.336704
8180.838379	0.183639
8190.872070	1.7086
8196.622070	2.96939
8199.736328	4.96324
8202.318359	5.3823
8205.091797	2.55889
8211.627930	29.1455
8218.835938	5.53275
8221.157227	2.40938
8225.028320	2.33829
8228.727539	12.6793
8236.242188	3.89242
8239.224609	0.380664
8240.975586	0.724714
8244.426758	0.182296
8246.824219	0.644276
8250.585938	1.49586
8253.894531	0.835665
8257.084961	0.287999
8259.553711	0.123537
8265.561523	0.494489
8270.210938	0.0100996
8292.166992	10.6404
8297.486328	0.79023
8300.456055	0.582734
8303.724609	0.448777
8316.250977	5.3301
8322.407227	2.28592
8326.043945	2.07279
8329.666016	2.07733
8332.652344	1.21504
8336.657227	16.6277
8363.781250	0.0602309
8366.644531	0.434883
8369.553711	0.139616
8372.329102	1.0294
8379.790039	2.45008
8384.087891	0.267112
8386.272461	0.0833384
8387.958984	0.172322
8391.140625	0.178965
8394.712891	1.77588
8399.241211	0.994819
8401.907227	0.595276
8405.062500	0.311503
8408.250977	0.0266448
8413.432617	1.29376
8420.978516	1.90417
8433.320313	2.10628
8441.679688	0.912456
8444.989258	0.111952
8447.082031	1.25873
8451.038086	0.552934
8453.470703	0.481913
8456.810547	0.171706
8459.846680	0.161918
8463.719727	0.157643
8472.087891	0.180641
8476.561523	0.141598
8480.047852	0.311506
8483.023438	0.667715
8485.417969	0.885154
8491.728516	2.28069
8495.238281	0.406259
8498.188477	0.619396
8500.949219	0.442729
8505.022461	0.426241
8508.116211	1.76593
8510.929688	1.33992
8513.932617	0.574056
8516.589844	0.265711
8519.921875	0.352831
8523.740234	0.658744
8527.033203	0.315472
8528.974609	0.124704
8531.257813	0.1307
8533.007813	0.0969323
8534.624023	0.0796113
8536.796875	0.0428382
8540.953125	1.38275
8544.401367	0.954518
8546.094727	1.13916
8549.565430	1.50576
8552.208008	0.583553
8558.011719	4.33307
8560.431641	0.0896623
8563.483398	0.543012
8566.981445	2.21696
8569.617188	4.53368
8573.155273	9.01852
8575.904297	2.5852
8584.260742	21.7952
8586.777344	42.2785
8596.434570	15.2225
8602.791016	53.201
8605.331055	79.3457
8619.196289	180.033
8627.530273	0.265421
8631.518555	6.17224
8634.386719	1.53437
8635.954102	0.253434
8638.688477	22.8462
8647.641602	9.18729
8662.002930	0.679799
8669.040039	7.51897
8673.229492	2.11246
8676.869141	5.95623
8683.402344	29.2494
8694.801758	36.7221
8702.448242	7.43944
8704.997070	1.09336
8707.870117	8.53502
8715.053711	16.9739
8731.697266	8.07624
8734.234375	18.6641
8745.089844	16.2034
8749.508789	0.463243
8751.543945	0.702046
8752.509766	0.0619966
8755.997070	4.1877
8762.097656	0.2268
8766.401367	0.542677
8769.495117	0.680964
8772.377930	0.204268
8775.102539	0.377596
8777.975586	0.587271
8780.266602	0.398052
8783.055664	1.86379
8791.324219	0.066289
8793.170898	0.762495
8798.643555	0.112406
8801.281250	3.91431
8807.591797	4.13799
8814.658203	5.48741
8819.867188	1.08898
8822.435547	0.360813
8829.774414	7.44051
8831.979492	9.85991
8838.972656	1.28631
8840.402344	1.10505
8843.080078	0.531648
8843.996094	0.133747
8846.330078	0.569595
8849.432617	0.0566566
8853.019531	1.6417
8858.216797	0.0767653
8862.534180	0.959716
8865.628906	0.179734
8870.666992	2.10455
8873.592773	1.15985
8876.884766	10.3191
8883.332031	7.21052
8885.500000	1.37986
8889.262695	2.30353
8898.458008	12.101
8912.458008	9.0687
8914.376953	6.51058
8919.037109	1.06692
8922.801758	0.16703
8927.918945	2.94142
8943.160156	21.0385
8962.728516	16.5222
8969.410156	0.733139
8971.624023	2.23737
8975.706055	3.55911
8986.412109	4.01397
8988.709961	0.762921
8991.614258	11.2955
9002.817383	25.6439
9012.881836	3.09682
9019.682617	0.0029458
9023.858398	0.134341
9026.889648	0.109508
9030.262695	0.0752509
9039.960938	0.327461
9042.777344	0.00883251
9046.646484	0.0243018
9050.335938	0.0253799
9055.005859	0.104834
9057.749023	0.135984
9059.565430	0.0825077
9061.170898	0.0581026
9063.373047	0.0475316
9065.230469	0.0155329
9066.936523	0.0127626
9068.303711	0.00702076
9070.896484	0.00277267
9078.018555	0.172764
9080.912109	0.218928
9082.713867	0.156692
9084.352539	0.128408
9086.749023	0.155057
9088.682617	0.0639607
9090.370117	0.0989753
9092.895508	0.115907
9094.754883	0.0625057
9096.384766	0.0549577
9098.560547	0.0925062
9103.723633	0.181442
9108.088867	0.104762
9110.708984	0.0675352
9114.105469	0.311452
9128.795898	0.0973951
9131.679688	0.485551
9135.008789	0.673695
9138.202148	0.241868
9141.216797	0.33759
9147.660156	0.152519
9152.202148	0.75247
9157.127930	0.945156
9159.980469	0.909895
9163.061523	0.258953
9164.946289	0.0394626
9168.568359	0.370445
9174.947266	0.177255
9176.671875	1.10995
9195.285156	2.96204
9198.344727	2.08767
9205.031250	0.0465498
9208.575195	1.52546
9210.770508	2.84268
9215.949219	0.0856178
9217.417969	0.466389
9219.693359	2.05403
9221.433594	0.109917
9223.073242	0.599674
9225.661133	0.383863
9227.330078	0.00873648
9230.450195	2.16346
9234.453125	1.05977
9237.794922	0.528907
9240.929688	0.563863
9244.002930	0.0941985
9247.065430	0.0497861
9250.158203	0.108781
9253.185547	0.105614
9255.140625	0.0443304
9256.516602	0.0485236
9258.958984	0.0326686
9261.529297	0.376421
9279.810547	0.465714
9284.256836	0.269499
9287.327148	0.112845
9290.847656	0.130519
9294.832031	1.32373
9302.433594	0.287994
9304.528320	0.22816
9311.236328	1.72567
9313.357422	2.56684
9323.622070	3.42167
9335.609375	1.35507
9340.042969	2.79812
9343.500000	3.62743
9346.385742	1.1734
9349.946289	0.29487
9357.868164	6.0925
9368.081055	1.67623
9370.213867	0.0395326
9374.159180	0.0842221
9376.424805	1.20139
9390.048828	3.65993
9397.589844	1.19019
9407.531250	2.89532
9418.112305	1.02368
9427.586914	0.259245
9435.931641	0.0948817
9437.922852	0.0746702
9439.480469	0.0832263
9441.541992	0.0384086
9443.443359	0.0259166
9445.204102	0.0374711
9450.646484	0.985417
9459.311523	7.40349
9466.201172	3.80398
9468.599609	1.35774
9472.393555	0.925002
9475.188477	0.153814
9478.705078	0.129577
9487.079102	0.703242
9491.658203	2.74944
9497.893555	0.0968214
9502.996094	0.83126
9506.430664	0.263318
9509.488281	0.208711
9512.278320	0.0749968
9516.840820	0.658256
9520.252930	4.445
9529.767578	2.65346
9539.711914	1.87482
9542.708984	9.4241
9552.660156	5.53461
9558.430664	0.701367
9567.232422	1.66302
9575.945313	0.0423048
9579.249023	0.0503267
9584.881836	4.78412
9590.077148	1.8028
9592.717773	0.796174
9596.315430	0.467925
9599.882813	0.210234
9603.022461	1.52855
9613.075195	0.393551
9615.113281	0.476232
9616.644531	0.403892
9618.282227	1.35195
9622.165039	2.48216
9626.360352	5.59935
9628.368164	9.02583
9636.104492	2.47039
9639.097656	6.71724
9645.699219	2.49885
9652.295898	1.53431
9657.631836	0.667419
9660.315430	0.219917
9662.329102	0.127174
9664.249023	0.119084
9666.128906	0.0973964
9669.782227	0.539257
9677.243164	0.207069
9679.228516	0.378806
9680.950195	0.955897
9684.702148	0.120544
9686.682617	0.537332
9687.794922	0.211402
9690.103516	0.0706686
9694.287109	0.311325
9697.137695	0.029494
9699.083984	0.0292555
9700.585938	0.190931
9705.887695	0.140181
9710.199219	1.2092
9716.381836	0.667983
9719.063477	0.22753
9722.569336	0.190826
9725.465820	0.101127
9728.509766	0.105517
9730.461914	0.0589986
9731.965820	0.0365751
9734.375000	0.026171
9738.480469	1.21133
9763.249023	0.148856
9767.980469	0.0889869
9769.990234	0.306463
9772.057617	0.29971
9774.023438	0.0292799
9775.892578	0.0881245
9778.475586	0.0860539
9780.857422	0.0451477
9790.822266	0.6734
9799.223633	0.323555
9801.674805	0.61959
9804.216797	1.68943
9807.547852	0.612237
9810.559570	0.668687
9816.164063	0.0746266
9818.012695	0.30275
9820.000000	0.0763095
9821.939453	0.051995
9824.472656	0.19987
9827.031250	0.411029
9829.279297	0.40451
9832.891602	0.204443
9835.100586	0.0945348
9854.945313	4.31147
9858.336914	0.159501
9862.397461	9.35093
9876.737305	4.4813
9879.226563	7.20474
9889.968750	2.07739
9898.630859	1.5872
9914.670898	0.0466254
9917.213867	0.0376455
9919.088867	0.0179411
9920.849609	0.0478634
9923.511719	0.0608496
9925.201172	0.0506359
9927.394531	0.0660701
9929.443359	0.0324451
9933.952148	0.288901
9936.376953	0.0691378
9938.220703	0.123587
9940.339844	0.156457
9946.290039	5.17981
9969.640625	6.03349
9976.922852	0.138839
9980.128906	0.834942
9987.231445	0.107123
9992.681641	0.842341
9995.748047	0.506189
9998.581055	0.427194
10011.283203	2.62581
10020.450195	0.741283
10025.710938	0.182828
10027.670898	0.155487
10029.689453	0.169303
10031.395508	0.33957
10039.075195	4.56333
10049.988281	2.92143
10053.782227	0.144231
10056.091797	0.459462
10063.331055	0.769961
10071.610352	0.0564429
10074.406250	0.0779249
10076.310547	0.038974
10077.944336	0.0332702
10080.591797	0.0321482
10082.116211	0.272814
10086.718750	0.299445
10088.135742	0.54382
10090.559570	0.63494
10094.207031	0.189271
10096.594727	0.0969906
10097.345703	0.000253312
10099.096680	0.0463842
10102.470703	0.208237
10105.893555	0.0601457
10109.543945	0.0277973
10118.645508	2.11681
10127.120117	3.92079
10134.573242	10.8993
10143.311523	2.43275
10147.708008	0.557843
10150.695313	0.342884
10152.440430	1.08125e-007
10154.109375	0.00363161
10159.358398	2.74623
10166.566406	5.00092
10171.519531	1.25506
10174.799805	0.213814
10176.750977	0.727122
10178.744141	12.3943
