TITLE "<<210504_CED_CKF_A20_PM_9065_RM13516_ThermoSIN_MSMS1kVPos_Sen_MetON_AlkTrx_XCal_TIS_100Da_10K_6800hv>> 4700 MS/MS Precursor 9065 Spec #1=>AdvBC(32,0.5,0.0)=>NR(2.00)=>SM31=>CT[BP = 8348.1, 3444]" CENTROID
TYPE MASSSPEC
9.955194	1.69593e-007
9.979676	3.95716e-007
10.005918	3.84251
16.097395	17.5142
21.269045	18.1322
22.474415	18.4551
22.892420	7.35462
23.105309	0.204936
23.288399	110.434
23.613152	4.27269
23.870422	4.30397
24.392275	14.9137
25.384943	15.8845
26.439766	1.52696
26.884954	0.230183
27.198915	0.290893
27.376097	0.227275
27.558128	0.263676
28.165594	8.57202
29.362001	1.34954
29.937096	5.33927
30.076685	7.20643
30.375120	15.1229
30.655237	1.00904
30.732189	0.126752
31.129827	3.04713
33.686607	0.0583307
33.850655	0.102175
33.948513	0.0658563
34.050545	0.0344197
34.184448	0.0275792
34.277916	0.0149183
37.625076	6.76549
38.542610	1.88833
39.046356	2.86613
39.268871	4.41262
39.450836	1.42545
39.763451	7.32625
40.222794	4.72915
40.742287	9.3938
42.483372	10.2564
43.531242	60.1935
44.471550	83.5916
44.833035	6.13354
45.308338	3.23465
45.979233	12.3797
46.501431	8.55324
47.879089	5.7795
48.191978	0.319756
48.338249	0.255377
48.612839	0.517227
49.026653	15.7246
49.535774	10.0894
49.696369	2.50042
49.937263	6.18574
50.085926	2.28157
50.361008	0.701391
50.789116	3.90488
51.036354	1.44489
51.386833	2.02495
51.639450	2.13414
51.869934	1.3163
52.125549	17.0089
53.266773	4.07041
53.669785	8.84089
54.146336	6.39497
55.668472	13.6173
56.279476	0.489098
56.501514	8.38987
56.956394	1.8658
57.784401	18.5755
59.828327	149.266
59.977581	42.2199
60.173138	37.5967
60.436043	40.5736
60.602688	3.40044
60.730854	23.9298
60.905769	2.26839
61.020737	24.772
61.184376	7.55573
61.368851	12.1311
61.576733	39.0055
61.803059	0.363238
61.889027	0.246431
61.961124	1.15057
62.191391	38.872
62.624359	2.57938
62.735603	2.76149
62.982548	24.5592
63.316269	5.98371
63.529667	5.29289
63.693996	25.5015
64.244263	29.2336
64.694962	2.89583
64.870377	11.2512
65.272072	2.37863
65.402756	4.11193
65.784142	9.39856
66.427048	11.3562
67.046974	10.479
67.479195	3.61707
67.599495	1.77051
67.879013	0.229951
68.092278	8.93442
69.326912	2.84745
69.816254	38.0294
70.607513	91.2701
70.955215	0.342314
71.141426	3.22292
71.577156	17.2846
72.042191	0.951488
72.526558	6.88703
73.285202	2.25951
73.797562	0.153336
74.473106	83.5906
75.060623	1.07628
75.456619	9.2767
75.872055	3.32542
76.283798	0.269532
76.515907	0.232185
76.653725	0.51802
76.779572	0.111912
76.965073	0.253367
77.602798	6.23098
78.307236	8.90856
78.482170	6.462
78.807961	9.69162
79.034500	6.53463
79.338539	14.3874
79.787704	0.283996
80.060638	2.78768
80.219559	9.13328
80.656799	3.26661
80.904266	1.39758
81.182426	5.40406
81.806999	1.0642
81.977852	1.99277
82.178566	9.12135
82.501556	7.20739
82.777809	6.80089
83.108109	13.0638
83.729431	0.474029
83.893738	0.404373
84.090492	14.3345
84.654457	82.2858
85.182686	22.801
85.812492	1.78063
86.161209	2.58686
86.649643	14.0936
87.153923	1.9657
87.438782	7.30265
88.496368	2.11432
88.905670	21.2424
90.135414	7.58094
90.497894	9.88149
91.794037	2.65107
92.297066	1.5747
92.515221	0.542327
93.820107	29.5501
94.417236	31.3439
95.045395	21.8331
95.162262	2.01576
95.335770	15.2124
95.570953	4.24223
96.330124	108.805
96.781754	2.62058
96.946671	4.12598
97.143921	1.16388
97.327316	7.7653
98.002853	75.5942
98.805847	39.2868
99.420921	5.35775
99.901375	7.33438
100.181694	22.9997
100.440765	2.94856
100.712494	6.13688
100.976051	0.66604
101.081306	2.85257
101.301941	3.40509
101.447678	1.73331
101.650726	3.42837
101.853622	0.648888
102.077278	0.732836
102.268608	1.12792
102.559547	6.17742
103.067398	11.4073
103.700119	8.50136
104.866631	11.9976
105.388847	7.59805
106.196213	3.07136
106.676689	14.1198
107.269424	2.51832
107.666809	3.74043
109.265587	6.78207
110.076675	15.7527
111.029251	13.5392
112.321861	12.8889
112.627480	0.146573
112.806328	0.62439
113.080391	0.275365
113.326569	1.75864
113.586594	1.95063
113.762978	0.25425
113.930321	0.762734
114.222267	1.14624
114.590897	0.856788
114.962502	0.526318
115.134277	0.24442
115.365822	0.736484
115.535156	0.706524
115.756340	4.71871
116.122551	3.15572
116.308189	0.834369
116.488312	1.3646
116.659210	1.3418
116.887016	3.34048
117.296356	8.59649
118.064102	4.46181
118.615753	1.48492
118.973869	0.655358
119.397423	1.15416
119.640190	0.326612
119.862518	2.04369
120.662071	3.34968
120.849800	1.40727
121.146294	5.09505
121.356110	1.42461
121.503952	0.707375
121.760986	1.38035
122.054306	1.3425
122.368553	7.02927
122.653221	0.0994863
122.780403	0.360809
123.118118	20.5273
123.929405	12.7067
124.641808	3.49218
124.859642	0.552061
125.018730	0.81563
125.304115	0.588546
125.469353	0.120443
125.612793	0.0252777
125.750893	0.0245942
125.899368	0.184661
126.124069	1.1219
126.363274	6.59538
127.117683	6.60545
127.454018	0.418449
127.840897	1.07362
128.087769	0.208785
128.226593	0.0599461
128.382095	0.315175
128.626068	0.22352
128.785889	0.242936
129.066925	0.117857
129.253937	0.39272
129.608261	0.608325
129.785828	0.520527
130.042191	1.1121
130.268768	0.35315
130.448120	0.504152
130.715820	0.215554
130.927292	1.18391
132.957382	8.96149
133.375458	2.18569
133.754120	1.47939
134.019958	0.905362
134.206192	2.49319
134.370758	13.3361
135.063629	6.77438
136.750015	11.0032
137.124817	3.12138
137.493225	3.82133
137.879837	1.54845
138.217712	0.575857
139.232605	11.5809
140.137711	10.2255
140.898209	7.15681
141.253510	0.459315
141.406372	0.557034
141.734787	1.86235
142.074387	1.01737
142.507233	0.279251
142.739166	0.687657
143.546326	1.61189
143.952255	3.36437
144.302795	2.91866
144.735947	2.26782
145.066803	1.46607
145.774033	2.70584
146.156982	1.18739
146.412323	1.14264
146.604202	0.432016
146.872955	0.499248
147.085739	0.189621
147.363617	0.577452
147.661224	0.291173
147.908707	5.85595
148.347321	2.43103
148.723129	1.72944
149.052628	0.540629
149.325150	0.873588
149.574524	0.884315
149.901077	0.176682
150.050232	1.0553
150.507263	0.569149
151.003326	1.97811
151.161438	0.11706
151.625259	3.04174
152.058975	32.4272
153.422348	1.29042
154.254471	20.3374
154.932419	0.790976
155.355240	5.53422
155.925629	1.6882
156.342987	16.6431
157.380753	24.1806
158.545792	11.6663
160.020935	4.66745
160.393448	4.45517
160.860855	5.32896
161.125580	19.7418
162.396698	44.5541
162.926590	1.32456
163.442734	4.8586
163.702530	6.25377
165.236664	0.144825
165.542114	0.242245
165.941788	2.92187
166.908585	2.02255
167.444107	0.302104
167.781311	0.711304
168.183670	0.869512
169.371826	0.741547
170.306656	14.5116
171.432205	10.0446
172.254807	0.279855
173.600739	0.37332
175.172180	2.57837
175.540527	0.644545
175.959671	0.247249
176.671768	0.581421
176.939606	0.338785
177.156830	0.953136
177.843124	3.2455
178.939178	10.4477
180.658646	11.2765
181.204651	3.4553
181.959366	13.079
182.586960	0.53368
182.779861	0.187708
183.100510	0.153864
183.844727	2.19006
184.776566	3.83732
185.249329	2.57787
185.570297	1.78406
185.747986	4.63696
187.021606	36.4693
189.885117	6.83398
191.141830	20.7301
191.866592	6.80574
192.186279	1.78072
192.664841	0.726051
192.860687	0.577542
193.123444	0.146259
193.258987	0.538739
193.586716	0.906814
193.856644	0.501914
194.065811	0.403156
194.388565	0.326597
194.637085	1.00065
196.563156	2.18721
197.002197	0.623565
197.425735	0.38478
197.838470	0.0856529
198.463150	1.25582
200.387039	0.152512
201.622406	7.54402
202.950287	6.00796
203.876328	3.99638
204.316223	1.79066
204.503784	0.137038
204.778015	1.0996
205.064987	0.0620661
205.300369	0.147794
205.539017	1.4404
208.633575	6.01095
209.257706	0.287459
209.533020	0.0908117
210.148392	0.718791
210.360153	2.30739
211.336502	2.77107
212.298813	0.538207
214.221252	0.508603
214.456223	0.162064
214.657120	0.192259
214.779877	0.0464254
215.011566	0.160196
215.326767	3.19207
216.492157	0.680837
216.913559	3.72043
217.217484	1.91391
217.725632	0.117194
218.294052	6.83898
218.881409	14.9343
219.221603	4.45102
219.960358	7.63168
220.325623	0.631465
220.671677	0.174294
220.916824	13.9033
224.163666	0.542921
225.276001	2.51457
225.639740	0.405535
226.153305	1.44275
226.515854	0.382534
226.698410	0.0378476
227.300964	4.49505
228.694382	10.1657
229.766678	7.00786
230.374466	1.23523
230.544540	0.100611
230.844955	0.56037
231.414307	0.319132
231.729279	0.0705398
232.592133	10.6577
234.552719	0.2871
235.986435	2.00118
236.696930	9.97236
237.534348	10.062
237.852722	11.7154
238.376419	0.745517
238.566864	0.683382
238.860382	5.59824
239.512131	9.82317
241.592926	2.27745
242.245468	6.47311
242.684097	1.70892
243.143982	2.29897
243.628937	0.963275
244.202484	0.350819
244.614731	0.0506316
245.522308	9.02059
246.484955	1.56325
246.715744	0.217942
246.958496	0.733602
247.812378	1.88404
248.203735	0.81421
248.644287	1.08209
248.932053	1.31776
249.303085	0.876936
249.531937	0.0444458
249.923843	0.398742
250.410492	0.987135
251.714127	14.3518
252.868469	10.873
253.733398	0.993676
253.989502	0.123588
254.546326	8.42218
258.268707	8.44873
259.828278	14.8535
261.014587	13.0665
262.099518	5.12066
262.892914	1.49404
264.241211	3.6816
264.588379	2.065
264.885742	1.12383
265.126648	7.47118
266.891846	1.88555
267.627533	2.6438
267.937866	0.210947
268.192108	0.426623
268.515717	0.660578
269.170654	10.4771
271.377563	5.45136
271.826202	1.21051
272.328217	20.5899
274.018127	14.8521
274.580383	1.94194
275.122314	1.44434
275.715118	2.8729
276.267120	15.999
278.400269	2.25958
279.010498	0.181518
279.406281	1.06748
279.697021	4.36997
281.050995	6.33658
281.893677	2.32422
282.294189	1.04595
282.854004	0.127236
283.102356	0.0429409
284.450684	6.1999
285.812897	4.91606
286.332947	0.141282
286.881714	0.884366
287.297089	0.0666054
288.979401	43.8184
295.816132	6.04889
296.684509	6.60263
297.388855	0.338306
297.727875	2.98437
297.992065	7.50748
298.913361	11.4131
300.501617	3.10855
301.220276	1.3875
301.804718	1.24606
302.332245	0.304714
302.943695	0.175541
304.826233	7.55162
306.037476	0.0993078
306.345886	0.0568443
306.635345	0.0420939
307.047638	0.0233267
307.718262	0.666822
308.646362	1.51802
309.179810	0.993107
309.801575	0.765771
310.218048	0.205564
310.485626	0.0358533
311.359375	9.49442
313.799988	0.850288
314.369141	0.0614766
314.882874	6.10535
315.362976	2.31584
315.894775	5.75238
318.415131	4.24983
318.856567	0.185706
319.273346	1.85558
319.466431	0.568467
319.836395	1.20524
320.283508	1.29709
320.945831	0.419506
321.403259	0.511977
321.822266	0.250076
322.024689	0.209187
322.750946	1.0294
323.214935	0.365089
323.793854	0.23842
324.204346	0.183421
324.501068	0.124847
324.836182	0.0592148
325.209839	0.0482841
325.534668	0.092893
325.843536	0.0496307
326.109375	0.0610935
326.587189	0.0323895
327.110687	2.79657
328.313019	0.630696
328.867828	3.3717
330.266144	1.02865
331.361420	1.00852
333.091400	30.8568
339.532715	10.9327
339.946777	0.0711897
341.002472	44.7468
343.077881	2.14806
345.763092	15.3985
346.491180	15.5312
350.193268	9.72105
351.103394	2.51567
351.810028	1.08832
352.384125	0.815481
353.051910	0.926784
353.534729	1.14286
353.898926	0.682881
354.158112	1.10362
354.612183	0.149138
354.845306	0.233663
355.305206	0.363714
356.058014	0.22067
356.914917	0.613773
357.501770	0.332605
358.071442	0.215707
358.553497	0.0562218
360.698669	2.80523
364.436615	0.479935
365.290100	1.12556
366.251617	1.05822
366.880859	0.476905
367.515686	0.449044
368.160400	0.123804
368.731262	0.173098
370.071198	0.302796
371.110870	0.865823
371.584442	0.320746
371.790802	0.114038
372.266907	0.790446
373.699982	5.81664
375.357544	5.77606
377.286926	2.7452
379.488831	8.51682
382.444061	0.125714
383.447815	1.32558
383.841858	1.11594
384.041199	0.0708193
384.265564	0.0933802
384.652283	6.50826
387.292725	28.9871
389.863678	21.5641
391.979889	9.7274
393.408417	1.34735
394.089417	2.10144
397.399170	0.2252
398.494751	0.315833
399.155762	0.194746
399.797821	0.133737
400.416046	0.043301
406.412140	4.25439
417.353455	1.4067
418.695160	0.478696
419.369720	1.32994
419.800781	1.99601
421.125854	3.03565
422.854523	3.05029
423.561707	0.646477
424.042786	1.01128
424.275452	0.183112
424.779755	0.165896
425.048157	0.0666279
425.505707	0.190787
425.807556	0.088483
426.201996	0.0859764
426.718170	0.314482
428.529846	2.45893
431.025879	1.20941
431.523865	0.38141
432.053802	0.651469
432.343781	2.89599
434.774017	5.83549
436.876862	4.40014
437.998932	1.7221
438.495575	0.960406
438.958954	0.368459
439.280762	0.15381
439.782288	0.119933
440.116669	0.0482508
441.012360	0.463463
443.347931	1.54837
445.197571	1.84695
447.461884	10.4739
448.737579	3.36473
449.402740	1.68486
450.049469	1.06804
450.644745	0.149688
451.265625	0.0678874
451.857422	0.0333235
452.352722	0.0194275
454.677094	0.209771
456.930054	0.34423
457.665100	1.57986
458.548065	0.503763
459.216125	2.65102
460.228363	0.884881
460.744965	0.562842
461.876953	0.244391
465.620636	0.482017
466.196564	0.187174
466.634766	0.190603
466.965210	0.0175268
467.300507	0.194808
467.743683	0.154394
468.047516	0.0523927
468.549164	0.0918691
469.085693	0.863538
473.485901	3.24615
475.011810	0.456555
475.720490	0.158297
476.007843	0.0187803
476.537933	0.179147
477.189911	0.124432
477.962189	0.350235
479.851563	0.980045
481.086609	1.98478
481.815704	1.10541
482.514954	0.705698
483.182129	0.245198
483.962097	0.34494
492.759552	3.82742
506.522980	3.30605
510.296692	0.369775
510.790344	0.261197
511.124695	0.141334
511.664246	0.139285
512.059998	0.0937948
513.749084	2.53277
529.896179	2.48884
533.959595	0.941237
535.686401	1.62936
536.490601	0.757948
536.824951	0.0270506
537.296753	0.285042
537.847717	0.0962792
538.141602	0.0234248
538.744568	0.0103089
545.682312	6.76035
565.363525	0.00732884
565.765808	0.041853
566.026917	0.036583
566.197632	3.86544e-005
566.689087	0.00828137
567.067688	0.0117531
567.275330	0.0108568
568.394287	0.649965
596.977417	0.119969
597.824036	0.494667
598.382507	0.428963
598.832275	0.131104
599.296997	0.236611
599.799988	0.208655
600.213013	0.0216887
600.488647	0.00106075
600.800598	5.09589e-005
608.104431	0.795401
610.119019	0.157369
611.327576	0.0136966
612.210571	0.000238592
612.544617	4.25598e-006
613.046509	5.42163e-006
613.609436	1.24791e-006
639.608215	0.0100799
642.380615	0.436002
645.358276	2.48226
646.626160	1.70082
647.289368	0.599744
648.478271	1.02526
652.773010	0.435234
655.368835	0.52958
656.148254	1.27993
656.911194	0.755533
657.354797	0.214172
657.849060	0.371389
658.395447	0.197685
658.848450	0.0334721
659.170044	0.0137186
660.379028	0.013972
663.616516	0.104297
667.962219	0.52315
670.706543	0.44053
671.614075	0.640767
672.713867	0.853631
673.305115	0.253034
674.261963	0.107021
674.638794	0.0256766
675.896606	0.357411
685.935486	0.00163055
686.662781	0.0585471
687.418335	0.162679
687.859802	0.101123
688.324524	0.0220676
688.964661	0.0222354
689.232666	0.101116
689.629395	0.366569
690.111450	0.0683335
690.649048	0.105482
691.170837	0.127432
691.615417	0.0101149
691.911560	0.000531422
692.246216	2.57081e-005
692.386108	9.20404e-008
692.653564	3.65423e-008
692.797302	4.91483e-008
693.023499	8.60095e-008
693.270264	6.14353e-008
693.434814	3.68612e-008
693.661133	9.82965e-008
693.990356	9.82965e-008
694.381470	1.35158e-007
694.772644	9.82966e-008
695.349304	2.45741e-007
695.823181	3.68612e-008
695.967407	4.91483e-008
696.338440	1.72019e-007
696.853882	1.35158e-007
697.122009	2.45741e-008
697.245789	4.91483e-008
697.410828	4.91483e-008
697.740967	1.47445e-007
698.174377	1.10584e-007
698.669861	1.84306e-007
699.144897	9.82966e-008
699.475403	9.82966e-008
699.847351	7.37224e-008
699.682068	2.45741e-008
700.178101	1.22871e-007
701.129333	4.42334e-007
702.039795	9.82966e-008
702.371033	9.82966e-008
702.702332	9.82966e-008
703.033752	9.82966e-008
703.365173	9.82966e-008
703.696777	9.82966e-008
704.028381	9.82966e-008
704.360107	9.82966e-008
704.691833	9.82966e-008
705.023743	9.82966e-008
705.355652	9.82966e-008
705.687683	9.82966e-008
706.019775	9.82966e-008
706.331177	8.60095e-008
706.871155	2.33454e-007
707.473633	1.22871e-007
709.345093	9.82966e-007
711.135742	7.37224e-008
711.344055	4.91483e-008
711.552490	7.37224e-008
711.719177	2.45741e-008
712.052734	1.72019e-007
712.594910	1.47445e-007
712.970337	7.37224e-008
713.199829	6.14353e-008
713.387634	4.91483e-008
713.679810	1.22871e-007
714.118164	1.35158e-007
714.389648	2.45741e-008
714.514954	4.91483e-008
714.682007	4.91483e-008
715.099792	1.96593e-007
715.580444	8.60095e-008
715.831238	6.14353e-008
716.040283	6.14353e-008
716.270264	7.37224e-008
716.542114	8.60095e-008
716.730408	2.45741e-008
716.918640	8.60095e-008
717.211548	8.60095e-008
717.399902	2.45741e-008
717.588257	8.60095e-008
717.881287	8.60095e-008
718.069702	2.45741e-008
718.258118	8.60095e-008
718.593201	1.10584e-007
718.886475	6.14353e-008
719.054077	3.68612e-008
719.221680	6.14353e-008
719.410278	4.91483e-008
719.703674	1.22871e-007
720.039063	7.37224e-008
720.479431	1.84306e-007
720.940857	8.60095e-008
721.192627	6.14353e-008
721.360535	3.68612e-008
721.549377	7.37224e-008
721.738281	3.68612e-008
721.906250	6.14353e-008
722.557129	3.19464e-007
723.355469	1.47445e-007
723.922974	1.84306e-007
724.427612	1.10584e-007
724.806152	1.10584e-007
725.142761	8.60095e-008
725.458435	9.82965e-008
725.795166	9.82965e-008
726.153076	1.10584e-007
726.553162	1.22871e-007
726.805908	2.45741e-008
727.185120	1.96593e-007
727.669861	8.60095e-008
727.922791	6.14353e-008
728.133606	6.14353e-008
728.365540	7.37224e-008
728.639709	8.60095e-008
728.829529	2.45741e-008
729.019409	8.60095e-008
729.314819	8.60095e-008
729.673584	1.22871e-007
730.116882	1.35158e-007
730.752808	0.0712143
731.694458	0.448251
733.356262	0.0621859
733.541199	6.80832e-008
733.689331	9.07775e-008
734.006836	2.49638e-007
734.430298	2.04249e-007
734.790344	1.81555e-007
735.044556	9.07775e-008
735.341125	9.07775e-008
735.192810	6.80832e-008
735.510681	9.07775e-008
735.849792	2.72333e-007
736.273743	1.81555e-007
736.613037	1.81555e-007
737.037231	2.72333e-007
737.461609	1.81555e-007
737.801147	1.81555e-007
738.395569	4.53888e-007
739.160156	3.6311e-007
739.712585	2.26944e-007
740.095215	1.81555e-007
740.414124	1.58861e-007
740.648010	9.07775e-008
740.903259	1.81555e-007
741.137207	6.80832e-008
741.286133	9.07775e-008
741.541443	1.81555e-007
741.860657	1.58861e-007
742.563171	5.90054e-007
743.329956	9.07775e-008
743.180847	6.80832e-008
743.628296	2.26944e-007
743.990540	1.58861e-007
744.310303	1.81555e-007
744.544861	6.80832e-008
744.672791	6.80832e-008
744.907349	1.81555e-007
745.269958	2.04249e-007
745.632690	1.81555e-007
745.974121	1.81555e-007
746.315674	1.81555e-007
746.635925	1.58861e-007
746.998962	2.26944e-007
747.404785	6.80832e-008
747.276611	6.80832e-008
748.024475	5.90054e-007
748.644409	6.80832e-008
748.794067	9.07775e-008
749.093506	2.26944e-007
749.521301	2.26944e-007
749.863647	1.36166e-007
750.077637	9.07775e-008
750.334473	9.07775e-008
750.206055	4.53888e-008
750.998230	6.12748e-007
751.812256	2.49638e-007
752.498047	4.76582e-007
753.184204	2.49638e-007
753.870667	4.76582e-007
754.557434	2.49638e-007
755.008301	2.26944e-007
755.394836	1.81555e-007
755.652588	9.07775e-008
755.888916	1.58861e-007
756.232727	2.04249e-007
756.598145	1.81555e-007
756.942078	1.81555e-007
757.286133	1.81555e-007
757.608765	1.58861e-007
757.974487	2.26944e-007
758.383301	6.80832e-008
758.254211	6.80832e-008
758.555481	1.13472e-007
759.459167	0.123209
761.351746	2.40893
762.512756	1.56217
763.407227	0.292368
764.322754	0.343558
765.052307	0.0234643
765.672180	0.0017357
766.174011	2.7868e-005
766.500977	1.06225e-006
766.840820	1.59362e-007
767.103088	1.13538e-007
767.276245	6.80825e-008
767.406128	6.80832e-008
767.665955	2.04249e-007
768.185730	3.40416e-007
768.705688	2.04249e-007
769.160767	2.72333e-007
769.485962	6.80832e-008
769.724426	1.81555e-007
770.266602	3.85805e-007
770.722168	9.07775e-008
771.026001	9.07775e-008
770.874084	6.80832e-008
771.199585	9.07775e-008
771.394958	1.13472e-007
771.590332	9.07775e-008
771.742310	6.80832e-008
771.981140	1.81555e-007
772.198303	4.53888e-008
772.458984	2.26944e-007
772.871704	2.04249e-007
773.328064	2.72333e-007
773.697571	1.13472e-007
773.958496	1.58861e-007
774.502197	4.08499e-007
775.024292	1.36166e-007
775.394226	2.49638e-007
775.864563	0.199918
792.636536	8.0163
821.829773	0.123033
867.675964	0.203951
907.332153	0.0465196
908.384155	0.13864
909.050415	0.108779
909.484131	0.0995852
910.198730	0.0733644
910.728821	0.0490297
911.110779	0.00538842
911.444824	7.72334e-005
911.754578	3.93278e-007
964.747009	0.751364
967.854126	0.0275086
968.550232	0.183477
969.164551	0.888494
970.089966	0.541869
970.712585	1.65017
971.484802	0.15677
971.839783	0.393921
972.754272	0.518236
973.768372	0.0309951
975.145447	0.0201233
976.300598	0.000242305
976.720398	4.4076e-006
977.362244	5.59636e-006
978.037842	6.46303e-007
1012.605652	0.00840248
1014.959656	0.16922
1017.922241	3.77974
1020.247131	0.422262
1020.920837	2.6114
1022.634766	3.30786
1024.938354	1.48169
1026.697632	0.125154
1028.086304	0.00885486
1028.894775	9.13444e-005
1029.376099	1.20735e-005
1030.075195	7.03546e-006
1030.638062	7.08319e-007
1050.072021	0.0118669
1051.814453	0.535174
1053.703735	1.29983
1054.772705	0.674533
1055.864014	0.328966
1056.842651	0.125384
1057.624146	0.0125829
1058.339355	0.000413997
1058.744873	2.20389e-006
1059.087646	2.6863e-009
1066.082642	0.0354383
1068.391968	0.0012645
1110.397949	0.00327544
1111.315430	0.122402
1112.278442	0.385041
1112.899902	0.206334
1113.186646	0.045214
1113.655884	0.0387369
1114.259155	0.0516088
1114.632324	0.00463604
1115.050415	0.0250595
1115.539307	0.0147554
1115.907715	0.000494168
1116.340698	2.54658e-005
1116.544800	6.01205e-009
1164.160400	0.000603098
1164.649536	0.0230602
1165.154297	0.0189473
1165.445435	0.00132933
1165.665527	7.78964e-005
1166.061035	0.00194503
1166.590454	0.0123477
1166.968506	0.0110611
1167.216797	2.92285e-005
1167.430908	9.09281e-006
1167.645020	3.21436e-008
1184.852905	0.00395607
1186.705078	0.175219
1188.712036	0.330065
1189.863159	0.185666
1190.967896	0.120483
1192.035767	0.0398632
1192.879272	0.0042035
1193.639404	0.000138224
1194.071167	9.86238e-007
1219.302124	0.0230084
1220.489258	0.190052
1221.270508	0.137535
1221.790039	0.0304342
1222.669434	0.0276692
1223.245972	0.0192893
1223.688477	0.00269796
1224.076172	3.86332e-005
1224.436768	3.19822e-008
1286.716431	0.0434173
1287.555298	0.213827
1288.168457	0.175519
1288.789429	0.0685873
1289.619629	0.0550157
1290.149536	0.0293811
1290.545776	0.000987511
1291.011841	5.04812e-005
1318.740845	0.00395578
1320.696167	0.175218
1322.814575	0.330065
1324.029541	0.185665
1325.195679	0.120483
1326.322754	0.039864
1327.213013	0.00420334
1328.015259	0.000138078
1328.470215	9.13387e-007
1343.701660	0.00327528
1348.778564	1.97612
1395.323853	6.05827
1404.496582	0.00853278
1406.847168	0.00055201
1407.316284	3.08424e-006
1407.707397	2.88385e-007
1457.964355	0.0158208
1460.020996	0.72148
1462.266968	2.25785
1463.501587	1.1481
1464.911621	0.406125
1465.952637	0.301841
1466.985596	0.0537942
1467.541748	1.81555e-007
1468.082520	2.26944e-007
1468.533203	1.13472e-007
1468.923950	1.81555e-007
1469.404785	1.81555e-007
1469.705444	4.53888e-008
1469.915894	1.13472e-007
1470.186523	9.07775e-008
1470.427002	9.07775e-008
1470.938232	2.95027e-007
1471.509766	1.36166e-007
1471.810547	9.07775e-008
1472.352173	3.17721e-007
1472.923950	1.13472e-007
1473.315186	1.81555e-007
1473.917236	2.72333e-007
1474.519531	1.81555e-007
1474.850708	6.80832e-008
1475.182007	1.81555e-007
1476.477417	7.94304e-007
1477.833740	2.26944e-007
1478.466919	2.49638e-007
1479.009644	1.58861e-007
1479.462158	1.81555e-007
1479.884399	1.36166e-007
1480.367188	2.26944e-007
1481.031006	2.72333e-007
1481.634644	1.81555e-007
1482.087524	1.58861e-007
1482.540405	1.81555e-007
1483.023560	1.81555e-007
1483.506836	1.81555e-007
1483.990112	1.81555e-007
1484.473511	1.81555e-007
1484.957031	1.81555e-007
1485.440552	1.81555e-007
1485.894043	1.58861e-007
1486.468384	2.72333e-007
1486.952271	9.07775e-008
1487.617676	4.08499e-007
1488.494995	2.49638e-007
1488.979126	1.13472e-007
1489.372559	1.81555e-007
1489.826538	1.58861e-007
1490.250366	1.58861e-007
1490.674194	1.58861e-007
1491.007324	9.07775e-008
1491.219238	6.80832e-008
1491.552490	1.81555e-007
1492.006836	1.58861e-007
1492.491577	2.04249e-007
1493.158203	2.95027e-007
1495.310547	1.31627e-006
1497.130737	4.53888e-008
1497.373535	1.36166e-007
1497.889404	2.49638e-007
1498.405518	1.36166e-007
1498.800171	1.58861e-007
1499.498657	3.6311e-007
1500.197144	1.58861e-007
1500.683228	2.04249e-007
1501.260620	2.26944e-007
1502.050781	3.6311e-007
1502.993164	3.40416e-007
1503.662231	1.58861e-007
1504.118408	1.81555e-007
1504.513794	1.13472e-007
1504.939819	2.04249e-007
1505.335327	9.07775e-008
1505.670044	1.58861e-007
1506.156982	2.04249e-007
1506.583252	1.13472e-007
1506.948486	1.58861e-007
1507.313843	1.13472e-007
1507.679321	1.58861e-007
1508.075195	1.36166e-007
1508.349365	6.80832e-008
1508.714966	2.04249e-007
1509.080444	6.80832e-008
1509.476563	2.26944e-007
1509.994629	1.58861e-007
1510.268921	4.53888e-008
1510.726196	2.95027e-007
1511.275024	1.13472e-007
1511.640869	1.58861e-007
1512.281372	3.17721e-007
1513.440552	5.44665e-007
1514.417114	1.81555e-007
1514.813965	1.13472e-007
1515.210815	1.81555e-007
1515.638306	1.36166e-007
1516.065796	1.81555e-007
1516.584961	2.04249e-007
1517.073730	1.58861e-007
1517.654175	2.72333e-007
1518.265381	1.81555e-007
1518.723877	1.58861e-007
1519.212891	2.04249e-007
1519.885620	2.95027e-007
1520.466675	1.36166e-007
1521.353638	5.21971e-007
1522.608276	4.08499e-007
1523.710205	4.08499e-007
1524.506470	1.81555e-007
1525.210815	3.40416e-007
1525.915527	1.81555e-007
1526.436401	2.04249e-007
1526.992554	9.05283e-006
1528.985107	0.28519
1529.686523	8.60095e-008
1530.115967	8.60095e-008
1530.545532	8.60095e-008
1531.098022	1.35158e-007
1531.681152	9.82966e-008
1532.233765	1.22871e-007
1533.032227	1.96593e-007
1533.984375	1.84306e-007
1534.783203	1.35158e-007
1535.428589	4.91483e-008
1535.213501	3.68612e-008
1535.920410	1.47445e-007
1536.566040	6.14353e-008
1536.350830	2.45741e-008
1536.965820	9.82966e-008
1537.365601	6.14353e-008
1537.611694	3.68612e-008
1537.980835	1.10584e-007
1538.534546	1.10584e-007
1539.026855	8.60095e-008
1539.642334	1.59732e-007
1540.843018	3.19464e-007
1541.890015	9.82966e-008
1542.629395	1.96593e-007
1543.368896	9.82966e-008
1543.892822	1.10584e-007
1544.416748	9.82966e-008
1544.910034	9.82966e-008
1545.465088	1.22871e-007
1546.297852	2.0888e-007
1547.099854	1.10584e-007
1547.593628	8.60095e-008
1548.056519	9.82966e-008
1548.550415	9.82966e-008
1549.044312	9.82966e-008
1549.538330	9.82966e-008
1550.032471	9.82966e-008
1550.526611	9.82966e-008
1550.989990	8.60095e-008
1551.484253	1.10584e-007
1552.040527	1.10584e-007
1552.565918	9.82966e-008
1552.998657	7.37224e-008
1553.524292	1.35158e-007
1554.204590	1.35158e-007
1554.885010	1.35158e-007
1555.472778	9.82966e-008
1556.648682	3.68612e-007
1557.855957	1.10584e-007
1558.506226	1.47445e-007
1559.187622	1.22871e-007
1559.838135	1.35158e-007
1560.581787	1.59732e-007
1561.294678	1.22871e-007
1562.007690	1.59732e-007
1563.062012	2.58028e-007
1563.868530	6.14353e-008
1564.240723	8.60095e-008
1564.706177	9.82966e-008
1565.171753	8.60095e-008
1565.730469	1.35158e-007
1566.599731	2.0888e-007
1567.407104	1.10584e-007
1567.904053	8.60095e-008
1568.401123	1.10584e-007
1568.929321	9.82966e-008
1569.457642	1.10584e-007
1569.985962	9.82966e-008
1570.421265	7.37224e-008
1570.918701	1.22871e-007
1571.509521	1.10584e-007
1572.318237	2.0888e-007
1573.064819	8.60095e-008
1573.656128	1.47445e-007
1574.340820	1.22871e-007
1574.932373	1.10584e-007
1575.555054	1.35158e-007
1575.959961	2.45741e-008
1576.333618	1.22871e-007
1577.112427	1.84306e-007
1578.016113	1.72019e-007
1578.639404	7.37224e-008
1579.169434	1.35158e-007
1579.824219	1.22871e-007
1580.354370	8.60095e-008
1580.946899	1.47445e-007
1581.570923	9.82966e-008
1582.070068	9.82966e-008
1582.600708	1.10584e-007
1583.412231	2.0888e-007
1584.536255	2.33454e-007
1585.410889	1.10584e-007
1585.910767	8.60095e-008
1586.316895	7.37224e-008
1587.004395	1.96593e-007
1587.629517	4.91483e-008
1588.067261	1.22871e-007
1588.598755	8.60095e-008
1589.161743	1.35158e-007
1589.787231	1.10584e-007
1590.417603	1.77778e-005
1596.792725	5.82347
1645.615967	6.04401
1657.458252	2.4173
1671.098022	3.96595
1696.284058	17.2385
1714.424805	0.374518
1716.277588	1.90946
1718.171021	2.08474
1719.609619	0.640404
1720.966064	1.1052
1722.112915	0.218732
1725.417969	3.20545
1728.545288	2.30981
1731.332031	0.23222
1733.396362	0.367186
1777.605957	5.50215
1788.279541	0.0624762
1794.740112	4.26048
1827.944702	0.411239
1830.464478	0.478155
1832.509033	0.458122
1833.997925	0.119804
1835.411133	0.208458
1836.852051	0.0417359
1848.774170	0.854255
1859.407349	0.276476
1860.039551	1.75935e-007
1860.547607	7.03742e-007
1861.089722	2.34581e-007
1861.665649	7.62387e-007
1862.546875	7.62387e-007
1863.089233	1.75935e-007
1863.292603	1.75935e-007
1863.529907	2.34581e-007
1864.072388	7.03742e-007
1864.716797	4.10516e-007
1865.089844	2.34581e-007
1865.768311	9.38322e-007
1866.480713	2.93226e-007
1867.023682	6.45097e-007
1867.804321	7.03742e-007
1868.347412	2.34581e-007
1868.686890	3.51871e-007
1869.264160	6.45097e-007
1870.011230	6.45097e-007
1870.554810	2.93226e-007
1870.860474	2.34581e-007
1871.472046	8.21032e-007
1872.185547	4.10516e-007
1872.627441	3.51871e-007
1873.001343	2.93226e-007
1873.409180	4.10516e-007
1873.783203	2.34581e-007
1874.089233	2.93226e-007
1874.667236	7.03742e-007
1875.619507	9.38322e-007
1876.708252	9.38322e-007
1877.797119	9.38322e-007
1878.477905	2.34581e-007
1878.818359	3.51871e-007
1879.090698	1.1729e-007
1879.397217	4.10516e-007
1879.805786	2.93226e-007
1880.078247	1.75935e-007
1881.134155	1.64206e-006
1882.224365	2.34581e-007
1882.462891	1.75935e-007
1882.633301	1.1729e-007
1882.837769	2.34581e-007
1883.314941	2.34581e-007
1883.076416	1.75935e-007
1883.553589	1.75935e-007
1883.758057	1.75935e-007
1883.962646	1.75935e-007
1884.303589	4.10516e-007
1884.678711	2.34581e-007
1884.883301	1.1729e-007
1885.053711	1.75935e-007
1885.360718	3.51871e-007
1885.770020	3.51871e-007
1886.281616	5.27806e-007
1886.691040	1.75935e-007
1887.032227	4.10516e-007
1887.612305	5.86451e-007
1888.328979	6.45097e-007
1889.045776	5.86451e-007
1889.762817	6.45097e-007
1890.411621	4.69161e-007
1891.777954	1.87664e-006
1893.281372	7.03742e-007
1893.999146	5.27806e-007
1894.375244	1.1729e-007
1894.648682	3.51871e-007
1895.093262	4.10516e-007
1895.469360	2.34581e-007
1895.845581	4.10516e-007
1896.187622	1.75935e-007
1896.940186	1.11426e-006
1897.966553	6.45097e-007
1898.651123	5.27806e-007
1899.061768	1.75935e-007
1899.301392	2.34581e-007
1899.814941	6.45097e-007
1900.633789	7.56965e-007
1901.410278	0.00327114
1902.616943	0.121033
1903.886841	0.202608
1904.635254	0.131004
1905.403198	0.0687706
1906.414063	0.0553149
1907.064087	0.0293227
1907.558594	0.00116868
1908.025024	4.01913e-005
1908.418213	3.44205e-007
1909.070313	1.75916e-007
1909.276245	1.75935e-007
1909.550903	2.93226e-007
1910.168823	7.62387e-007
1911.164551	9.38322e-007
1911.884399	2.90515e-007
1912.386719	0.00163601
1913.597046	0.060517
1914.870605	0.101304
1915.621216	0.0655059
1916.395142	0.0329135
1917.404297	0.0282559
1918.006592	0.00740746
1919.741089	0.155313
1920.932739	0.0741225
1921.975708	0.883205
1922.785645	0.537798
1923.477661	0.150248
1924.585693	0.163633
1925.213379	0.0529685
1925.682739	0.00194093
1926.607178	0.000873598
1927.171997	1.24219e-005
1939.049927	3.93422
1945.425903	0.131383
1946.281494	0.146043
1947.640137	1.97925
1952.176880	0.835644
1953.904297	2.20437
1955.560669	1.60636
1956.896606	0.434009
1958.446167	0.404418
1959.190308	0.0912433
1960.800903	0.099313
1961.546753	0.0619508
1962.323242	0.0370587
1963.358276	0.0259266
1965.920776	1.66741
1984.381348	0.467938
1989.146240	0.477358
1990.719238	0.717442
1992.590332	0.972574
1993.647339	0.222307
1995.209961	0.0812401
1996.008911	0.0129434
2000.720215	0.649177
2029.482666	0.124328
2032.541260	1.25018
2034.294800	0.30779
2034.694458	0.212202
2035.937256	0.253765
2037.460693	0.111665
2038.672729	0.0237027
2039.686890	0.00170702
2040.510010	2.91582e-005
2041.052734	1.51435e-006
2054.483887	0.0627163
2057.621338	0.317818
2059.826172	0.941267
2061.025391	0.589692
2061.897217	0.120852
2062.717773	0.25514
2063.679443	0.207843
2064.457031	0.0223531
2064.967285	0.00109665
2065.545654	4.04925e-005
2065.864258	2.21899e-008
2066.208496	6.15845e-007
2071.420166	2.80671
2073.715576	0.295087
2076.521729	26.9266
2080.489990	7.7605
2089.144531	37.3068
2092.423096	1.76343
2094.134277	6.49044
2095.248535	3.23805
2096.856934	0.591245
2099.673340	2.73236
2104.110352	1.6371
2110.160645	1.8966
2113.027832	1.18848
2115.298340	1.72788
2117.523193	0.488346
2118.383545	0.873856
2120.109131	0.130753
2121.124023	3.30504
2133.688232	1.1631
2134.759277	0.257987
2135.487061	0.176426
2136.562744	0.152647
2137.338623	0.109928
2137.924072	0.0104047
2142.648682	7.55251
2146.804932	0.366263
2147.939697	0.0152396
2148.713867	0.987968
2149.669189	0.591065
2150.650391	0.142788
2151.609619	0.30839
2154.757568	4.14013
2159.195313	0.580222
2160.429199	0.165927
2160.979248	0.0712208
2162.206543	0.104676
2162.944580	0.0191677
2163.662842	0.235122
2168.693604	0.427585
2183.123535	3.31571
2186.830566	0.0512082
2188.101807	0.112925
2188.914063	0.0858544
2189.870117	0.0421613
2190.831787	0.0405413
2194.950684	2.71881
2201.024658	0.403184
2204.184570	0.678682
2205.192627	0.970931
2206.292725	1.74156
2207.079102	1.42944
2208.587158	16.1129
2212.742920	11.8092
2220.753418	5.75642
2222.200684	0.886137
2222.752441	0.483617
2224.093750	0.310049
2224.602295	0.0757885
2225.809326	1.90106
2234.313721	1.2461
2235.849121	0.172287
2236.546387	0.0661834
2237.656006	0.101201
2238.513428	0.0488711
2239.105957	0.00781312
2244.483398	0.844889
2260.902344	1.51404
2265.093750	4.0036
2269.224365	2.52159
2271.310791	9.25178
2278.604980	10.5465
2283.901367	4.05066
2287.656494	1.06247
2294.713135	0.0252871
2296.558350	1.39669
2307.426758	28.9629
2319.254150	12.9632
2326.140381	9.09049
2329.429932	0.442064
2332.094727	1.78888
2333.935547	1.48305
2335.558350	0.95831
2336.814697	0.333427
2337.595459	0.169405
2338.290039	0.49932
2339.888428	4.07244
2341.345703	1.51771
2343.323975	39.4499
2355.629883	11.6365
2358.498779	20.3339
2359.729248	40.6053
2370.872314	17.5938
2377.792480	4.96311
2380.933350	0.689192
2383.554443	0.843411
2385.643066	0.665339
2387.106689	0.310457
2388.888916	0.22206
2391.121582	0.337467
2393.412842	0.516372
2395.025146	0.427213
2396.637939	0.311781
2399.058350	2.04257
2402.786133	1.82842
2403.745605	1.95751
2404.506592	0.938142
2405.642090	0.482959
2408.162842	9.67184
2414.679443	23.3684
2417.886230	26.1636
2421.381348	2.30741
2422.586426	2.89461
2424.394287	16.7845
2442.296875	13.8807
2443.895020	0.197911
2444.911865	0.155418
2445.841064	0.0587817
2447.726318	9.57279
2451.745117	0.222581
2453.601318	4.54748
2454.576172	2.58363
2458.973145	1.11828
2461.808350	4.57338
2463.023926	3.50355
2463.959961	2.23967
2464.867676	24.2035
2473.781494	38.2862
2477.317139	0.542406
2478.512207	0.989306
2479.791992	6.98119
2484.534424	2.8474
2486.934814	0.767805
2489.032715	5.29289
2490.226074	12.342
2495.910156	7.02205
2497.392334	6.44613
2498.905273	3.43348
2500.083252	51.7247
2506.880371	0.609944
2508.604980	1.02845
2515.134277	32.9509
2517.430664	20.5362
2526.629150	7.13702
2527.706543	0.32894
2529.249512	15.5785
2531.820557	2.49502
2532.841797	3.45345
2534.484619	1.01
2536.121582	0.243907
2537.494873	0.0989716
2538.728516	0.847462
2540.093262	0.100105
2543.317627	12.3429
2550.528320	9.82651
2555.435303	2.68793
2558.593018	0.608528
2561.735352	0.112751
2564.883301	0.63
2567.712891	2.16412
2569.367920	0.994061
2571.086670	0.538312
2572.647705	0.379739
2575.306396	6.90984
2578.964600	6.3324
2581.245605	0.330689
2582.094482	0.225244
2582.765381	0.122517
2584.155273	0.10286
2584.902344	0.0305941
2589.393311	0.237666
2590.813232	0.111526
2591.689697	0.0818408
2592.581055	0.0373498
2593.746094	0.0222244
2595.131836	0.994558
2602.549316	0.488136
2603.728027	0.181655
2604.555908	0.309254
2605.407959	0.802303
2606.499756	0.861187
2608.451660	0.23783
2609.332520	0.0336622
2613.482910	2.56794
2615.300537	0.109085
2616.903564	2.07412
2620.131348	1.12184
2625.056152	1.52536
2637.674316	0.0582468
2639.118896	0.109275
2639.994873	0.0593967
2640.795410	0.053963
2642.122559	0.0306446
2644.126953	0.267385
2645.802246	2.27025
2648.642334	2.29338
2649.766602	1.19737
2652.822266	2.20368
2655.308350	0.277305
2656.985840	0.195623
2658.688721	0.153275
2660.224854	0.0461721
2666.756836	0.657564
2669.253906	0.0229954
2669.986084	0.0167233
2670.476563	0.0200171
2672.159180	0.0117485
2672.763916	0.0109612
2673.417969	0.0293292
2676.110352	0.526291
2678.431641	0.486112
2679.894775	0.442664
2681.708008	0.196299
2686.314941	19.0714
2695.613525	13.4461
2699.907715	0.363489
2701.500732	0.531331
2703.102295	0.356139
2706.812500	7.39761
2711.384766	4.02963
2714.853760	4.56929
2717.803955	2.90612
2719.678467	0.596199
2721.131104	0.792088
2723.253906	2.37574
2725.004639	1.40209
2726.163574	0.252105
2727.075928	0.776928
2728.169434	0.543042
2729.091064	0.19163
2730.243408	0.140796
2731.260742	1.92168
2736.602295	2.27407
2742.025391	0.500464
2744.354248	0.191683
2745.591064	0.195644
2749.844971	4.05249
2753.079590	5.00631
2754.564941	6.32695
2755.986328	10.186
2757.344238	51.0805
2768.546143	42.6402
2777.090332	3.21048
2778.148438	0.0864155
2779.708496	1.361
2785.553467	1.12773
2789.504883	0.363607
2792.065674	0.566703
2793.838135	0.434427
2795.614746	0.339083
2802.123535	2.28874
2805.421143	0.428785
2806.827393	0.333492
2808.044189	4.94572
2812.509766	8.15403
2816.724365	5.63139
2818.887939	0.725195
2823.672119	7.48447
2827.813232	5.53448
2831.260742	1.05044
2837.509033	0.444699
2839.225098	0.280179
2840.945801	0.13804
2841.738770	0.00349872
2843.105713	0.0967206
2848.036621	1.188
2851.416504	0.731002
2852.828369	0.309094
2854.111328	0.935836
2858.105957	2.43128
2861.551758	3.90739
2865.381104	2.10158
2868.567627	0.234987
2869.477539	0.104589
2870.655762	0.362957
2872.084229	0.701205
2873.360107	0.993288
2874.333740	3.70391
2876.318359	2.44017
2877.979736	2.18451
2880.586182	17.1067
2894.606445	7.55206
2896.096680	1.33316
2897.030273	0.240627
2897.653320	1.97799
2899.111084	0.576611
2903.288086	6.77765
2905.895020	0.162954
2908.039063	1.46445
2908.954102	1.86275
2920.175537	4.48519
2924.235840	0.497617
2926.344971	0.285995
2927.161377	0.0616378
2928.107910	0.164521
2929.477783	0.0779113
2930.128906	0.0143429
2933.015869	3.19263
2943.506592	12.682
2951.632813	7.33076
2956.296143	3.24945
2957.555664	0.787117
2958.374756	0.444138
2959.640137	0.324753
2960.611084	0.210067
2961.684082	1.11953
2967.557129	2.10925
2971.652344	2.54478
2974.918213	2.46706
2976.086670	1.90724
2977.582520	0.794654
2978.487793	0.191985
2979.758301	0.301008
2980.691650	0.21031
2981.437988	0.77179
2984.160889	0.657048
2985.455566	0.166234
2987.563232	0.0935749
2989.437012	2.25635
2994.921143	2.24815
2998.683594	5.55612
3002.733398	10.8012
3005.277100	2.21847
3006.737793	1.27423
3008.458252	3.61218
3017.045410	10.2423
3020.290527	0.717977
3022.109131	2.40867
3026.683105	1.92961
3029.383057	0.208843
3030.769043	0.13968
3031.799072	0.0480734
3032.869629	0.0727348
3034.371582	0.180569
3035.363770	0.0892809
3039.878662	2.11194
3041.390137	0.101294
3042.748291	0.419257
3044.729980	0.526879
3045.997314	1.43817
3048.603760	15.0003
3052.616943	27.1894
3056.816406	8.34059
3058.505127	3.0856
3060.227783	2.76714
3061.147217	0.234713
3061.969238	7.99077
3065.222412	2.49489
3065.887451	2.81285
3068.354004	0.143598
3069.912109	0.758484
3074.094482	0.762255
3079.657227	3.11408
3081.789307	0.448824
3082.897217	4.70885
3084.202637	0.127707
3084.794434	0.898856
3086.906006	2.05535
3088.875488	0.272755
3091.209473	5.44806
3096.468506	2.45244
3097.887207	0.843804
3098.911865	0.696448
3100.195801	0.311827
3101.092529	5.35356
3104.958008	13.4138
3108.310547	0.711584
3109.108887	0.607745
3111.641113	1.78299
3114.159180	0.758237
3115.855713	0.795784
3117.639160	0.351628
3119.336670	0.1255
3121.826416	2.46388
3128.375488	0.802253
3130.827393	1.62335
3132.900391	1.01865
3134.604004	2.57242
3137.929443	6.31477
3140.548828	3.06307
3142.162842	1.84084
3144.065430	1.25291
3145.242188	0.24934
3146.050781	0.229571
3146.837402	0.527428
3148.412842	0.0421746
3149.181152	1.23628
3151.060791	1.55384
3152.568359	0.384365
3154.435303	7.32084
3158.803955	2.50133
3162.047363	1.65969
3166.165527	0.264226
3172.465576	3.69455
3183.070068	22.4258
3188.009277	1.28602
3189.728271	3.649
3190.998535	1.96909
3193.289307	5.03711
3195.307129	5.17131
3196.950928	1.6018
3199.182373	1.70607
3201.521484	0.364801
3202.177002	1.37785
3203.524658	2.92825
3204.340820	6.0303
3206.457275	0.164598
3208.738281	3.74336
3209.747803	0.586373
3211.118652	0.397078
3211.975586	0.837757
3213.399414	0.0315936
3214.467529	1.82262
3216.014893	2.59136
3217.914795	1.11517
3219.689697	0.73817
3220.688232	0.101236
3222.065674	0.0149319
3222.928467	1.02996
3223.982910	1.62844
3225.322510	1.03805
3226.178711	0.375931
3227.269531	0.859155
3228.689453	0.320174
3229.827637	0.748046
3231.624756	11.9971
3237.841064	8.51444
3244.207031	37.7565
3245.823975	52.4682
3259.856689	34.1025
3262.199219	5.32027
3263.727051	24.9708
3268.159424	0.747797
3270.490967	8.27678
3271.449707	0.134562
3275.622314	18.4502
3281.979248	3.00158
3283.099854	1.70922
3284.077637	7.14795
3286.301025	0.289473
3288.526123	2.02205
3290.572998	0.67642
3291.574951	0.940634
3293.965332	8.23863
3295.594971	21.1462
3298.767578	0.243711
3299.782959	0.57411
3301.778809	7.89029
3312.598145	93.8367
3319.138672	7.74773
3322.028564	1.1623
3323.061035	1.47544
3324.056885	2.55711
3329.090576	44.0457
3331.215576	52.9677
3340.561035	11.8884
3342.987793	4.46635
3347.401855	1.07165
3348.664551	2.72213
3350.166016	3.53144
3351.649170	13.9268
3355.931885	2.80743
3357.095459	3.29683
3358.132080	3.17845
3360.130127	0.599576
3361.494629	0.927592
3363.331299	2.56248
3365.082764	0.501004
3367.372070	0.938625
3368.444580	1.92065
3372.254150	0.914982
3373.253174	0.891165
3374.033936	1.33616
3375.518066	4.20547
3378.281738	5.20158
3379.305908	0.495853
3379.939453	3.0344
3381.825928	1.30254
3382.528564	2.13831
3387.002930	0.0911485
3389.466309	6.42318
3392.808838	15.6686
3397.475586	3.05152
3401.951172	5.07551
3403.890625	1.84062
3405.338135	2.32851
3406.177979	0.440323
3407.249023	0.459769
3408.599365	6.71166
3413.487549	13.4661
3417.207764	2.18055
3418.084961	0.263616
3419.105957	1.59121
3420.438721	0.152782
3421.409424	0.282299
3422.383301	0.164552
3423.172607	0.0059931
3423.778076	0.0464593
3424.620117	0.221585
3426.022461	0.294678
3427.883545	0.121832
3429.874512	0.0247162
3435.581787	2.90057
3436.821533	0.906599
3438.390625	0.697888
3438.955566	0.393028
3440.459961	2.67202
3444.545898	16.0816
3449.063232	21.4355
3453.488037	2.56015
3455.458252	0.497259
3456.771240	0.178013
3457.641357	0.0483913
3459.864502	2.92072
3462.401123	2.15051
3464.101074	1.20285
3466.058350	0.61452
3467.244141	0.0827738
3468.810059	0.165767
3470.395264	0.32361
3471.397949	0.414045
3472.548340	0.890695
3473.820313	0.949916
3474.966064	0.338513
3475.864746	0.253531
3477.451660	0.382028
3478.387695	0.753743
3479.186523	1.60166
3481.679443	1.33376
3483.516602	0.957816
3485.402344	0.57839
3486.664307	0.25206
3487.648193	0.2313
3489.127197	0.0125169
3492.082031	3.87723
3493.359863	12.6428
3500.113770	14.6575
3503.064697	2.80439
3504.939697	7.34349
3506.573486	1.33816
3508.817139	1.56959
3511.368164	5.86736
3513.497070	0.434054
3514.945557	0.821652
3515.561279	0.233139
3516.990479	0.2992
3519.209717	3.7385
3522.551514	0.892275
3523.885742	2.21235
3525.579590	0.295251
3526.902344	3.42256
3528.039551	0.0966094
3528.857910	0.679083
3530.427002	0.766716
3531.083740	0.228512
3533.075684	3.71949
3535.866211	4.16736
3537.901123	15.7851
3541.784424	2.39091
3543.781738	19.8992
3549.743408	2.41688
3551.429688	4.66151
3553.270752	4.87584
3554.612305	0.270206
3556.842529	4.49795
3558.361328	13.2988
3562.856934	2.87494
3564.947754	4.75269
3569.603027	37.717
3573.857910	27.6454
3575.872314	3.53639
3581.389893	0.978587
3582.787598	1.21745
3584.095703	2.34344
3586.291016	2.05041
3588.377197	2.97647
3590.831787	4.24917
3594.224609	0.345994
3599.362061	3.01555
3604.652832	6.24792
3608.365723	48.0405
3617.082275	6.14293
3622.032227	51.2803
3628.172852	43.9148
3629.593994	1.32943
3631.060791	31.1051
3633.788574	0.426604
3635.108154	8.7997
3636.855957	5.27274
3638.554199	4.66497
3640.553711	7.00446
3643.467529	24.6212
3653.060303	33.5547
3655.975586	109.993
3662.719238	8.89242
3664.023193	1.37705
3665.363281	0.726737
3666.566406	2.35565
3668.814209	5.52437
3669.884033	0.264442
3671.025635	0.149683
3672.086670	0.537042
3672.793213	1.6113
3674.541260	4.97203
3681.380127	5.16412
3683.084473	8.25727
3690.384766	15.7115
3692.882568	6.68526
3694.188232	31.2829
3699.864014	183.098
3704.384521	70.7056
3717.343994	451.671
3728.885498	38.6699
3732.921631	80.5859
3737.357666	46.0532
3740.385498	1.2813
3742.204102	9.84762
3744.417480	10.9618
3750.375977	131.238
3754.131348	26.535
3756.264160	74.3087
3764.697754	55.3033
3765.957275	13.3378
3766.980713	73.455
3771.516846	11.2726
3772.999023	5.76258
3775.345215	6.20519
3777.057129	29.444
3783.516602	134.976
3786.136475	0.907616
3787.225098	7.64167
3789.847656	2.35522
3791.384521	3.57672
3793.547852	17.1453
3802.081787	11.7452
3807.664795	5.09619
3809.840576	2.1773
3811.975830	3.79699
3813.445557	4.81862
3815.273926	1.5003
3817.415283	31.1896
3826.252930	28.0857
3828.753418	6.12572
3830.756592	4.15339
3831.537598	0.234435
3832.875732	1.95615
3834.390625	2.59478
3838.198730	1.95405
3841.576172	3.72516
3843.801758	4.57637
3845.603760	6.5803
3846.973389	1.74906
3847.622803	2.01885
3849.087891	9.56036
3854.135742	3.48377
3855.562256	2.59904
3857.630859	0.820592
3859.807373	1.13534
3861.545654	0.221627
3862.312988	0.0440311
3863.486328	7.41627
3870.001953	8.41753
3871.060547	6.91609
3874.348145	1.404
3875.271973	0.273152
3876.625732	4.03883
3882.354980	13.2517
3886.090820	2.19791
3888.274170	2.45052
3890.566406	1.78144
3892.142334	1.36331
3893.640869	0.452892
3894.763428	0.173394
3895.696533	0.400757
3897.602051	5.22494
3901.721680	15.356
3903.832275	11.4946
3908.134521	9.10817
3909.480957	1.99067
3911.559570	3.39188
3915.087158	11.0102
3917.816650	5.24448
3918.986816	2.68341
3920.155762	4.71528
3921.540527	0.886365
3922.575195	17.1398
3926.751953	8.1084
3929.480713	27.9801
3930.768066	8.57547
3933.424805	5.22126
3935.487549	0.117746
3936.844971	3.72886
3939.572754	0.587251
3941.606689	4.56625
3943.079102	0.267798
3944.167969	0.108372
3944.958252	0.234877
3947.165283	7.17922
3948.950684	4.69377
3951.006592	2.88203
3954.555420	10.9881
3955.617920	11.8858
3958.041504	0.168181
3960.622314	14.5723
3963.788330	11.2704
3965.876221	11.8188
3967.571045	16.1983
3969.335449	1.7893
3970.758057	8.82798
3973.503174	2.08676
3975.339844	15.4271
3977.596680	2.80847
3979.542725	1.82625
3981.962891	0.736307
3982.556641	0.348186
3983.987793	0.0736022
3985.299072	20.4205
3991.058838	0.410272
3993.646729	3.17767
3994.863525	0.887047
3995.968994	0.862118
3997.187012	1.31934
3999.828125	3.80774
4001.196777	6.34833
4003.572998	8.06303
4004.964844	6.57854
4007.676025	1.96716
4008.934814	9.12845
4013.106445	3.84486
4015.555908	0.299429
4016.557861	0.0612799
4021.186768	3.07438
4023.200928	0.301606
4024.068115	0.061126
4025.248291	1.32549
4030.899414	2.91138
4033.434326	0.388643
4035.481201	1.16852
4039.929199	2.91608
4041.662109	5.17721
4046.405518	8.16547
4048.153320	1.13033
4049.818848	1.65989
4050.591553	3.22729
4054.741211	2.85264
4056.180664	0.435413
4057.477295	0.69989
4058.299561	0.177837
4059.518555	1.86554
4061.382568	2.23541
4063.241211	0.549959
4065.209961	2.57063
4067.818848	29.0455
4074.639160	2.34617
4075.679199	0.0335031
4082.720947	28.3224
4085.450928	8.43136
4086.302002	0.982218
4087.639160	26.139
4091.825439	0.988384
4093.455078	0.827316
4094.782959	0.837568
4096.087402	2.31056
4099.895996	15.198
4101.040039	2.03597
4102.898438	30.0408
4111.294922	109.888
4115.552246	28.3916
4120.431641	5.20358
4122.177246	1.41123
4123.125977	0.666411
4124.489258	24.271
4132.987793	77.8149
4141.791016	45.312
4143.870605	0.804592
4146.151855	10.4287
4148.558105	0.58121
4150.578613	11.8033
4151.755859	41.243
4159.037109	113.289
4163.397949	0.756335
4167.989746	46.8322
4176.277344	22.5543
4178.261719	11.9392
4179.966797	11.4384
4182.119629	2.32164
4184.400879	0.240009
4188.428711	4.05194
4189.897949	0.23892
4191.489746	1.70939
4193.293945	2.53356
4194.046875	4.04186
4197.840332	22.9271
4201.700684	24.2761
4209.433105	90.2
4212.854980	4.01865
4214.217773	19.9297
4219.395020	15.4356
4223.367676	3.09232
4224.606445	0.063233
4225.911621	2.06433
4227.960449	6.79888
4230.249023	2.40607
4231.816406	6.62006
4232.511230	3.56824
4234.129883	4.6173
4236.494141	12.0998
4241.211426	18.3481
4245.869629	14.7224
4248.196777	3.75773
4250.621094	0.551963
4253.779297	16.2515
4260.458984	8.8731
4264.341797	4.95587
4267.628906	1.65719
4268.826172	0.424717
4270.123047	1.05625
4271.623047	1.06799
4273.267578	16.0247
4278.501465	1.91957
4280.997559	21.6257
4283.129883	1.42467
4285.765137	4.53401
4287.464844	0.849872
4289.025391	2.5291
4290.967773	1.96327
4293.467285	0.0965655
4297.263184	5.20938
4300.776367	28.0025
4307.070801	19.6775
4309.149414	14.6089
4312.527832	15.0018
4314.579102	12.1788
4316.472168	2.24522
4318.720703	4.63412
4320.798828	2.79626
4323.109375	4.34052
4324.981934	19.5145
4327.791016	0.168297
4329.586426	20.0807
4334.411621	6.21302
4337.105957	25.0057
4339.834961	0.183147
4341.452637	1.16724
4342.704590	10.1338
4347.605469	29.9921
4352.096191	6.63699
4353.707031	0.759413
4354.894531	1.84009
4356.459961	1.51403
4357.605469	3.16031
4360.185547	4.188
4362.353027	25.9511
4368.780273	27.6229
4373.109375	11.5887
4375.114746	45.2964
4382.205566	16.3346
4383.764648	5.12615
4384.628418	8.126
4388.251953	2.88
4390.028809	9.76626
4392.056152	7.32982
4394.407715	2.25594
4396.322754	27.0499
4400.233398	18.0001
4407.842285	196.653
4411.194824	3.71834
4413.685059	13.7835
4418.374023	6.91282
4420.894531	11.2698
4422.560547	4.4508
4423.444824	21.3612
4428.324219	21.8728
4433.585938	57.901
4438.404785	80.5283
4440.416504	0.903656
4441.894531	8.44689
4444.000488	56.9525
4450.364258	8.10268
4455.232910	3.51786
4457.232910	3.70372
4458.982910	4.86222
4460.962402	13.079
4465.001465	3.50335
4472.991699	167.042
4474.975586	129.896
4480.309082	0.100049
4482.186523	2.84611
4484.874023	9.05446
4489.103516	11.8306
4490.068848	0.522569
4491.529785	1.72563
4493.072266	8.63804
4495.255859	20.744
4503.645996	7.87109
4505.078125	13.7133
4510.777344	5.71416
4516.508301	28.9288
4517.686523	8.81786
4523.655762	59.0941
4526.618164	69.9251
4530.964355	2.82616
4533.229492	37.7945
4539.140625	43.7404
4541.143066	4.95452
4542.756836	0.271255
4543.728027	3.88267
4545.572266	0.111061
4546.492676	8.08993
4549.317383	1.40672
4555.109375	80.1917
4556.526855	97.0887
4563.862793	23.5409
4565.139648	2.00487
4566.567871	2.13905
4567.797363	1.08464
4569.693359	6.48571
4570.509277	0.940792
4571.844727	7.81794
4573.392090	9.40969
4574.243652	1.5881
4575.300781	7.6667
4576.433105	20.302
4579.172852	67.7823
4583.224609	19.7771
4591.205078	444.425
4599.943848	1.63218
4603.281738	10.3492
4605.485840	38.0202
4608.116699	18.5915
4609.691895	211.625
4617.916504	4.04089
4619.818848	12.9412
4620.716797	0.503323
4623.619629	92.2817
4624.934570	22.7074
4627.099121	43.2627
4630.993164	87.2895
4641.029297	270.931
4644.252441	0.121192
4645.206055	53.0892
4651.671387	57.455
4657.629883	44.0318
4658.248535	0.551923
4659.437500	52.7144
4662.912109	1.73604
4664.160645	0.770379
4665.933594	12.1634
4667.550293	6.65944
4669.556152	1.64586
4670.580566	7.04437
4673.614746	5.95962
4674.851074	4.48345
4676.595215	2.10799
4677.802734	1.07721
4678.786621	13.285
4682.488770	9.49611
4687.126465	36.0097
4691.354492	31.473
4695.131348	3.79055
4697.414551	0.774638
4699.514160	1.56414
4701.992676	3.79504
4703.042969	0.698615
4704.648438	1.93901
4705.909668	1.22617
4707.488281	0.377119
4708.173340	0.917747
4710.271973	11.8237
4714.962891	2.36057
4720.762207	49.8698
4727.397461	7.75103
4728.875488	12.5523
4731.895508	0.384169
4734.024902	20.09
4737.606445	10.5717
4738.928223	5.71021
4740.124023	12.9987
4743.470703	12.03
4745.393555	17.3445
4748.099121	0.432962
4749.083008	7.77654
4753.789063	26.8565
4757.334473	1.21423
4759.252441	1.35744
4761.565430	0.0986525
4763.404297	1.32299
4764.957031	1.41484
4766.730469	4.23268
4768.702637	0.0810199
4771.102051	14.5215
4776.782227	4.56593
4778.695801	7.72211
4781.804688	0.235317
4782.923340	1.15804
4784.145508	0.533899
4785.297363	0.855301
4786.953125	7.41629
4789.987793	1.28986
4793.569824	4.32192
4795.186035	7.97782
4800.799316	51.5049
4803.976074	8.11887
4805.622559	11.498
4809.435059	2.74964
4812.063965	18.3448
4815.447754	19.4512
4817.315430	8.88145
4819.567871	1.33008
4821.723145	42.3824
4831.264648	114.193
4834.988770	0.460888
4835.977539	1.40386
4837.896973	2.1356
4840.123535	10.1084
4842.622559	1.75907
4844.018555	3.28737
4845.568359	2.81903
4846.962891	0.628058
4848.181641	2.24097
4849.806641	0.14351
4853.126465	21.9089
4854.494629	0.408112
4855.653809	21.4128
4859.421387	2.19165
4860.668457	3.67108
4862.090332	3.02288
4863.336426	11.0453
4868.872559	6.03535
4871.293457	0.495981
4873.231934	2.39384
4878.560059	2.83751
4880.610840	4.76416
4882.552246	11.1495
4886.860840	0.825435
4888.558594	0.568183
4890.102539	6.86019
4893.154297	5.33155
4895.472168	3.67055
4897.422852	15.1377
4905.017578	38.1397
4909.122559	8.92465
4911.234375	5.57404
4912.604004	4.3465
4915.614258	1.35138
4916.758301	9.15522
4920.023926	15.1429
4921.699707	4.70529
4924.248047	3.22924
4927.816895	9.30243
4932.975098	25.0195
4934.429199	6.64349
4937.309082	0.840589
4938.504395	1.42005
4940.448730	1.88223
4943.333496	36.2894
4947.175293	7.07568
4948.562988	2.89813
4954.265137	19.0927
4955.815918	2.33017
4956.820801	3.65093
4958.882324	5.74315
4959.699219	3.85072
4963.405273	23.177
4966.366211	1.28227
4967.706543	44.0937
4971.760254	0.984935
4975.842773	5.24474
4980.102539	89.8978
4989.627930	25.5778
4993.164063	5.4384
4994.593750	8.30249
4997.514648	0.747458
5000.108398	2.35921
5001.113281	5.92057
5003.421387	6.98419
5004.512695	10.5489
5007.275391	1.39036
5008.572266	1.34541
5009.967773	0.343985
5013.617676	22.1848
5019.141113	3.76787
5020.212891	0.477584
5021.767578	0.934324
5023.708496	1.23238
5025.357422	1.51795
5026.684570	3.83395
5029.362305	0.460743
5039.650391	13.8015
5041.458496	4.68534
5043.799316	22.1428
5047.770020	2.70611
5049.566406	14.1644
5051.753418	3.28774
5054.272461	25.1857
5058.895508	1.88125
5063.943848	12.7011
5065.775391	0.0358759
5067.466309	3.71694
5069.661621	11.8963
5073.049316	7.10305
5074.799316	3.82769
5077.351563	1.61981
5079.013184	4.16147
5081.832031	1.05338
5083.506836	0.372307
5084.599121	23.075
5090.983887	0.550044
5093.724121	81.2301
5097.453613	4.03763
5099.560547	1.7554
5100.786133	3.34213
5103.497070	0.874673
5105.019531	0.927482
5106.409180	0.87246
5107.830078	1.18887
5109.374512	1.10792
5110.703613	0.320649
5112.494629	5.21226
5114.728027	4.57989
5117.270020	16.7437
5125.838867	11.6817
5129.499512	40.8759
5131.946777	31.6081
5135.909668	4.09157
5136.846191	10.978
5142.649902	21.181
5144.579102	28.8631
5148.616211	4.3755
5149.861328	11.1594
5152.622070	0.481421
5155.315918	1.16392
5157.864746	3.26545
5159.814941	6.05602
5162.395996	64.0855
5171.628906	5.71223
5178.250488	39.6209
5180.249512	2.45221
5181.526855	2.39827
5182.497070	3.72295
5184.361816	4.66698
5186.414063	22.6869
5192.129395	7.62865
5195.190918	5.97556
5197.731934	28.8132
5203.097168	65.3152
5208.368164	17.4242
5209.929199	6.94704
5212.479004	2.15255
5214.763184	1.37879
5217.305664	2.28341
5219.446777	9.87833
5223.720703	7.09894
5225.762207	10.4584
5227.628418	19.028
5232.121582	50.8461
5236.532715	4.34227
5237.674316	17.0019
5247.767578	42.0828
5251.425781	3.2365
5253.733887	1.08533
5256.444824	3.33448
5258.862793	3.7456
5260.894043	11.8603
5266.157715	9.23556
5268.257813	5.74112
5270.863281	7.55885
5278.833008	79.0531
5280.440430	14.9589
5282.830078	16.0644
5285.107910	35.9584
5292.970703	23.1907
5297.002930	1.18779
5298.638672	9.45612
5300.607422	15.9014
5303.370605	75.6969
5308.767090	17.3382
5314.157227	213.008
5318.179199	7.27214
5320.919434	32.3912
5326.079102	2.423
5328.080566	4.97556
5330.592285	19.4627
5333.328613	7.0545
5336.344727	78.7754
5346.659668	447.132
5354.083984	2.64022
5355.707031	11.8904
5357.243164	7.16404
5359.703613	2.75023
5361.259277	1.69898
5365.515137	10.8996
5366.965332	1.42357
5368.403320	7.27568
5372.566895	1.5032
5374.410645	13.731
5381.444336	18.7833
5383.823730	0.839843
5385.389160	2.55311
5387.156250	12.23
5389.370117	37.5649
5397.545410	91.0265
5404.365723	24.0961
5408.049316	12.3927
5410.179688	18.0159
5414.623047	29.0415
5416.335938	6.72738
5417.584473	8.16377
5419.260254	0.511093
5420.937012	83.1227
5434.113281	153.369
5437.402344	0.879062
5440.560059	39.2387
5445.588867	25.4155
5449.229980	22.5676
5453.916504	8.63861
5459.323242	19.6969
5464.494629	3.03382
5468.284180	5.02868
5470.219238	2.79275
5471.332031	0.482348
5473.175781	0.73457
5474.570313	1.19011
5476.455566	2.19051
5478.160645	4.2053
5479.688965	7.17316
5481.551758	22.5497
5485.327148	1.5173
5487.109863	24.0339
5491.233887	2.69449
5494.867676	5.85258
5497.039063	1.23651
5499.390625	1.28383
5501.684082	1.32088
5503.888672	0.344112
5509.514160	68.422
5516.263184	81.8801
5522.389648	1.57168
5523.838379	1.59073
5525.063477	0.606234
5526.403320	0.511313
5527.947754	0.654592
5529.968750	0.889549
5532.581543	23.7025
5537.723145	8.73625
5539.956543	19.5131
5545.164063	25.9211
5547.304688	0.714253
5550.182617	5.73891
5551.482910	1.49092
5552.961914	1.70322
5553.757813	0.160473
5554.492676	0.794861
5555.710938	12.4772
5563.890137	63.9233
5570.181152	18.7597
5571.408691	3.95918
5573.285156	0.815481
5574.761230	2.25321
5576.446777	7.78283
5579.743652	2.54562
5580.686523	0.438652
5582.321289	1.10902
5586.922363	5.67162
5590.202148	7.65947
5591.750000	17.0689
5597.140137	15.1938
5600.653809	3.2595
5602.035156	8.33551
5603.154297	13.7708
5606.499023	4.52715
5608.525391	4.02443
5609.989746	16.8013
5614.141113	8.30678
5616.188477	2.76916
5618.619141	1.89599
5620.506836	5.57516
5622.477051	5.59326
5623.798340	0.917973
5624.851563	4.78683
5626.958008	0.647271
5628.815918	17.5577
5633.589844	0.719621
5637.072266	65.4859
5641.549316	1.04719
5643.656250	29.7104
5649.841309	23.587
5651.903809	4.70205
5653.878906	4.95173
5657.217773	6.13194
5659.952148	4.73893
5662.226563	2.99534
5664.343750	2.49471
5666.508789	0.456195
5668.460449	0.776131
5670.723633	7.20486
5672.423828	31.3473
5678.751465	42.4123
5684.770020	44.1473
5689.262695	34.7223
5693.418945	16
5694.902832	16.811
5698.037109	1.00291
5699.524414	3.08158
5702.606445	4.043
5705.083496	6.58366
5706.767578	1.38881
5707.908203	1.16079
5710.025879	48.4171
5718.269531	24.1969
5719.946289	1.02989
5721.280762	0.735326
5724.831055	41.1831
5731.783691	16.6543
5733.940430	5.09784
5736.618652	5.17897
5739.397949	1.44149
5740.643066	2.88952
5742.585938	0.371141
5744.379395	2.06925
5745.770996	0.755428
5747.790527	7.03878
5750.205078	4.29979
5753.630371	6.66069
5755.618164	7.42372
5756.881348	1.8797
5758.083008	4.95895
5760.076172	1.74354
5761.395020	0.899937
5762.558594	3.68838
5764.479004	7.23262
5766.981934	2.62776
5773.609375	25.5049
5775.257324	1.49549
5776.479004	12.0021
5780.083496	2.49452
5782.261719	10.7193
5787.115723	11.9406
5788.759277	2.79663
5790.691895	0.639813
5791.939453	1.24082
5793.708496	0.75377
5794.996094	1.15756
5796.962891	13.0572
5804.105469	27.1865
5807.128418	0.863478
5808.671875	0.965891
5811.545898	4.20975
5813.318848	3.79746
5815.093750	12.1803
5818.427246	7.43906
5820.618652	8.45425
5825.050781	3.21828
5829.903809	53.2017
5835.505859	7.91202
5837.365723	0.292264
5839.299316	2.69208
5840.702637	13.8354
5848.694336	32.4571
5855.465332	2.18445
5857.992188	3.93725
5862.547363	0.413517
5865.139160	8.12422
5868.134766	2.97035
5869.820313	5.46361
5873.891602	7.16328
5875.938477	2.32249
5877.232422	2.18845
5880.164551	1.02566
5881.603027	2.70082
5884.327637	4.70933
5887.338867	33.8632
5893.986816	45.1287
5896.989746	5.34671
5898.963867	4.7606
5901.077148	39.6753
5907.487305	12.095
5913.384766	1.02557
5916.535156	12.823
5920.192871	3.5539
5922.196777	2.46773
5926.605957	4.11241
5931.676270	60.6946
5940.147461	33.1526
5943.065918	34.6923
5950.437012	14.9963
5952.310059	10.0693
5959.206543	19.1046
5964.423340	2.31613
5966.775879	3.08961
5969.273438	1.44925
5971.441895	2.701
5976.028320	9.39254
5978.903809	2.93315
5981.184570	4.12519
5983.566406	4.46569
5986.400391	6.50367
5988.783203	16.7054
5991.324219	23.3328
5996.829102	1.29871
6001.223633	5.35887
6004.628906	5.03167
6006.628418	2.25688
6009.391602	1.69847
6012.114746	3.55739
6014.342285	1.52853
6017.629883	11.6643
6022.218750	22.5371
6027.832031	15.2857
6032.891602	4.78155
6035.092773	2.259
6037.506836	5.63879
6042.869629	0.258328
6046.465332	3.18731
6049.325195	22.0986
6050.705566	29.2009
6055.602051	2.39346
6057.442871	1.30403
6058.814941	3.04275
6061.001953	5.60829
6063.193359	1.67953
6066.740723	3.45844
6068.751465	3.76074
6070.108398	6.00703
6072.481445	11.8449
6075.219238	12.266
6077.303711	48.2607
6082.743652	0.962963
6085.083984	13.153
6087.006836	13.7151
6093.258789	34.0565
6100.136719	8.0563
6101.997559	8.4042
6103.136719	1.86925
6105.948730	4.85797
6108.770996	12.9832
6110.286133	36.0319
6115.323730	1.9649
6123.447266	59.7173
6130.890625	17.0186
6133.815918	5.77042
6136.186035	5.31867
6138.382324	3.78968
6144.921387	48.208
6148.628418	3.85847
6155.737793	98.2408
6168.272949	22.0586
6170.123047	7.45789
6173.995117	13.5545
6177.684082	0.64522
6181.773438	12.0733
6188.670898	35.5182
6191.583008	39.9191
6196.520996	3.83193
6201.575195	11.8354
6204.078125	5.78228
6206.665039	9.92508
6208.191895	17.8585
6212.906738	3.9715
6214.607422	4.22583
6216.272949	10.5767
6221.468750	29.5568
6227.425781	21.8046
6229.167480	5.48845
6232.859863	31.9667
6238.002930	2.32146
6239.651855	4.52916
6242.240723	3.57757
6245.301270	15.3967
6254.005859	38.207
6256.189453	9.46239
6259.143066	2.6468
6261.708984	10.574
6266.153809	21.7237
6268.527832	7.92482
6273.368652	27.7094
6276.696289	4.6669
6278.923340	1.39051
6282.431641	5.6
6284.373535	0.21832
6287.147949	9.20678
6288.818359	9.51279
6291.206055	16.3744
6293.579590	51.911
6306.005371	79.0968
6309.072754	9.21006
6311.811523	20.2825
6315.896484	7.085
6318.195801	6.27899
6321.148926	2.30412
6324.296875	4.97957
6325.998047	2.41884
6328.320313	7.24599
6330.851563	5.71811
6337.303223	68.4089
6341.108887	20.3567
6347.331543	14.7384
6351.618164	4.98769
6352.894043	2.64924
6357.302734	13.6984
6359.189453	2.2314
6361.416504	56.9702
6368.579590	86.9396
6374.165527	20.0006
6377.422363	6.60031
6379.496094	5.13173
6381.885254	0.305904
6384.256348	4.06356
6386.702148	6.21077
6389.084961	3.12854
6393.661621	6.66387
6396.763672	12.136
6403.267578	19.3285
6406.011230	36.3648
6411.296387	10.1756
6413.609375	2.64285
6415.380859	1.25138
6418.177246	5.22861
6419.914063	3.5082
6422.881348	1.36492
6424.735840	1.83513
6426.438965	1.48465
6427.718262	0.913674
6429.443848	5.9782
6437.410156	32.4006
6441.147949	4.59575
6443.113281	8.21221
6446.438477	4.69663
6447.953125	2.14
6449.428711	1.35266
6453.348145	15.1409
6455.346191	0.340963
6457.114746	3.69955
6458.686523	17.8249
6463.008789	14.8457
6470.270996	60.441
6473.337402	25.012
6481.540527	21.6413
6488.589355	3.48604
6489.652832	4.11039
6493.010254	6.42694
6495.730469	14.2756
6501.475586	91.2608
6507.298340	7.19253
6509.930664	28.9835
6514.619141	1.50695
6522.403809	51.3155
6524.252441	31.2465
6531.654785	151.9
6535.974609	18.3219
6538.969727	4.32476
6540.989746	19.4535
6544.032715	1.43047
6549.101074	593.246
6557.656738	3.13208
6561.462891	79.8246
6566.233887	29.9673
6568.326660	6.71756
6570.884766	8.4742
6575.583008	55.1268
6583.672852	34.6357
6585.732422	12.6644
6592.945313	21.4064
6600.843262	193.394
6606.691406	15.0218
6608.358398	3.4262
6609.833008	21.917
6613.304688	7.30889
6616.493164	9.89667
6619.386719	4.71475
6620.740234	1.21468
6621.987305	8.16334
6625.379395	43.0026
6631.054688	71.3279
6637.002441	79.6585
6642.264160	21.4956
6644.341797	31.2243
6650.440918	3.0289
6653.605957	7.63699
6655.846191	13.3481
6662.319336	63.427
6667.959473	26.301
6671.298828	3.62391
6672.516602	4.77755
6676.609375	9.61287
6679.345703	4.36843
6681.190430	2.22589
6682.596191	1.47994
6684.221191	12.673
6688.173340	2.37092
6689.606934	0.515035
6691.175293	0.799044
6694.293945	3.19169
6697.937500	5.67884
6700.603027	3.13928
6703.149902	1.94221
6704.962891	2.03547
6709.954102	102.336
6715.518555	50.2605
6729.378906	689.807
6739.778809	13.4402
6746.348145	110.454
6749.047852	25.8472
6751.950195	5.53849
6754.312988	6.21601
6757.439453	31.7534
6760.934570	2.29417
6763.556641	64.1505
6769.312500	16.3467
6775.403320	13.2048
6780.658691	43.5594
6788.448242	17.1534
6792.836426	59.2111
6797.073242	8.4587
6798.514648	41.1597
6803.008789	0.0359256
6812.183594	183.888
6822.441895	72.6382
6830.317383	9.70347
6832.710938	4.89608
6837.566895	56.5696
6839.470215	15.4684
6843.545898	173.301
6850.726563	0.2226
6857.135742	1287.41
6866.369629	6.97839
6868.100098	2.07118
6872.761719	45.007
6875.294922	163.776
6883.089355	1.90429
6886.012695	29.785
6888.047852	12.4171
6892.511230	33.4564
6896.975098	14.8418
6899.024414	17.1131
6901.307129	29.9963
6905.096191	9.15943
6908.000000	17.9749
6910.012695	41.8872
6915.213867	125.502
6925.467773	200.708
6932.221191	3.38805
6934.404785	10.4061
6936.403809	3.31886
6937.645508	3.27754
6939.530762	2.61746
6944.418457	129.734
6954.301270	424.667
6959.866211	109.832
6971.584961	2354.1
6990.093262	48.2659
6991.872559	12.6881
6995.986816	18.6312
7009.480957	173.203
7011.701172	69.1806
7020.570801	33.0763
7024.017090	24.3099
7025.420898	23.3906
7028.897461	2.16504
7031.735352	12.1143
7034.669434	131.785
7046.914063	138.246
7051.713867	112.828
7062.543945	14.2051
7068.253418	106.581
7072.839355	2.89425
7074.666016	47.361
7086.375977	66.5186
7090.585449	10.6656
7093.573730	5.40576
7096.458496	4.24605
7099.290039	2.00879
7101.536621	2.22586
7107.201172	16.082
7108.957520	50.0741
7117.118652	8.72421
7122.564941	131.039
7128.359375	8.43745
7133.419922	41.7859
7135.508789	19.0836
7138.439941	3.27055
7141.443848	18.2694
7144.566406	13.5351
7156.719727	138.091
7162.196777	0.579513
7163.828125	0.350951
7166.132324	4.61196
7170.259766	27.3093
7172.497559	3.32197
7174.575684	28.9897
7183.453125	46.2747
7187.916016	8.30502
7189.618652	3.73289
7191.426270	1.08533
7196.537109	84.3472
7198.194824	36.5563
7201.705566	11.6431
7206.126465	36.9103
7210.799805	46.6707
7216.104004	7.11933
7218.410156	0.452065
7220.038574	10.2509
7222.673828	4.11625
7224.040527	0.0661244
7225.604004	3.02729
7228.365723	16.0658
7230.191895	11.1762
7233.824219	0.89867
7238.879395	19.9159
7240.856445	8.44678
7243.688965	52.08
7250.594727	20.2837
7252.666504	8.22921
7254.541504	108.404
7265.644043	1.23754
7268.642578	32.0777
7271.173340	4.13776
7274.158203	9.94767
7278.525391	33.9364
7286.325195	96.7983
7290.308594	0.322536
7292.347656	23.4806
7298.812012	145.74
7302.955078	2.5172
7307.179199	53.601
7309.660156	97.3614
7315.250000	32.4391
7326.817383	764.302
7334.609863	21.8733
7337.383301	4.46322
7346.933105	561.992
7358.772949	43.2293
7364.034180	41.5488
7366.387207	4.00493
7368.833008	7.67721
7372.272949	2.08572
7373.626465	2.97028
7379.048340	61.0387
7380.560547	42.6719
7384.498535	30.1655
7388.912598	17.1628
7394.832031	156.079
7402.682617	2.77994
7403.515625	0.183956
7407.343262	13.7347
7410.548340	14.6598
7414.230957	65.7367
7417.820313	8.95483
7421.204102	58.6217
7425.774902	4.77361
7428.480469	4.2358
7429.439941	1.21352
7431.687988	6.84341
7434.481445	9.27838
7438.728516	124.212
7443.375977	6.41375
7446.332520	7.16102
7451.617188	22.2516
7455.606934	5.97727
7458.437012	2.30966
7462.617676	19.627
7467.280273	2.45938
7470.816406	9.02504
7472.784668	26.5515
7477.000488	17.9068
7478.964355	15.0019
7483.401855	6.78334
7488.136719	10.9219
7490.790527	21.3914
7493.807129	7.15487
7495.777832	14.2693
7498.948730	2.11698
7500.354980	1.17304
7502.170898	3.93302
7504.846680	7.5591
7507.357422	0.199466
7509.365234	10.227
7510.772461	10.113
7514.434570	18.6282
7525.779785	68.632
7528.359863	3.61135
7531.751953	1.74863
7533.347168	2.72368
7534.972656	17.7914
7539.371094	37.3146
7550.586426	59.7235
7554.665039	167.827
7565.441406	77.7094
7573.337402	1.25405
7575.916016	4.88258
7578.791504	3.01238
7582.573242	1.94841
7585.831543	5.56205
7589.449219	5.03384
7591.455078	11.0681
7600.389160	128.056
7607.995117	27.6644
7612.800781	28.8211
7614.338867	23.2526
7620.367676	36.0764
7627.475098	11.5968
7629.249512	12.7739
7636.344727	13.2487
7639.613770	6.83031
7641.127441	2.55979
7642.974609	20.5852
7651.123047	37.6958
7654.764648	19.1047
7658.408691	6.62928
7660.298828	6.1438
7661.459473	3.36126
7663.521973	3.4173
7666.021973	3.95554
7668.840332	4.44584
7671.812500	48.5811
7682.645996	61.5069
7688.493164	159.938
7695.960938	0.686181
7699.874512	83.4517
7705.462891	26.8395
7707.681152	47.0283
7715.280273	131.185
7718.711914	16.5763
7723.802734	22.7106
7728.473145	2.22789
7734.449707	75.716
7739.063965	1.32263
7740.849609	18.1541
7748.462891	64.6554
7757.485840	20.0041
7759.184570	19.6341
7763.177734	1.93003
7770.740723	34.0755
7774.817383	11.8803
7778.476074	7.20714
7781.091797	4.77914
7783.448730	3.26777
7786.011719	25.8303
7789.413086	4.17326
7791.847168	22.8478
7800.671875	17.7805
7803.568848	9.59864
7806.654297	6.14097
7809.423340	3.13487
7817.806641	68.9945
7821.613281	4.81794
7825.358887	25.8063
7827.171875	10.449
7830.161621	8.72261
7834.008789	67.8777
7845.917969	57.44
7852.146484	37.8603
7854.445313	11.0663
7857.175781	10.8123
7860.780762	14.3325
7867.491699	11.897
7871.078125	14.3757
7873.464844	10.3215
7876.459473	3.07649
7879.827148	17.8691
7883.271973	16.3944
7888.010254	33.7759
7893.450684	10.2715
7897.462891	12.0563
7899.705078	17.3938
7903.088867	6.71462
7905.724121	5.42832
7908.884766	2.43526
7911.310059	8.5339
7916.192383	0.0106965
7919.862793	29.6095
7925.321777	20.7957
7928.090332	5.09197
7930.783203	3.66657
7935.463867	1.24217
7938.030273	3.48779
7939.981934	15.6579
7952.110840	37.1806
7957.507813	39.4735
7960.007813	10.5712
7963.036133	8.82687
7965.552734	13.3199
7968.696289	70.3693
7977.061523	59.0593
7980.734863	3.37304
7986.120117	26.6089
7993.935547	22.0031
7998.746094	30.7571
8004.920898	82.5197
8009.394531	2.98969
8011.391113	12.8759
8013.344238	35.8828
8021.914551	112.459
8030.686523	26.5742
8033.443848	22.9953
8039.641602	42.4475
8043.327637	124.013
8048.405762	4.71037
8052.615723	19.3734
8054.850586	34.0599
8061.858398	18.912
8064.984863	36.2519
8069.532715	18.6474
8072.119141	56.6872
8080.272461	77.8828
8083.141602	42.8144
8086.177734	5.64928
8089.964844	25.167
8091.528809	3.37132
8093.968750	43.2631
8096.851563	302.765
8104.047363	4.80049
8105.208008	57.2042
8111.216309	70.1971
8118.945313	37.5411
8123.202637	17.0994
8133.894043	46.3983
8137.807129	5.32426
8141.164551	13.6877
8143.856934	2.35114
8145.884277	1.00998
8147.441406	0.9007
8149.317383	2.49479
8151.695313	0.951309
8156.033203	16.443
8159.346191	2.42798
8162.989258	14.4605
8167.972168	32.4629
8174.272461	96.054
8182.594727	57.8758
8184.888184	14.3162
8186.797852	14.2866
8189.307617	22.4434
8191.901367	23.3073
8195.469727	19.7624
8199.408203	19.5984
8205.483398	368.337
8209.024414	48.6561
8212.493164	6.00977
8216.190430	203.575
8222.966797	27.41
8226.723633	126.342
8232.724609	16.9842
8234.438477	40.0975
8238.011719	10.2108
8241.130859	6.85245
8243.457031	3.91389
8245.806641	6.51987
8248.800781	13.0556
8251.512695	60.1188
8262.619141	29.7559
8265.671875	3.52656
8268.301758	10.4604
8274.489258	30.9236
8281.599609	36.5365
8285.092773	11.137
8287.219727	51.3734
8293.246094	14.9026
8294.433594	5.91262
8300.380859	17.7544
8302.474609	4.52775
8304.375977	9.49404
8306.309570	6.00276
8308.281250	9.32193
8310.023438	10.6397
8314.282227	79.8734
8315.856445	12.0702
8317.997070	127.241
8332.279297	3130.95
8348.145508	3443.8
8360.848633	63.4118
8368.953125	64.7944
8374.784180	18.1602
8376.883789	34.3074
8380.219727	7.45533
8382.554688	1.59227
8384.443359	1.69468
8390.177734	133.54
8406.224609	289.675
8410.159180	4.53351
8412.613281	51.2307
8418.791016	8.08479
8421.696289	9.80377
8425.919922	48.9301
8430.823242	24.8936
8432.720703	12.3879
8434.377930	105.374
8440.616211	1.05218
8447.584961	358.008
8460.406250	144.859
8462.461914	235.584
8474.278320	7.04247
8476.483398	61.1477
8492.760742	47.4541
8495.566406	83.7365
8507.755859	30.7605
8510.618164	60.2761
8518.271484	13.0954
8521.266602	10.7705
8525.003906	3.35622
8527.125977	9.51347
8531.032227	9.09786
8532.944336	12.6861
8536.628906	4.27638
8538.757813	0.996129
8540.733398	2.40447
8541.872070	0.645841
8544.018555	1.46832
8546.358398	0.79418
8547.829102	0.36786
8551.832031	2.65253
8554.819336	11.6898
8560.661133	33.6931
8566.306641	7.21977
8568.396484	9.7813
8571.540039	1.61943
8575.366211	5.25397
8577.393555	0.156943
8581.253906	61.9433
8588.093750	14.4585
8592.194336	84.9475
8598.302734	26.6035
8601.834961	11.2909
8607.198242	100.794
8611.279297	88.3381
8617.307617	6.96769
8621.082031	20.7197
8623.799805	29.8045
8627.060547	10.1438
8630.077148	41.0344
8632.697266	9.12488
8635.953125	10.7298
8639.322266	0.215924
8641.187500	2.51855
8642.337891	9.66564
8649.253906	29.7612
8657.275391	39.8206
8661.866211	3.59608
8663.735352	17.6506
8671.008789	50.881
8675.103516	20.1382
8682.086914	9.79112
8686.565430	66.0007
8698.837891	44.7786
8701.576172	1.2229
8705.576172	57.9531
8710.015625	1.80909
8712.945313	5.466
8719.535156	149.784
8722.899414	339.47
8732.763672	15.498
8736.523438	5.41188
8740.270508	0.674395
8745.276367	27.199
8749.608398	3.32537
8753.119141	18.3732
8756.374023	1.9136
8759.742188	2.69018
8761.840820	2.03026
8764.364258	61.4363
8776.239258	24.0186
8779.419922	14.127
8785.104492	52.5725
8793.398438	15.1698
8796.086914	5.57811
8799.996094	3.59684
8801.837891	21.9711
8807.267578	48.2155
8814.570313	53.6774
8821.340820	8.4661
8826.903320	8.4637
8830.511719	25.5718
8832.424805	7.64941
8834.985352	0.318998
8836.442383	9.08132
8839.464844	30.1697
8848.150391	30.6187
8851.705078	45.0655
8859.249023	1.48466
8863.246094	30.3568
8866.924805	7.17457
8874.715820	21.1013
8877.651367	6.75064
8880.362305	2.70403
8882.290039	14.7894
8887.860352	1.63138
8891.700195	0.437731
8893.488281	0.492503
8894.907227	1.75537
8903.421875	59.9457
8918.733398	70.2986
8929.088867	2.72726
8931.159180	0.316589
8936.773438	15.8097
8939.560547	8.97917
8942.848633	14.4995
8945.828125	2.78778
8947.577148	0.307823
8949.329102	1.01827
8951.651367	16.4732
8960.129883	70.543
8966.494141	15.8115
8969.024414	4.22086
8970.810547	0.110542
8972.056641	1.99939
8974.718750	1.95459
8978.885742	7.85465
8981.465820	4.59028
8984.392578	3.20789
8988.065430	1.25093
8990.779297	21.3127
9000.421875	5.50551
9006.371094	28.9184
9009.667969	6.04424
9012.071289	2.45599
9013.139648	1.56232
9015.315430	2.03319
9018.050781	0.834626
9019.755859	16.2576
9023.846680	13.9829
9028.139648	60.2427
9037.198242	114.513
9041.134766	15.3182
9043.020508	3.01808
9044.730469	3.02427
9052.033203	240.585
9058.779297	36.7884
9062.391602	81.1461
9070.195313	26.0581
9074.187500	3.76829
9076.987305	4.33858
9079.845703	1.00374
9082.365234	3.78685
9085.212891	26.0919
9097.502930	2.03052
9100.023438	8.40768
9103.094727	6.46697
9106.591797	9.02108
9109.376953	3.62282
9112.711914	6.30439
9115.301758	3.16459
9122.845703	35.5728
9126.362305	5.36659
9129.975586	10.2588
9138.075195	66.9119
9147.071289	25.3166
9149.598633	3.38392
9150.801758	5.72039
9153.683594	23.1165
9160.998047	6.81416
9163.202148	1.21106
9164.780273	3.38635
9169.366211	23.2927
9176.006836	13.2976
9178.045898	7.35659
9181.704102	4.68073
9183.903320	0.868699
9184.989258	1.70993
9187.481445	5.23297
9192.467773	1.77061
9197.604492	19.4718
9203.435547	16.4009
9211.725586	39.6612
9225.281250	12.4845
9231.950195	9.45793
9235.818359	2.66859
9237.355469	0.775011
9239.618164	4.60209
9243.600586	1.99332
9246.293945	4.18381
9249.451172	0.881715
9251.706055	1.82742
9253.524414	0.942948
9255.589844	0.391055
9257.297852	0.648566
9259.641602	2.79327
9268.122070	4.50481
9269.730469	5.96938
9274.989258	4.48042
9277.388672	4.77975
9282.291992	7.6439
9287.621094	5.58552
9291.343750	1.02277
9294.071289	4.70598
9304.849609	6.70604
9307.269531	0.8419
9310.684570	5.66511
9312.806641	4.17558
9315.275391	5.06484
9319.208984	2.75897
9321.893555	8.29338
9324.835938	6.78398
9327.740234	2.35409
9329.583984	0.680158
9332.649414	4.74403
9335.293945	1.59787
9337.061523	14.3986
9348.059570	30.528
9363.759766	13.5967
9366.889648	5.30217
9368.834961	1.8273
9370.333984	10.7756
9376.162109	0.639152
9379.793945	3.03885
9383.345703	0.998475
9387.150391	4.46032
9392.086914	4.00569
9395.559570	1.3048
9398.844727	1.25939
9401.808594	4.32802
9407.857422	1.09061
9412.263672	16.2272
9419.298828	40.0733
9426.035156	2.7849
9430.383789	4.84653
9432.189453	3.99484
9439.408203	20.8123
9441.067383	0.0229397
9442.327148	1.63853
9445.050781	3.7462
9449.227539	5.01228
9453.050781	6.1436
9455.406250	15.1429
9464.503906	21.0193
9467.715820	3.01161
9470.704102	1.71908
9472.460938	1.22019
9475.388672	10.4006
9482.626953	4.21106
9489.708984	8.44434
9492.783203	7.51337
9494.966797	0.0789247
9496.108398	9.18368
9499.785156	1.92127
9501.740234	2.70341
9504.935547	9.26184
9507.941406	1.03386
9510.385742	1.07597
9512.284180	3.36123
9513.821289	1.40147
9516.335938	29.7718
9529.911133	87.6507
9535.371094	18.9964
9536.539063	7.06951
9540.005859	8.94388
9552.000000	45.96
9559.599609	6.63599
9561.750000	0.447593
9563.965820	1.21489
9567.368164	2.36768
9571.114258	16.7915
