TITLE "<<210916_CKF_A9_PM_9967_XF_M23_ThermoSIN_MSMS1kVPos_Sen_MetON_AlkTrx_XCal_TIS_100Da_10K_6800hv>> 4700 MS/MS Precursor 9967 Spec #1=>AdvBC(32,0.5,0.0)=>NR(2.00)=>SM31=>CT[BP = 9246.9, 1123]" CENTROID
TYPE MASSSPEC
9.947228	1.51907e-007
9.971702	6.51032e-008
9.988126	4.55883
10.042844	1.2215e-007
10.136447	4.58061e-007
10.228005	1.06881e-007
10.307523	3.81717e-007
10.457449	5.34404e-007
10.578170	1.98493e-007
10.628675	1.06881e-007
10.676765	1.83224e-007
10.740210	1.98493e-007
10.791100	1.06881e-007
10.839557	1.83224e-007
10.903482	1.98493e-007
10.959892	1.37418e-007
11.044780	3.66449e-007
11.129995	1.37418e-007
11.171431	1.06881e-007
11.225930	2.13762e-007
11.343163	4.73329e-007
11.550446	7.32897e-007
11.722404	2.59568e-007
11.788880	1.2215e-007
12.078220	1.52687e-006
12.368344	1.06881e-007
12.439363	2.90105e-007
12.529794	2.13762e-007
12.604027	1.98493e-007
12.664675	1.37418e-007
12.984073	1.61848e-006
13.318772	1.98493e-007
13.378279	1.2215e-007
13.423707	1.2215e-007
13.469213	1.2215e-007
13.514794	1.2215e-007
13.560453	1.2215e-007
13.606190	1.2215e-007
13.652003	1.2215e-007
13.697893	1.2215e-007
13.743861	1.2215e-007
13.789906	1.2215e-007
13.836027	1.2215e-007
13.882226	1.2215e-007
13.931397	1.37418e-007
14.283891	1.71009e-006
14.682372	3.5118e-007
14.795527	2.2903e-007
14.864227	1.2215e-007
14.963075	3.81717e-007
15.083330	2.2903e-007
15.152695	1.2215e-007
15.352626	8.85584e-007
15.572229	2.13762e-007
15.673403	2.90105e-007
15.824235	4.58061e-007
15.938607	1.06881e-007
16.037857	3.81717e-007
16.224781	5.34404e-007
16.375101	1.98493e-007
16.437939	1.06881e-007
16.497747	1.83224e-007
16.576607	1.98493e-007
16.639832	1.06881e-007
16.700005	1.83224e-007
16.779348	1.98493e-007
16.849325	1.37418e-007
17.112373	0.116778
17.695280	0.13318
17.908503	0.334507
18.108286	1.80758
18.238527	3.04389
18.372416	0.652924
18.517456	1.19954
18.603693	0.0694037
18.817093	0.0716657
19.003576	0.00518717
19.112656	5.33958e-005
19.177624	7.15431e-006
19.279308	4.98699e-006
19.372824	1.8662e-007
19.438147	1.07221e-007
19.486134	1.06906e-007
19.530682	9.16123e-008
19.564981	6.10748e-008
19.589008	4.58061e-008
19.650862	2.2903e-007
19.747271	1.98493e-007
19.819731	1.2215e-007
19.875029	1.2215e-007
19.930405	1.2215e-007
19.985857	1.2215e-007
20.041386	1.2215e-007
20.096992	1.2215e-007
20.152678	1.2215e-007
20.208437	1.2215e-007
20.264275	1.2215e-007
20.320190	1.2215e-007
20.376183	1.2215e-007
20.432253	1.2215e-007
20.491911	1.37418e-007
20.919054	1.71009e-006
21.400826	3.5118e-007
21.537424	2.2903e-007
21.620316	1.2215e-007
21.674461	1.06881e-007
21.735907	1.52687e-007
21.855433	3.5118e-007
21.964378	1.06881e-007
22.040802	2.13762e-007
22.153860	2.59568e-007
22.259886	1.83224e-007
22.314827	4.58061e-008
22.552660	1.52148
22.868061	0.428775
23.026077	3.24742
23.237373	12.904
23.577169	4.77773
23.922997	0.718171
24.330603	1.01924
25.220131	0.207211
27.542175	3.3339
28.030882	2.45467
28.339470	0.377982
28.409075	0.0440739
28.518017	0.174473
28.640051	0.0399257
28.708839	0.0214924
28.818768	0.0191567
30.069012	3.37766
30.588814	1.17621
30.661791	0.415074
31.105482	3.65796
31.739195	5.77987
32.686317	10.3361
35.047020	42.964
37.563995	14.3634
38.396503	46.6168
39.345196	351.203
39.974995	46.889
40.673977	0.889
40.966007	11.4026
43.498249	75.7029
44.026524	14.5102
44.456173	53.4078
44.910419	11.06
45.192604	9.15992
45.462315	7.47581
45.628624	4.40196
45.854645	5.42947
46.367115	8.94842
46.626308	0.635714
46.853683	14.5379
47.537922	11.3886
48.014938	0.647554
48.225922	3.32193
49.021076	2.10815
49.265324	1.01904
49.364269	0.0796827
49.529171	0.437007
49.737434	0.688183
50.306679	4.78543
50.662518	5.59999
50.797775	0.541474
50.969265	0.138301
51.267937	11.064
51.473057	0.418241
51.698029	2.35864
51.952106	0.682586
52.155251	20.4953
53.619854	4.14735
53.755604	0.339444
53.911224	5.33699
54.667233	12.1634
55.185356	1.0617
55.608955	3.04771
56.046673	0.423106
56.777676	0.689278
57.156536	1.92427
57.444241	1.40573
57.672432	0.240742
58.016785	0.491469
58.141518	0.15397
58.446678	0.582863
58.892788	1.64444
59.088074	0.530453
59.255821	0.722366
59.392002	0.957174
59.475281	0.0841686
59.688671	1.39211
59.939999	1.35128
60.173878	0.679169
60.556427	20.9611
61.487976	2.5842
62.271553	3.26663
62.525696	1.09189
63.129265	3.23945
63.593063	11.5771
64.171333	4.06328
64.362297	0.226029
64.516548	7.64606
65.484306	37.4723
65.653366	8.58978
65.794670	55.7294
65.951950	48.9948
66.153412	46.7321
66.419075	47.0696
66.604317	9.4982
66.729004	30.5344
67.036873	29.3893
67.215630	8.60028
67.405838	11.3212
67.627937	35.2185
67.945679	8.21959
68.196732	38.159
68.790558	17.1303
69.080818	14.7017
69.222359	8.75249
69.443550	9.25655
69.696281	62.1598
70.548012	246.641
71.102989	42.797
71.652367	2.54304
72.006340	46.5113
72.654778	46.0351
73.267082	40.9521
73.814362	0.820773
74.063339	12.6377
74.621407	0.00268188
74.719360	0.647026
75.003868	5.82614
75.587585	2.62075
75.995102	0.375805
76.263687	6.59756
78.707550	31.3167
79.005348	0.902166
79.293961	6.685
79.645447	25.6979
80.329300	30.6307
80.609756	0.27409
80.750031	2.45003
80.916870	0.532677
81.071465	5.79136
81.290634	7.34462
81.601822	1.84942
81.808647	1.65939
82.040047	7.3202
82.477272	1.67806
82.732834	4.00076
82.988121	10.5573
83.258171	0.764923
83.438599	2.5203
83.618439	12.323
83.958664	2.87266
84.276573	7.4407
84.636276	85.2458
84.833107	172.099
86.530746	49.5696
86.725319	8.43671
86.953522	0.00588048
87.047829	8.4886
88.075066	23.2357
88.847107	7.49205
89.784645	2.83886
90.166801	1.00488
90.405060	0.67898
90.514961	3.86662
91.199356	18.1335
91.857346	5.11578
92.059395	4.17553
93.003998	19.9732
93.687813	8.4199
93.967964	4.22513
94.282059	4.76124
94.574478	0.398968
94.888329	6.15405
95.185089	1.6003
95.324989	1.20065
95.585312	21.6241
96.261414	36.378
96.587669	4.91056
96.805794	9.51553
96.995560	26.9062
97.514023	11.0059
97.667961	12.3626
98.034531	7.09023
98.298462	7.58218
98.628708	4.03391
98.892555	28.4147
100.244438	60.6351
100.732338	20.2943
101.364883	5.35045
101.737450	10.0568
102.388107	4.00254
102.668022	0.865523
102.976128	3.15242
103.259689	2.60332
103.486694	0.304939
103.611191	0.612419
103.929253	2.56299
104.276146	2.16963
104.593376	1.61439
104.974548	1.83373
105.271896	1.18593
105.865433	10.9546
106.289322	0.249302
106.568932	8.11931
107.507576	0.369452
107.776978	0.971783
107.957184	0.675113
108.111771	0.879208
108.378860	0.173578
108.650246	4.58409
109.495407	12.784
109.881859	0.681678
110.204422	2.06156
110.539009	0.579061
110.800850	2.48113
111.549629	1.23918
111.773712	1.80929
112.109184	0.069948
112.519272	1.75323
112.680191	0.706692
112.783485	0.0622825
112.933540	0.227402
113.078644	0.233089
113.567657	8.81204
113.759796	16.2634
114.298080	0.310684
114.568024	1.03246
115.380928	11.887
115.890953	12.2449
116.158630	6.39811
116.521057	1.27893
116.799026	0.200742
117.131645	3.14526
117.611969	5.50077
118.272545	1.22041
118.423744	4.79536
118.985039	0.587718
119.167793	4.01427
119.667465	4.8984
121.055344	18.3925
121.402580	35.4121
122.311218	6.39408
122.679428	0.478693
123.045815	0.14917
123.355026	0.0765818
123.951080	13.9109
124.869408	5.39548
125.207016	1.34273
125.520676	0.598631
125.855537	7.14446
126.346939	11.7178
126.591820	2.43797
126.808159	1.12523
127.113106	18.8617
127.860634	0.717117
128.328842	3.72456
128.622772	15.4595
129.493195	3.90094
130.190292	6.33837
130.733658	3.69068
131.050034	1.41931
131.391953	3.61263
131.800034	0.521954
132.005676	2.37428
132.221161	0.766473
132.433823	1.14708
132.757065	2.12324
133.112762	1.52822
133.417664	0.691223
133.629196	0.579844
133.839371	0.735504
134.089020	2.17555
134.247208	1.27197
134.487579	0.68096
134.785889	3.61135
135.097504	1.38156
135.460205	1.07065
135.787857	0.603287
136.266418	13.7339
137.939362	0.222886
138.893127	2.29249
139.040894	0.475601
139.722153	3.11165
140.567657	5.39175
141.260391	24.8878
142.937881	15.7042
143.429398	15.9574
143.757950	7.11011
144.140228	8.24132
145.048340	30.086
146.181168	17.6637
146.710602	9.29191
147.529083	21.0005
148.325226	30.7482
148.626831	12.2918
149.052658	3.49149
149.527390	1.01398
149.799591	0.345831
150.120224	7.27745
150.505417	2.49845
150.806702	19.4939
151.596451	22.9662
152.270050	3.64391
152.482544	0.612405
152.826263	14.1461
153.675919	20.5448
154.420273	4.63723
154.700150	11.4412
155.623001	0.890737
155.936249	18.2494
156.260712	4.50135
156.574127	1.98468
156.889511	7.33644
157.305389	0.441771
157.653793	2.38548
157.997894	3.1767
158.226959	0.0993006
158.418503	0.488031
158.695511	0.70199
158.931885	0.637965
159.141769	1.61007
159.465744	0.110742
159.613708	0.333794
159.877243	5.12226
160.652283	3.4117
161.039291	2.08365
161.405212	4.35144
162.017075	2.41411
162.366486	1.16705
163.513260	7.46308
164.541992	10.8812
165.325378	3.86354
165.651093	0.362193
165.897278	2.44668
166.409729	27.0174
167.115982	0.0532631
167.342804	1.17995
167.735703	4.2649
169.140274	24.5722
169.810867	13.3518
170.170624	4.60059
170.582520	5.39207
171.990875	2.28294
172.223465	0.530257
172.434708	3.45912
172.995224	2.18506
173.368591	1.2948
174.124893	2.17122
174.637466	7.62279
175.140991	5.33609
175.410217	0.144434
175.598709	1.19611
175.931732	0.755585
176.319138	0.594268
176.753754	0.149598
177.499359	12.1001
178.660675	0.702994
179.346008	3.39681
180.010452	39.1534
181.427399	32.3659
182.400711	8.52832
182.776398	1.34088
183.188568	0.489785
183.341553	0.0289319
183.661652	1.25488
184.430695	2.87906
184.965851	1.82911
185.355042	1.03148
185.866638	0.345636
186.841507	1.40493
187.253723	0.12879
187.579346	1.63462
188.465912	0.291754
188.777298	0.2987
189.006302	0.159094
189.270966	0.149435
189.569321	0.247002
190.597153	0.11585
190.885620	0.0308071
191.057678	0.16411
191.464005	0.503355
191.918015	0.398763
192.581436	15.4916
193.672256	20.0906
194.468079	0.659625
194.660904	0.66696
194.970856	1.56701
195.459824	4.17741
197.119644	3.78538
197.636124	8.66536
198.359100	7.56257
198.606735	2.2957
198.990982	0.649632
199.212173	0.492537
199.551941	0.936936
200.107422	4.31869
200.746338	9.70014
201.731674	6.70639
202.140930	3.64257
202.635315	12.1779
203.151749	27.9774
204.947418	2.12973
205.687500	14.1271
206.512207	33.8513
208.288666	16.097
209.547516	11.4607
210.734772	1.85097
211.172760	6.57288
211.577408	0.908731
211.824402	0.133666
212.506866	15.3105
214.430618	64.2783
215.895020	37.561
217.303955	7.37553
218.154099	0.183524
219.287399	2.13239
220.318542	1.32465
220.934296	2.7373
221.379654	25.9832
222.327957	11.0036
222.626556	1.04112
223.359833	40.7623
225.457047	0.442564
226.497253	40.0397
227.728516	11.9861
228.841400	1.92835
229.988632	10.178
231.740997	1.81962
232.637558	2.97804
234.557037	0.962362
235.000458	7.54079
235.991714	16.5893
237.706329	29.723
238.626526	2.86529
239.056183	8.98314
239.791885	0.829167
240.155396	0.772693
240.295898	0.0841863
240.478638	1.37474
240.975952	0.329697
241.433029	2.41954
243.346985	0.559947
243.890137	0.695243
244.173141	0.356487
244.365829	0.169053
244.805511	0.169047
245.262146	1.68174
245.949356	0.792695
246.223312	0.282453
246.431595	0.546759
246.863113	0.296923
247.092224	0.0563006
247.407562	0.217487
247.943039	0.424512
248.232773	0.555945
249.044724	7.62713
250.061981	1.04971
250.509872	12.9777
250.974228	1.29577
251.423874	1.20154
251.831558	0.909628
252.336029	4.05211
253.247528	17.3748
254.248367	0.482701
254.813324	8.65481
255.147537	2.65861
255.737549	0.803567
256.174530	0.105508
256.839813	1.1181
257.427643	6.21741
258.432251	10.9232
259.262512	0.474187
259.658661	1.55435
260.257233	5.99098
260.527557	7.3134
262.323242	9.2581
263.544403	1.89095
263.805115	0.507296
264.111084	0.580459
264.400299	0.85574
264.715088	0.246298
265.022888	0.216474
265.313538	0.260986
265.537079	0.40375
265.828156	0.5766
266.204590	0.147857
266.469421	0.274158
266.815460	0.210595
267.110443	0.409074
267.420135	0.513132
267.672821	0.607807
267.907745	0.168369
268.088501	0.091111
268.334167	0.163291
268.607300	0.345533
268.769043	0.321533
269.235199	1.71413
269.725250	1.38604
270.348663	0.745432
270.897369	2.23469
271.367676	14.3903
272.508301	2.87113
275.269714	15.0454
276.314880	11.0915
277.967133	17.1496
279.099670	11.2739
280.338348	26.6917
281.574005	6.11993
282.784271	7.36694
283.888733	1.40551
284.211823	0.57738
284.455475	0.132392
284.790070	0.483841
285.161774	0.0566035
285.486389	0.60581
286.584198	0.120459
286.844208	0.132728
287.120453	0.15566
287.283966	0.0104989
287.537323	0.0427699
287.779633	0.0553363
288.022247	0.0507839
288.456879	0.0524999
288.799255	0.0262829
289.442139	0.522542
290.411011	1.9453
291.630280	2.49644
292.401947	0.142138
292.691528	0.303867
293.093079	0.882577
293.348663	0.657329
293.951691	2.08634
294.540649	2.37516
294.877380	0.470357
295.184296	2.12362
295.534821	0.260151
295.823456	1.28916
296.872559	7.09852
297.696503	0.229528
298.228149	0.578601
298.580292	2.05993
299.774048	4.98537
300.157562	0.416235
300.600403	2.77724
300.889191	1.08608
301.075348	2.76726
302.176392	19.4075
303.117035	1.37262
303.489685	11.2913
304.909698	15.3642
305.927856	4.07397
306.423401	1.47287
306.998566	1.35781
307.456940	0.240165
309.445679	4.75365
309.757385	0.700799
309.997162	0.410761
310.530823	2.76636
311.437378	0.555502
312.064636	7.0112
312.492493	3.63003
313.087616	0.644559
313.542633	0.187848
313.891724	1.67393
314.281189	1.28198
314.963043	0.68634
315.405212	0.785955
315.851471	0.0704035
316.062134	0.167111
317.120697	1.88945
317.624634	1.35768
318.441772	2.1901
318.873901	0.661457
319.148499	0.108629
319.500702	0.415187
319.880127	0.0397266
320.320282	0.825213
320.662201	1.01437
320.871521	5.55716
322.049316	15.011
323.154785	1.02519
323.951111	0.208091
324.437988	6.69266
326.988892	5.92151
327.735992	19.0943
330.099579	47.1298
331.927063	8.27857
333.522766	0.974549
335.747894	5.67703
336.909302	2.39115
338.076630	0.918683
338.758820	7.00264
339.748657	1.57807
339.952362	0.319886
340.421539	0.505063
341.110840	0.678487
342.253082	1.05016
343.051147	0.352626
343.578094	0.326726
344.209595	0.121492
345.713898	1.40083
346.092194	0.104983
346.548920	1.56191
347.676849	2.89966
348.358704	5.40294
349.973175	18.9894
351.613129	36.3931
352.661224	0.968506
352.976959	8.67968
356.140289	67.1996
358.846527	44.3786
360.319061	0.0830772
360.694244	7.17033
363.278076	1.77731
363.937439	3.7584
364.581787	0.747384
365.223755	1.6333
366.303406	0.882547
366.780457	2.2997
367.462799	3.57852
368.041992	2.624
368.826904	3.47272
369.419250	1.70798
370.258728	2.27082
370.807495	1.59321
371.380920	0.731067
373.047150	9.37914
374.242401	0.676465
374.984497	1.70908
375.416046	0.455517
375.918793	0.0134501
378.229095	3.07502
378.997528	0.956569
379.590851	0.968247
380.339935	0.876846
380.814301	0.842457
381.012909	0.195888
381.508820	0.275157
382.016754	7.3396
383.560822	12.063
384.658081	0.729211
385.997192	1.4004
386.306183	0.296435
386.681885	2.41031
388.682800	1.7278
388.993073	0.048044
390.620331	1.88793
393.029480	3.17247
394.622803	4.63022
395.736572	3.69443
396.496399	3.85448
397.079590	0.789716
397.734314	0.594165
398.138763	0.00940122
398.882111	0.344858
399.258606	0.171767
399.788452	5.74862
402.365692	37.5532
404.016663	4.5505
404.378052	0.595252
404.760376	4.20569
405.442352	1.03374
406.202789	1.06674
406.598145	0.877224
408.360321	2.40853
408.677856	3.6686
409.539612	1.36086
410.016785	4.17182
410.660156	0.201553
411.281677	2.00332
411.804871	0.20143
412.635040	0.377473
413.331909	3.52679
415.123749	3.29292
416.205811	1.40453
416.580048	2.61468
416.891632	7.4074
417.979370	1.57385
418.576141	1.75899
419.128723	0.642303
419.741058	0.0191166
419.909393	0.0010006
420.447235	0.651276
421.444489	1.35372
422.210480	0.489535
422.962463	0.417105
423.451385	0.192739
424.158691	3.94077
425.929352	0.00750425
426.735748	4.53569
427.568207	1.1332
428.133728	1.3728
428.779572	4.8183
430.963806	6.64455
431.616486	1.48324
432.217224	0.812561
432.952454	0.153679
434.341705	4.18731
436.338867	3.34418
440.550964	6.27253
442.341003	0.0290755
442.705750	0.590707
443.409180	6.32742
443.922241	1.12711
444.537964	0.183598
445.735809	0.983005
447.261566	7.21891
448.649139	3.25808
449.271698	0.307887
449.710083	0.350677
450.440735	11.5586
452.509338	16.5134
454.104767	4.71552
455.400757	2.94897
456.180878	1.71731
456.807281	1.46206
457.425140	0.348828
457.721527	0.0834037
458.005127	0.0116133
458.263855	0.0767483
458.633240	0.893368
460.249176	0.364617
461.000885	0.905701
462.868225	0.534106
463.610596	0.0631225
464.071716	0.0666825
464.409180	0.0721819
464.801544	0.0463435
465.275208	0.0266625
465.573486	0.0108667
467.844147	0.990494
468.266174	0.391396
468.830109	1.88263
471.152649	3.10506
471.873444	0.531663
472.660004	0.089837
473.141663	0.281672
473.851685	0.412274
474.859283	4.71308
477.613647	5.15142
478.405334	2.42481
479.134033	0.926361
479.831360	1.07632
481.671265	1.94551
482.720123	0.662536
483.095154	0.867006
483.429657	0.305528
483.954987	0.223631
484.382935	2.64246
487.557098	6.66835
488.941925	0.627074
489.415405	0.46961
489.798553	0.394108
490.116852	0.444195
491.000732	14.339
493.158966	20.5843
494.906586	10.093
496.051849	0.630556
497.675507	0.914149
498.553070	0.043205
498.903870	0.344271
499.498840	0.0353863
499.735962	0.11262
500.479248	0.26704
501.234955	0.0146631
503.573181	0.0703356
504.403625	0.0472213
504.898682	0.0348034
505.224823	0.0199626
505.769501	0.0166847
506.154388	0.0141364
506.500824	0.0445258
508.337463	0.15231
509.449127	0.0201982
509.946869	1.11605
510.705475	1.11472
511.378967	0.421315
512.089905	0.258968
512.801208	0.0901902
513.796082	0.0567461
515.906738	0.15405
516.889343	0.0970438
517.430237	0.0425036
517.753479	0.0177682
518.284912	0.200143
519.290527	0.969051
519.900269	0.507486
520.211548	0.0795486
520.844788	0.57252
521.093262	0.940732
521.752808	1.0955
522.499878	0.467196
523.181763	0.134941
524.565002	0.528439
524.865540	0.00674096
525.162476	0.163159
525.825684	0.0209973
527.311035	0.389783
529.945740	1.37142
531.204834	0.0761761
531.493042	0.0439992
531.825745	3.12549
533.245911	0.45961
533.984070	0.539463
534.526733	0.0645748
535.534180	2.77975
539.317749	8.44414
541.959167	13.0933
544.342468	9.39027
546.883728	1.83337
551.268433	1.46666
553.265320	4.10994
555.167419	5.04579
557.067261	1.37972
558.416321	0.0672907
559.001099	0.0304356
559.326843	0.00983477
559.900452	0.0195476
560.331482	0.013316
561.323975	0.49125
562.870789	1.35331
563.816406	0.906735
564.600342	0.335108
565.444702	0.485147
566.191711	0.812499
568.268860	0.363844
568.870850	0.245302
569.773071	0.0476787
573.200073	2.24693
575.904480	0.112116
576.674438	0.0458937
577.102722	0.283353
577.465027	0.2948
577.812988	0.0456677
578.036865	0.0431476
578.468262	0.0703418
578.809143	0.13424
579.444275	0.248459
580.147095	0.358101
580.713196	0.0858655
581.229309	0.991042
581.890686	2.76462
583.637817	2.6989
585.107727	2.12876
591.569336	0.757355
593.038757	0.838209
593.740662	1.16812
594.104553	0.0401918
594.411438	2.05586
596.724182	0.354127
598.490051	0.15746
600.994812	7.30966
604.377808	0.634386
605.198425	0.173046
605.535828	0.0257874
605.911194	0.0173858
606.115417	0.0708758
606.879272	0.170611
607.636292	0.208235
608.023560	0.23393
609.047119	0.0365967
609.435059	0.0213034
618.531311	0.934991
621.052124	0.217654
622.462341	0.4528
623.276001	0.317454
624.074158	0.151414
624.726563	0.201312
626.111267	0.794945
627.532959	1.97871
629.120300	1.20656
629.945984	0.905952
630.559143	1.12558
630.889648	0.182398
631.458618	0.453772
631.994568	0.262248
632.351868	0.0457257
632.825195	0.0399635
633.947083	0.0619666
635.942078	0.0515682
636.506042	0.0312296
636.863525	0.0100922
637.484253	0.028541
637.861267	0.0530371
638.566833	0.158748
639.328369	0.0562637
640.188904	0.0427831
641.003052	0.0166687
641.564087	0.0229461
641.932800	0.0217099
642.517578	0.0228826
642.952576	0.0069814
643.980164	0.0685213
644.653564	0.383708
645.649475	0.561475
646.535889	0.254838
647.321167	0.458493
648.976563	0.600264
651.184937	2.00859
653.193665	3.55052
655.102905	7.26812
657.204407	3.33597
657.773865	1.4481
658.936890	1.22928
659.506348	0.0889471
661.148987	0.505167
664.050842	0.12302
666.462891	0.054017
667.195618	0.118443
667.639465	0.0791664
668.086365	0.0351146
668.674683	0.022822
669.390991	0.209371
674.669373	1.91592
678.590332	0.967779
679.627441	1.14742
680.367676	0.478931
681.200317	0.0915278
682.069153	2.03704
684.312622	5.0346
686.991272	3.25723
688.701355	0.54856
691.973816	0.893917
693.559509	1.48527
694.505737	0.752106
695.395386	0.461328
696.221252	0.378113
697.505432	0.957691
698.359497	0.494707
699.247803	0.248122
700.147766	0.167672
700.719666	0.039338
702.820557	6.15986
707.401611	3.40578
709.706482	9.21585
713.049377	6.93119
714.677734	0.298587
715.703369	0.633209
716.195679	0.287431
718.724915	0.28372
720.102234	0.464528
721.303772	0.281223
722.063538	0.169244
722.937561	0.0693442
724.528442	0.208313
725.509277	0.299285
726.176514	0.428564
726.504761	0.395936
728.096191	1.14656
729.928528	0.234329
731.095886	0.884618
732.671387	0.499649
733.945007	0.169718
734.668396	0.0878286
735.553040	0.0397767
736.129944	0.00415764
740.834595	0.204516
742.141357	0.0388683
742.577942	0.0203413
743.144287	0.359708
743.742249	0.256636
744.146912	0.123683
744.801697	0.114956
745.289185	0.0750955
746.304810	0.439423
747.229919	0.400912
747.824829	0.319105
748.275635	0.0895523
748.854797	0.0864199
749.392517	0.0512994
750.680664	3.27456
753.490234	0.484713
754.426086	1.17539
754.946289	2.62835
758.094666	3.35062
760.738892	0.559062
762.746460	1.64337
764.341614	1.69044
765.174805	1.62985
766.058899	0.436081
766.669189	0.0571246
767.719238	0.521997
769.638672	0.0570224
770.882324	0.0315099
773.839783	0.47406
775.492981	0.588645
779.748535	1.448
788.565063	15.7156
792.676941	1.09618
793.335083	1.95531
793.811829	2.13507
794.894958	0.0303604
797.073853	3.14908
799.715576	0.524712
800.408875	0.0590644
800.919128	0.0248171
801.417358	0.0177226
802.060791	0.0122034
803.308105	1.05221
819.673645	1.80921
822.940674	0.0106809
823.224976	0.0165233
824.037598	0.0277098
824.479797	0.00443357
826.020569	0.0971287
839.953857	0.857383
842.160156	0.0749375
843.713074	0.0940387
844.633606	0.151319
845.510803	0.113742
846.415955	0.0411632
847.233093	0.0124683
852.125000	10.367
859.103271	0.902147
860.315735	1.70228
861.073181	1.29199
861.925049	0.838374
864.679993	5.45131
867.507568	1.59113
874.440125	0.276005
876.733948	1.08758
877.998169	0.760986
878.947510	0.222344
879.924011	0.230781
880.762939	0.0212992
886.838623	2.36014
912.637695	2.31429
919.334656	0.104171
921.011841	0.245658
921.952087	0.0534529
922.407471	0.054232
922.735718	0.16185
923.413086	0.163847
923.861572	0.014888
924.532288	0.0925181
925.140259	0.0408878
925.523438	0.00936486
933.849731	2.81967
961.669678	1.70381
975.267639	0.645907
978.067627	0.285607
979.458252	0.192829
980.357544	0.123304
981.425171	0.0738121
982.264648	0.0104562
982.944946	0.000752886
983.919128	0.000623686
985.404053	0.00800438
986.343323	0.0671236
987.019348	0.0460353
987.513489	0.018745
988.273621	0.0205164
988.799255	0.014435
990.770203	0.908212
1011.982117	1.70382
1033.513306	2.4893
1049.602417	0.0782487
1051.443115	0.253612
1052.234863	0.087922
1052.609741	0.0292841
1053.467041	0.0508194
1053.989258	0.00993497
1054.508423	0.0151078
1055.346680	0.0101907
1063.600708	1.33715
1075.969360	1.99174
1085.121460	0.663459
1087.438477	0.484929
1088.351196	0.733398
1088.951294	1.0908
1089.361572	0.611744
1090.213379	0.269256
1090.875732	1.08682
1091.846924	0.966237
1092.954956	0.314895
1094.003784	1.29422
1104.939575	5.07166
1117.676514	1.37193
1128.764282	0.377236
1132.195923	0.525393
1134.227417	0.247012
1134.686768	0.148374
1135.289185	0.867584
1136.129517	0.0447422
1136.472900	0.0216918
1137.875854	0.234667
1139.738403	0.0159221
1144.153198	1.63261
1170.695679	1.70381
1193.189575	2.04222
1202.243286	0.06887
1203.015381	0.0454672
1203.559814	0.0178415
1204.398438	0.021323
1204.979980	0.0140077
1206.472778	0.470992
1226.226807	1.09561
1249.905029	2.47256
1265.997314	0.0272236
1266.999878	0.0471374
1267.604858	0.0281072
1268.212891	0.0175421
1269.056396	0.0110036
1269.866211	0.0630604
1283.125366	0.544074
1343.884521	0.0897824
1345.952881	6.97924e-008
1346.211548	1.39585e-007
1346.729004	2.79169e-007
1347.131470	4.65282e-008
1347.246460	4.65282e-008
1347.361450	4.65282e-008
1347.476563	4.65282e-008
1347.591553	4.65282e-008
1347.706543	4.65282e-008
1347.821655	4.65282e-008
1347.936646	4.65282e-008
1348.051636	4.65282e-008
1348.166748	4.65282e-008
1348.281738	4.65282e-008
1348.396851	4.65282e-008
1348.511963	4.65282e-008
1348.626953	4.65282e-008
1348.742065	4.65282e-008
1348.857178	4.65282e-008
1348.972168	4.65282e-008
1349.259888	1.86113e-007
1349.547729	4.65282e-008
1349.662842	4.65282e-008
1349.979370	2.09377e-007
1350.555054	2.55905e-007
1351.879761	8.14244e-007
1352.945557	4.65282e-008
1353.233765	1.86113e-007
1353.521973	4.65282e-008
1353.723755	1.16321e-007
1354.098389	1.86113e-007
1354.386719	4.65282e-008
1354.502075	4.65282e-008
1354.617310	4.65282e-008
1354.732666	4.65282e-008
1354.848022	4.65282e-008
1354.963379	4.65282e-008
1355.078735	4.65282e-008
1355.194092	4.65282e-008
1355.540161	2.32641e-007
1356.030518	1.62849e-007
1356.318970	6.97924e-008
1356.694092	2.32641e-007
1357.184692	1.62849e-007
1357.617554	1.86113e-007
1358.425903	4.65282e-007
1359.061157	4.65282e-008
1359.292236	1.39585e-007
1359.552246	6.97924e-008
1359.696655	4.65282e-008
1359.869995	9.30565e-008
1360.072144	6.97924e-008
1360.216675	4.65282e-008
1360.678955	3.25698e-007
1361.228027	1.16321e-007
1361.574951	1.62849e-007
1361.864014	6.97924e-008
1362.153076	1.62849e-007
1362.837158	0.00174142
1364.824219	0.0771319
1366.976929	0.145299
1368.211548	0.0817329
1369.396484	0.0530373
1370.541870	0.0175486
1371.446533	0.00184996
1372.261841	6.11098e-005
1372.724854	2.47189e-007
1373.215088	1.69086e-007
1373.598022	1.39613e-007
1373.859375	6.97905e-008
1374.062622	9.30565e-008
1374.411133	1.86113e-007
1375.021118	3.02434e-007
1376.241577	6.7466e-007
1377.142700	4.65282e-008
1377.636963	3.48962e-007
1378.393188	2.55905e-007
1378.974976	2.09377e-007
1379.440430	1.62849e-007
1379.789673	1.16321e-007
1380.138916	1.62849e-007
1380.429932	6.97924e-008
1380.750244	1.86113e-007
1381.186890	1.62849e-007
1381.448975	4.65282e-008
1381.681885	1.39585e-007
1382.147949	2.32641e-007
1382.701416	2.09377e-007
1383.167603	1.62849e-007
1383.517212	1.16321e-007
1383.866943	1.62849e-007
1384.158447	6.97924e-008
1384.479126	1.86113e-007
1384.974731	2.09377e-007
1385.382935	1.16321e-007
1385.587036	4.65282e-008
1387.249878	1.27953e-006
1389.497803	5.11811e-007
1390.198730	4.65282e-008
1390.636963	3.02434e-007
1391.221436	1.62849e-007
1391.630615	1.62849e-007
1391.893677	4.65282e-008
1392.010498	4.65282e-008
1392.127441	4.65282e-008
1392.244385	4.65282e-008
1392.361328	4.65282e-008
1392.478271	4.65282e-008
1392.595215	4.65282e-008
1392.712158	4.65282e-008
1392.829224	4.65282e-008
1392.946167	4.65282e-008
1393.063110	4.65282e-008
1393.180054	4.65282e-008
1393.297119	4.65282e-008
1393.414063	4.65282e-008
1393.531006	4.65282e-008
1393.823486	1.86113e-007
1394.116089	4.65282e-008
1394.233032	4.65282e-008
1394.554932	2.09377e-007
1395.023071	1.62849e-007
1395.374268	1.16321e-007
1395.784058	2.09377e-007
1396.545166	3.9549e-007
1397.365234	2.55905e-007
1398.068237	3.02434e-007
1399.064453	4.88547e-007
1399.914429	1.86113e-007
1400.207642	4.65282e-008
1400.324951	4.65282e-008
1400.442261	4.65282e-008
1400.559448	4.65282e-008
1400.676758	4.65282e-008
1400.794067	4.65282e-008
1400.911377	4.65282e-008
1401.028687	4.65282e-008
1401.145996	4.65282e-008
1401.263306	4.65282e-008
1401.380615	4.65282e-008
1401.497925	4.65282e-008
1401.615356	4.65282e-008
1401.732666	4.65282e-008
1402.143311	2.79169e-007
1402.554077	4.65282e-008
1402.700806	6.97924e-008
1402.847534	4.65282e-008
1402.994385	6.97924e-008
1403.346558	0.0897794
1423.798462	0.0102244
1425.112061	0.0480354
1425.951294	0.0356323
1426.491333	0.0127979
1427.398315	0.0198041
1428.069214	0.0131607
1428.542725	0.00123408
1428.960693	3.46588e-005
1441.696533	0.00174261
1443.751709	0.0943642
1445.791138	0.0630756
1446.261230	0.0726524
1447.061890	0.100518
1447.599121	0.00524339
1448.473511	0.0352877
1449.217896	0.011633
1449.684570	0.00422535
1450.536011	0.00234525
1451.392822	5.68923e-005
1451.880981	5.33679e-007
1463.875122	9.97617e-009
1466.093506	0.0480769
1467.079956	0.106342
1467.729248	0.0738444
1468.415649	0.0238699
1469.313477	0.020007
1470.633545	0.792109
1478.146240	0.434314
1479.118408	0.236719
1479.769165	0.164719
1480.396484	0.121412
1481.304688	0.0576232
1481.865845	0.0865811
1488.025146	0.620338
1495.338989	0.0659153
1500.359985	0.00468231
1512.788940	0.538356
1527.419922	0.0877923
1547.130615	0.0252201
1550.061890	0.0278894
1551.212646	0.193488
1552.451538	0.267603
1553.744629	0.12369
1554.980347	0.123813
1556.067383	0.0105226
1556.953003	0.000753072
1557.670654	1.2968e-005
1558.201538	4.91768e-007
1653.974243	3.69809e-006
1658.777222	0.84748
1710.950073	2.82725
1722.356934	4.28866e-005
1723.005859	3.02434e-007
1723.787476	2.55905e-007
1724.406372	1.86113e-007
1724.776733	8.23568e-008
1725.113770	0.000276708
1725.708740	0.00992535
1726.314941	0.00849376
1726.708130	0.00199596
1727.460083	0.000760757
1728.072266	0.00562794
1728.538208	0.0051231
1728.868042	5.33777e-005
1729.165894	5.38153e-007
1729.753174	4.65282e-008
1730.046875	1.62849e-007
1730.568970	2.09377e-007
1731.123779	1.86113e-007
1731.711426	2.32641e-007
1732.397095	2.55905e-007
1732.919556	1.16321e-007
1733.507446	3.02434e-007
1733.997437	4.65282e-008
1734.487549	3.02434e-007
1735.761963	6.04867e-007
1737.036987	3.02434e-007
1737.723633	1.86113e-007
1738.050781	4.65282e-008
1738.443237	2.32641e-007
1738.933960	1.16321e-007
1739.228394	9.30565e-008
1739.522827	1.16321e-007
1739.850098	1.16321e-007
1740.079224	4.65282e-008
1740.308228	1.16321e-007
1740.635620	1.16321e-007
1741.061157	1.86113e-007
1741.748657	3.02434e-007
1742.403564	1.62849e-007
1742.698242	4.65282e-008
1742.993042	1.62849e-007
1743.451660	1.62849e-007
1743.844727	1.16321e-007
1744.270752	1.86113e-007
1744.827759	2.09377e-007
1745.483276	2.55905e-007
1746.106079	1.86113e-007
1746.597900	1.62849e-007
1747.024170	1.39585e-007
1747.417725	1.39585e-007
1747.942505	2.32641e-007
1748.401733	9.30565e-008
1748.664185	9.30565e-008
1749.057861	1.86113e-007
1749.517334	1.39585e-007
1750.108032	2.79169e-007
1750.764526	1.86113e-007
1751.256958	1.62849e-007
1751.716675	1.62849e-007
1752.242188	2.09377e-007
1753.096191	3.9549e-007
1753.884644	1.62849e-007
1754.541870	3.02434e-007
1755.330688	2.55905e-007
1755.856689	1.16321e-007
1756.316895	2.09377e-007
1756.777344	1.16321e-007
1757.106201	1.16321e-007
1757.566650	2.09377e-007
1758.487793	4.42018e-007
1759.277466	1.16321e-007
1760.001587	3.9549e-007
1760.791626	1.62849e-007
1761.087891	4.65282e-008
1761.548950	2.79169e-007
1762.141724	1.39585e-007
1762.767578	3.02434e-007
1763.426514	1.62849e-007
1763.723022	4.65282e-008
1763.920654	9.30565e-008
1764.118408	4.65282e-008
1764.316162	9.30565e-008
1764.711670	1.86113e-007
1765.898438	6.51396e-007
1767.184570	2.55905e-007
1767.844238	2.09377e-007
1768.669189	3.72226e-007
1769.461182	1.86113e-007
1769.989258	1.86113e-007
1770.484497	1.62849e-007
1771.012695	2.09377e-007
1771.409058	6.97924e-008
1771.772339	1.86113e-007
1772.730225	4.88547e-007
1773.622314	1.39585e-007
1773.985840	1.16321e-007
1774.382446	1.62849e-007
1774.712891	6.97924e-008
1774.944336	9.30565e-008
1775.407104	2.32641e-007
1776.134521	2.79169e-007
1776.796021	1.86113e-007
1777.126709	4.65282e-008
1777.325195	9.30565e-008
1777.556763	6.97924e-008
1777.920654	1.86113e-007
1778.284668	6.97924e-008
1778.516235	9.30565e-008
1778.747925	6.97924e-008
1778.979614	9.30565e-008
1779.211182	6.97924e-008
1779.575317	1.86113e-007
1780.005615	1.16321e-007
1780.402954	1.62849e-007
1780.899536	1.86113e-007
1781.263794	6.97924e-008
1781.628174	1.86113e-007
1782.191284	2.09377e-007
1782.688110	1.39585e-007
1783.151978	1.86113e-007
1783.715332	2.09377e-007
1784.079834	4.65282e-008
1784.543945	2.79169e-007
1785.306396	2.55905e-007
1786.035889	2.55905e-007
1786.500122	6.97924e-008
1786.765503	1.16321e-007
1787.234741	4.74143e-006
1789.289795	0.71434
1791.583618	1.92272
1793.091797	1.85278
1794.422607	0.332655
1795.880859	0.492922
1796.626831	0.0347184
1798.757202	0.0349047
1800.596924	0.00259144
1801.669922	2.70106e-005
1802.306641	3.22653e-006
1803.303345	2.95189e-006
1812.739258	0.0102252
1814.205078	0.0654651
1815.121216	0.046072
1815.786255	0.0156888
1816.824951	0.017817
1817.548828	0.0137925
1818.097290	0.00117873
1818.571533	3.40632e-005
1850.020264	0.0583922
1856.151978	3.31509
1865.779175	8.15702
1886.138306	97.2105
1912.826172	52.8687
1913.910522	28.808
1922.510742	9.30955
1928.224609	7.66509
1930.440186	0.0514223
1931.476196	0.0328376
1932.099976	0.010188
1933.133301	0.0229675
1933.929932	0.0114795
1935.533325	0.646551
1951.362305	0.106905
1952.648438	0.178482
1953.406128	0.1153
1954.183472	0.0604981
1955.206665	0.0488195
1955.866089	0.025998
1956.383423	0.00102647
1986.513550	5.27296
2001.340698	0.3613
2009.671021	3.8478
2029.161865	26.1489
2038.543091	0.104818
2039.695435	0.0956183
2041.651978	14.3351
2047.663574	8.00694
2052.475098	4.51741
2061.277588	1.18269
2067.629395	0.0293689
2074.828125	0.845252
2132.440918	2.66066
2148.676270	0.785627
2166.275879	0.0259267
2167.607422	0.0449555
2168.406494	0.0287031
2169.223633	0.0153799
2170.304932	0.0120877
2170.998047	0.00642093
2171.522461	0.000272437
2172.047363	5.95057e-005
2207.394043	2.66064
2220.847168	0.121709
2227.416260	0.000719961
2228.722900	0.0264196
2230.104980	0.0519217
2230.893066	0.0379633
2231.750244	0.0198452
2232.775146	0.0156917
2233.520264	0.00450849
2234.073730	0.000261402
2234.578125	8.45408e-006
2234.997559	1.19242e-009
2273.849121	0.0552153
2277.142578	0.289461
2279.282715	0.191875
2280.661133	0.122219
2282.297363	0.0733223
2283.576660	0.0104149
2284.650635	0.000752217
2285.520752	1.35399e-005
2286.163086	8.51542e-007
2294.892090	3.92316e-006
2297.339600	0.125543
2324.551514	0.261965
2330.927246	2.06137
2334.159180	0.0551148
2335.491211	1.81536
2339.176270	1.38916
2341.932129	0.0666093
2344.033203	0.00518309
2345.259277	5.40104e-005
2345.987061	7.92219e-006
2347.107422	4.15106e-006
2372.664795	3.80154e-006
2375.154541	0.125541
2376.413818	5.45959e-007
2377.410400	2.89037e-007
2378.291992	4.49613e-007
2379.135742	2.56922e-007
2379.902832	3.85368e-007
2381.510742	0.0036992
2386.587402	0.206155
2392.255859	0.644867
2396.088867	0.50083
2399.519775	0.0574914
2401.932373	0.00581017
2403.687988	0.000106781
2404.346924	1.63688e-006
2405.333252	2.07414e-006
2406.462646	3.93036e-007
2407.329834	3.52885e-007
2408.024170	2.24823e-007
2408.564453	2.24807e-007
2409.027588	1.60576e-007
2409.375000	1.28461e-007
2409.838135	2.56922e-007
2410.726074	9.63457e-008
2410.378418	1.92691e-007
2411.073486	1.92691e-007
2411.536865	1.92691e-007
2412.270508	4.17498e-007
2413.004395	1.92691e-007
2413.699707	3.85383e-007
2414.395020	1.92691e-007
2414.936035	2.56922e-007
2415.631592	3.21152e-007
2416.481934	3.85383e-007
2417.216309	2.24807e-007
2417.912109	3.53268e-007
2418.801514	3.85383e-007
2419.652344	3.21152e-007
2420.348633	2.56922e-007
2420.967773	2.56922e-007
2421.857666	4.81728e-007
2422.941406	4.17498e-007
2423.754150	2.56922e-007
2424.644775	4.81728e-007
2425.573975	2.89037e-007
2426.309814	3.21152e-007
2426.968506	2.24807e-007
2427.510742	2.24807e-007
2427.975586	1.60576e-007
2428.711914	4.49613e-007
2429.564697	2.56922e-007
2430.494873	5.13844e-007
2431.386719	2.24807e-007
2432.278564	5.13844e-007
2433.364502	3.85383e-007
2434.179199	2.89037e-007
2434.955078	3.53268e-007
2435.770020	3.21152e-007
2436.779297	5.13844e-007
2438.409912	8.34996e-007
2439.769043	2.89037e-007
2440.274170	1.28461e-007
2440.779053	2.89037e-007
2441.322998	1.60576e-007
2441.789307	2.24807e-007
2442.255615	1.60576e-007
2442.566650	9.63457e-008
2443.110596	3.53268e-007
2443.810303	2.24807e-007
2444.315918	1.92691e-007
2444.937988	3.21152e-007
2445.404541	6.42305e-008
2445.637939	1.28461e-007
2446.026855	1.92691e-007
2446.532471	2.24807e-007
2446.882568	6.42305e-008
2447.543701	4.81728e-007
2448.672119	4.49613e-007
2449.372559	1.28461e-007
2449.800781	2.24807e-007
2450.384766	2.56922e-007
2450.968750	2.24807e-007
2451.552734	2.56922e-007
2452.214600	2.89037e-007
2452.915527	2.89037e-007
2453.811523	4.49613e-007
2454.746582	3.21152e-007
2455.603760	3.85383e-007
2456.539063	3.85383e-007
2457.279785	2.24807e-007
2457.747559	1.60576e-007
2458.215576	2.24807e-007
2458.683350	1.60576e-007
2459.307373	3.53268e-007
2460.048340	2.56922e-007
2460.945557	4.81728e-007
2461.920898	3.21152e-007
2462.818604	4.17498e-007
2464.223877	7.3865e-007
2465.316895	1.60576e-007
2465.863770	2.89037e-007
2466.605713	3.21152e-007
2467.426025	3.53268e-007
2468.011963	1.28461e-007
2468.363770	1.60576e-007
2468.949707	3.21152e-007
2469.848633	4.17498e-007
2471.255859	7.3865e-007
2472.233398	6.42305e-008
2472.702637	3.21152e-007
2474.032471	7.70766e-007
2475.519043	4.49613e-007
2476.927979	7.06535e-007
2478.102295	2.56922e-007
2478.728760	2.56922e-007
2480.021240	8.02881e-007
2481.509766	4.17498e-007
2482.371582	2.89037e-007
2483.037842	2.56922e-007
2484.488037	9.31342e-007
2485.938721	2.56922e-007
2486.527100	2.24807e-007
2486.879883	6.42305e-008
2488.370605	1.15615e-006
2490.136475	2.89037e-007
2490.764404	2.24807e-007
2491.431641	3.21152e-007
2492.334717	4.17498e-007
2493.512695	5.45959e-007
2494.533936	2.89037e-007
2495.358887	3.85383e-007
2495.948242	9.63457e-008
2496.302002	1.92691e-007
2496.852295	2.56922e-007
2497.480957	2.56922e-007
2498.306396	4.17498e-007
2499.250000	3.53268e-007
2500.036621	2.89037e-007
2500.823242	3.53268e-007
2501.845947	4.81728e-007
2503.301758	7.06535e-007
2504.600586	3.53268e-007
2505.427246	3.21152e-007
2507.002197	9.63457e-007
2508.617188	3.53268e-007
2509.562744	4.17498e-007
2510.666016	4.81728e-007
2511.730225	3.85383e-007
2512.597412	3.21152e-007
2513.267822	2.24674e-007
2514.200684	0.00174167
2516.909424	0.0790348
2519.859619	0.210404
2521.492920	0.10667
2523.252197	0.0460253
2524.710205	0.0248325
2525.935547	0.00182261
2527.047607	5.80856e-005
2527.685547	2.97828e-007
2528.347168	2.30999e-007
2528.867676	1.9278e-007
2529.263184	1.28462e-007
2529.579834	1.28461e-007
2529.896240	1.28461e-007
2530.212891	1.28461e-007
2530.529297	1.28461e-007
2530.885498	1.60576e-007
2531.360352	2.24807e-007
2531.835205	1.60576e-007
2532.427490	0.0950393
2571.036377	0.000719323
2572.441650	0.0266404
2573.920410	0.0445952
2574.791992	0.0288348
2575.686279	0.0151377
2576.863281	0.0121758
2577.620117	0.00645373
2578.195801	0.00025722
2578.739502	8.99074e-006
2613.879883	7.65984e-006
2622.097168	2.59393
2648.274902	0.027542
2649.213867	0.0628575
2649.825439	0.0900772
2650.716553	0.020141
2651.395508	0.00832521
2652.028564	0.035616
2652.776123	0.0528974
2653.626953	0.00664102
2683.526855	2.5376
2712.085205	0.397397
2718.056152	1.37536
2720.596191	0.478285
2722.130371	0.263889
2724.072266	0.166502
2725.765625	0.0139035
2727.953613	0.0082205
2729.994385	0.000158768
2731.696533	0.00780592
2734.585205	0.051558
2736.081299	0.0902115
2736.980713	0.0572006
2737.895264	0.0317989
2739.115723	0.0234516
2739.887939	0.0122391
2742.920410	0.83452
2780.939453	0.0221481
2786.971680	4.59774
2839.508545	10.5111
2845.870850	0.0914024
2847.049805	0.072787
2847.818115	0.026677
2849.105957	0.0388524
2850.055908	0.02649
2850.726563	0.0024388
2859.033691	25.8157
2870.479492	0.895463
2875.300293	6.35382
2878.326660	19.8501
2879.900879	34.0668
2891.027100	15.2139
2893.622559	0.000838939
2900.123047	3.56393
2902.497314	1.6064
2904.772461	1.50274
2906.319336	0.433682
2909.071045	12.4292
2934.130371	2.16183
2937.887939	0.0719981
2941.102783	20.0699
2958.315430	32.3484
2959.747314	3.42879
2962.060059	91.6107
2976.629150	540.438
2983.234131	9.85873
2997.984619	152.067
3010.697754	12.126
3023.623047	25.5916
3029.906250	0.101283
3030.997803	2.35517
3033.842529	4.7316
3044.625977	3.33415
3047.657959	0.164084
3058.885254	2.48423
3062.161377	0.124235
3063.215820	0.056739
3066.768311	1.70412
3067.941650	0.0524626
3068.577881	1.18593
3070.208984	0.823992
3073.685791	1.96149
3075.199707	0.237449
3076.893555	0.166232
3078.644531	0.0335702
3083.636719	0.615671
3087.952393	2.36351
3100.814697	0.299016
3104.197998	4.7022
3107.052002	1.30093
3107.734131	0.0734381
3108.804688	0.759542
3110.743408	0.628485
3112.050293	0.0751882
3118.657959	1.98736
3122.926758	2.16562
3127.644043	4.44823
3134.283691	2.27118
3135.706299	0.06657
3136.590332	0.0181412
3137.830078	0.0213812
3138.917969	0.0114153
3139.629883	0.0011855
3141.434082	0.015474
3151.428711	1.40528
3164.261230	5.37864
3170.332275	0.775618
3171.818848	2.32945
3173.116943	0.201175
3173.737061	0.62787
3175.048340	0.204817
3179.189697	1.61749
3184.236816	0.117978
3188.706299	0.00292395
3190.661865	2.03846e-005
3192.626953	2.66393e-005
3195.080078	6.81636e-006
3196.472900	6.17035e-007
3197.488037	7.00202e-007
3198.647461	8.15122e-007
3199.895752	8.15341e-007
3200.831787	4.07685e-007
3201.456055	4.07685e-007
3201.946777	2.32963e-007
3202.437256	4.07685e-007
3203.017090	3.49444e-007
3204.132080	1.10657e-006
3205.426025	5.82407e-007
3206.541504	8.73611e-007
3207.612793	5.24166e-007
3208.684082	8.73611e-007
3209.621582	3.49444e-007
3210.068115	2.32963e-007
3210.559326	4.07685e-007
3211.407715	6.98889e-007
3212.122559	2.32963e-007
3212.613770	4.07685e-007
3213.105225	2.32963e-007
3213.507324	2.91204e-007
3214.311523	7.57129e-007
3215.339355	5.82407e-007
3215.920166	1.74722e-007
3216.501221	5.82407e-007
3217.305908	4.65926e-007
3217.976563	4.07685e-007
3218.647217	4.65926e-007
3219.362549	4.65926e-007
3219.988770	3.49444e-007
3220.614746	4.65926e-007
3221.062012	1.16481e-007
3221.499023	4.42962e-007
3222.099365	1.51554e-005
3222.666992	0.00128936
3224.677979	1.11919
3226.629883	0.610335
3228.420898	0.361286
3230.183105	0.399135
3238.062012	13.4366
3245.763184	6.9349
3249.915527	2.20635
3253.655762	0.577255
3257.830811	0.147889
3259.314209	0.174998
3260.553223	0.16731
3261.423828	0.058007
3262.746094	0.0780252
3264.146240	0.62851
3269.236328	0.141755
3270.879395	0.271445
3272.061523	0.416716
3273.117676	0.243043
3274.222656	0.202016
3275.318604	0.25813
3277.652100	0.924742
3279.478760	0.801249
3280.945313	2.22563
3282.714844	0.303528
3284.842041	0.970334
3286.163086	0.00324652
3288.562500	0.158466
3293.726318	0.116377
3296.062500	0.0422789
3297.444336	0.748239
3298.820801	0.596933
3299.742676	0.0532468
3301.038330	0.22686
3302.223877	0.151629
3303.032227	0.0083862
3305.806152	0.244455
3308.388916	0.183441
3309.627441	0.112811
3311.976074	0.306933
3312.935303	0.74653
3318.040527	2.85976
3326.076660	1.32158
3327.860107	0.342126
3328.714111	0.0849704
3330.046143	0.162473
3331.107666	0.33968
3336.478760	0.0133379
3342.311035	2.81183
3354.093750	3.74857
3358.628418	1.95312
3360.889160	0.726933
3362.292725	2.45815
3363.218506	4.8185
3365.374268	0.253084
3370.366699	16.8405
3386.413818	3.84018
3390.512939	7.48408
3392.648193	0.315391
3394.203613	3.52711
3404.297363	2.85374
3407.932129	0.888244
3423.997070	2.35544
3429.132324	2.55737
3433.589844	1.40357
3434.736572	0.477345
3437.026611	0.114649
3438.514893	0.0597098
3439.876953	0.102572
3443.790771	0.00334349
3453.840332	0.166919
3455.890137	0.0941684
3456.932617	0.058523
3457.907715	0.021927
3459.367432	0.0230856
3462.440186	0.674999
3465.326660	0.0465364
3466.930664	0.477284
3468.473389	0.575036
3469.919922	1.49926
3470.799805	0.244223
3472.051514	0.39947
3474.432129	1.70272
3479.640625	2.27963
3484.402100	1.29204
3488.133301	1.13502
3506.549805	1.92319
3512.791260	0.533301
3518.667969	6.40224
3519.918945	0.202582
3521.659180	8.74018
3529.061768	2.53017
3531.583008	0.060914
3533.762939	0.883383
3535.697510	3.41017
3537.473389	2.28123
3539.508545	1.30923
3541.388184	0.334472
3544.820801	1.75624
3548.180176	0.0246396
3551.566895	0.194159
3553.782715	0.140664
3555.253906	1.16117
3557.252197	0.876238
3559.138916	0.483436
3561.399658	0.218503
3567.311523	0.685745
3571.995117	0.145271
3573.342773	3.33581
3578.552490	11.0064
3581.503174	0.383063
3586.647461	4.68539
3591.504883	1.25115
3595.002930	0.673723
3596.898193	0.477791
3598.807129	0.23117
3600.720459	0.507313
3607.260742	1.63889
3612.681641	0.060795
3614.243652	0.209105
3615.328613	0.190239
3616.330811	0.108681
3617.655762	0.0565233
3619.215088	1.95553
3624.272461	9.71496
3627.940430	0.97167
3631.861816	0.884389
3638.338867	1.15729
3646.077881	0.84346
3647.550537	0.0591744
3649.900635	0.151693
3656.904541	1.65633
3661.298584	0.0699661
3663.754150	6.60062
3676.332520	4.18287
3677.584717	2.51437
3682.042236	5.15152
3687.584473	7.27224
3690.400146	1.42075
3692.007568	1.70038
3693.784180	0.742579
3700.169189	16.1264
3705.465332	1.03092
3707.934326	4.91347
3711.016357	0.0664607
3714.527344	1.62041
3715.867432	0.114755
3716.840820	0.0336289
3719.746826	0.620931
3722.289063	0.428378
3724.069336	0.269042
3726.150879	0.170428
3727.669189	0.0214702
3729.063721	0.0222928
3735.683838	0.0246506
3737.431885	0.0400376
3738.506104	0.0263734
3739.600342	0.0137879
3740.990234	0.0135768
3741.925293	0.00392326
3742.737793	0.000366665
3752.933838	1.74567
3758.806641	0.781209
3762.275391	2.74633
3765.921387	0.171184
3768.569092	4.55704
3772.204590	0.220536
3774.738525	2.11677
3775.807617	0.064272
3777.314209	0.163944
3778.234375	0.202836
3779.463379	0.0360018
3780.685547	0.0228194
3782.406982	2.64919
3791.689453	0.0675937
3793.171143	0.333812
3794.183105	1.2349
3796.476074	0.0274416
3801.407959	3.64843
3803.786865	0.0127652
3805.330322	0.0345934
3807.696045	2.47851
3821.076172	5.45275
3828.830078	1.39255
3830.323730	0.351163
3831.722168	0.0648029
3834.313232	0.384426
3835.391602	0.122134
3836.499268	0.137449
3837.491699	0.135885
3839.146240	0.0797172
3840.046387	0.0422707
3841.088379	0.0608659
3841.850586	0.0144791
3843.114258	0.0277199
3844.051025	0.212719
3845.046875	0.193159
3846.032715	0.208925
3847.541260	1.02868
3852.467041	0.691999
3854.529053	2.68515
3856.800537	3.66281
3858.539795	1.37847
3860.482910	0.532447
3862.157715	0.0693412
3866.605957	0.527798
3867.448242	0.163727
3873.102295	1.32438
3884.369873	0.00935467
3885.123291	0.0118519
3886.995850	0.00300383
3887.814209	0.00125333
3888.427979	0.000194478
3897.962158	0.427263
3899.842285	0.118306
3904.676270	0.901713
3915.403320	4.82571
3919.587646	1.64373
3921.446777	0.931971
3923.446289	0.707445
3925.372314	0.107265
3927.240723	0.032168
3936.827148	0.165536
3938.499268	0.194907
3939.498047	0.151522
3940.764160	0.0922018
3942.088623	0.0698536
3943.067871	0.0412777
3944.556885	0.438863
3950.158936	1.26622
3955.002930	0.158222
3957.062256	2.37905
3959.787598	5.90775
3964.811768	3.29375
3968.263428	0.638848
3975.435791	2.12071
3981.810303	1.27767
3986.547119	0.71523
3989.759033	0.0215149
3992.109863	0.272564
3995.685059	0.502032
3997.742188	0.285307
4001.301270	1.15292
4002.432373	0.218385
4006.861328	0.449813
4011.329346	3.07517
4030.484863	0.376446
4034.125244	0.948284
4036.232422	0.483491
4038.397949	0.23648
4040.313232	0.119545
4041.776367	0.00877224
4050.109863	0.26506
4053.555908	0.337888
4056.168945	0.361953
4058.247314	1.29238
4060.366943	0.80356
4062.493652	0.454504
4064.720703	0.564432
4065.926025	0.330294
4067.042725	0.082192
4068.504395	0.130604
4069.541260	0.0570937
4073.943359	1.14813
4082.617432	0.0701398
4084.366699	0.403631
4087.417236	1.18829
4089.277100	0.635754
4091.260742	1.91081
4093.479980	1.864
4095.646240	0.821735
4097.807617	2.82198
4101.769043	2.48753
4103.075195	1.85311
4105.450195	0.474832
4109.174805	2.60375
4116.672363	2.25469
4123.749512	25.5219
4139.138672	1.35123
4141.084473	0.753262
4142.532715	0.45977
4143.196289	0.24324
4144.937988	0.310168
4146.786621	5.68642
4154.410156	1.57707
4158.307129	10.1024
4159.839844	10.228
4161.775879	4.47033
4164.535156	18.0116
4170.430176	0.0765432
4172.031738	0.913263
4174.928223	0.30158
4176.643066	0.518192
4178.248535	0.251723
4179.441406	0.110095
4180.486816	0.288618
4183.449219	0.777943
4184.941895	1.20901
4186.896973	22.9486
4200.098145	9.02035
4201.655273	1.08473
4203.575195	1.80541
4205.700684	12.45
4213.735840	2.0942
4219.008301	2.89335
4237.062012	16.0444
4251.140137	9.01931
4253.309570	1.67368
4255.379883	1.48651
4257.315430	0.341613
4258.566895	3.82323
4261.217285	0.786325
4263.164063	1.50489
4265.430176	1.2454
4273.477539	6.62089
4274.947754	0.513912
4277.805664	6.1004
4291.567383	6.20364
4299.209961	4.17998
4304.621582	1.33939
4306.480957	0.162863
4308.298828	0.126838
4313.815918	4.38914
4317.644531	0.0405184
4319.190430	1.82747
4321.291016	1.11623
4323.532715	0.741892
4325.797363	0.563448
4328.478027	0.277915
4329.931641	0.476322
4330.815430	0.257885
4332.330566	0.10389
4333.685547	0.0822701
4334.836914	0.0381709
4335.897949	0.0195153
4337.634766	1.63101
4341.730957	0.0473786
4343.609863	1.18059
4354.586426	3.11379
4355.847168	0.653506
4357.163574	0.808146
4358.590820	0.646125
4360.288574	0.525351
4361.520996	0.233444
4362.679199	0.443482
4364.616699	6.18471
4378.992188	13.1077
4392.744141	7.2847
4412.937012	0.243299
4414.553223	0.292232
4416.033203	0.164469
4417.037598	0.0732994
4419.405273	0.486872
4421.532227	0.715158
4423.168457	0.367711
4426.129395	0.0264361
4427.782227	4.99538
4433.153320	9.44841
4436.651367	0.533473
4440.273926	1.18166
4442.591797	0.167532
4444.661133	0.261981
4446.701660	2.5907
4459.556152	2.89983
4462.948242	2.28689
4464.774414	0.845899
4466.905273	0.595092
4469.704102	10.3679
4482.345215	0.911574
4483.724121	0.878907
4484.937500	0.502039
4486.142090	0.30507
4487.460938	0.179584
4488.518066	1.18947
4492.225586	0.155791
4497.655273	0.142365
4506.408203	2.12701
4512.517578	1.67836
4518.538574	1.79354
4520.387207	0.169077
4522.042969	0.228163
4523.077148	0.148029
4524.434082	0.123155
4525.791992	0.418418
4531.712891	6.12746
4541.887695	4.86513
4551.384766	1.47014
4553.739258	0.40629
4555.615723	0.520328
4557.977539	0.0181787
4559.222168	0.667371
4561.312012	0.636504
4563.459473	0.319533
4565.819336	0.22357
4567.447266	0.264946
4568.659180	0.199414
4570.147461	2.86283
4577.109375	4.20921
4583.504395	5.88309
4586.328125	3.98489
4588.357422	2.04473
4590.624512	0.985164
4593.215820	6.47269
4607.104980	2.05845
4611.329590	32.7259
4633.387695	86.9184
4648.291016	8.42374
4651.844727	7.21166
4656.950684	1.23243
4658.298340	0.0502046
4662.355957	2.95356
4665.288086	0.817675
4667.238770	1.58813
4670.541992	0.471665
4671.487305	0.156309
4672.926758	0.974875
4674.577637	1.31092
4675.394043	0.112339
4676.809570	0.508535
4678.491211	0.944693
4680.927734	0.794119
4682.254395	0.974223
4683.967285	0.828529
4685.328125	0.449085
4686.461914	0.635706
4687.847656	2.38103
4699.032227	7.68796
4701.250488	0.251234
4702.273438	0.0855675
4703.938965	0.105886
4705.560059	0.308024
4709.263672	0.0650659
4712.617676	1.55359
4716.163574	3.24016
4718.695801	8.11721
4728.869629	47.9394
4735.754395	4.70271
4744.217773	21.2495
4747.385254	0.273819
4748.995117	1.85711
4753.479980	5.92701
4757.101074	1.00255
4758.212891	1.63208
4761.276855	0.40452
4762.851074	0.228189
4764.343262	0.367303
4765.654785	0.49673
4766.905762	0.186808
4770.840332	5.11309
4772.483887	7.58421
4777.376465	5.83246
4783.748047	6.88561
4786.817871	54.9313
4803.252930	94.0763
4806.571289	0.545923
4808.018555	11.3425
4818.094727	16.5034
4819.459961	1.11117
4820.434082	4.82442
4823.186035	0.289922
4825.182617	0.229652
4827.560547	0.882163
4829.164551	1.34751
4831.031250	3.5667
4835.625977	0.683767
4838.919434	23.7515
4840.194824	4.41754
4844.876465	74.2157
4851.242188	0.310705
4856.459473	141.531
4863.469238	41.8766
4864.838379	4.51691
4866.016602	2.94454
4867.025391	8.7207
4868.869629	2.86328
4870.821289	3.15178
4872.786621	13.577
4874.895020	4.1045
4877.865723	2.42215
4882.721680	200.881
4884.874023	209.408
4893.278320	3.23845
4899.778320	539.361
4902.488770	254.477
4916.980469	778.107
4926.757813	47.9059
4934.738281	7.42314
4935.947754	0.838364
4938.845215	1.52623
4939.869141	3.01675
4943.230469	1.57163
4946.251953	24.5921
4950.594238	17.3384
4958.010254	0.118257
4960.750000	0.295451
4963.440430	14.3155
4969.343262	20.3795
4973.441406	5.4671
4981.293457	8.19234
4982.728516	7.84756
4987.266113	6.05119
4988.916992	1.13594
4990.035645	6.1166
4996.234375	60.2193
5000.412598	25.3772
5006.274414	158.466
5017.307129	2.91203
5025.535645	729.098
5043.353027	1031.47
5051.678711	18.1137
5061.141113	156.604
5076.344238	5.8319
5080.800781	22.7999
5086.155762	0.50837
5087.766113	0.0631801
5088.891602	0.348129
5091.522461	2.83561
5093.524414	1.77026
5095.958496	0.817085
5100.048828	17.6018
5111.559082	8.67304
5114.736816	16.9692
5121.060059	16.2169
5124.635254	0.315487
5125.555176	1.75771
5129.782715	3.81109
5131.667480	0.334787
5133.183594	0.48863
5134.534668	0.895948
5135.613281	1.38378
5137.532715	0.656485
5138.693359	0.294507
5139.740234	0.315372
5142.127930	1.49724
5144.410645	1.40824
5146.764648	4.00208
5149.233398	6.87426
5153.170410	0.503211
5155.573730	24.3671
5157.111328	20.8152
5161.640625	29.9634
5169.683105	5.22416
5171.054688	0.0398425
5174.041016	0.918979
5176.238281	19.3274
5184.624023	26.1445
5192.028809	11.3426
5196.658203	1.36548
5197.538574	0.234705
5199.355469	0.882195
5201.911133	0.769804
5204.105469	0.692442
5205.689941	0.335572
5207.527344	0.504284
5208.449707	0.117654
5209.187988	0.89886
5211.057129	1.36136
5212.733887	0.978567
5213.879883	0.608487
5215.167480	4.27319
5219.594238	6.27807
5228.025391	6.20773
5229.944336	2.80474
5233.034668	3.62567
5234.290527	2.78397
5236.452637	2.89069
5238.707520	1.56379
5241.300293	0.66205
5242.721191	0.110216
5245.849609	3.21364
5250.604004	0.994831
5253.736328	0.824882
5259.085938	0.933306
5263.768555	0.245512
5265.741211	0.204223
5268.178223	0.0972601
5270.195801	0.249948
5280.433594	0.0342557
5284.035645	0.334584
5287.304199	0.528677
5289.328125	1.72058
5291.711426	1.2847
5294.073730	0.887103
5296.359375	3.26774
5299.211914	3.18417
5301.731934	1.01016
5303.780273	4.91831
5308.672363	6.4197
5310.417969	0.651049
5313.391602	1.03206
5315.952148	1.40167
5319.595215	0.506958
5320.781250	0.829683
5322.820801	1.60283
5328.441895	9.21034
5334.150391	2.49369
5336.574707	4.52662
5338.954590	1.51818
5340.930664	2.00302
5344.465820	1.42181
5345.971680	1.31835
5348.776367	0.507909
5360.188965	4.51471
5362.578613	0.772447
5363.450684	0.38375
5365.145508	3.19266
5367.421387	3.73539
5369.703125	4.03496
5371.737793	1.06304
5373.713379	1.25612
5375.667969	1.46813
5378.205566	1.29808
5382.952148	12.2122
5387.632324	1.19601
5389.834961	1.13897
5391.327148	0.148105
5392.343262	0.399051
5394.025879	0.158128
5395.379395	0.0567136
5399.378418	5.51022
5405.834473	6.02673
5409.750977	3.29477
5411.951660	1.62254
5414.588379	1.1007
5417.370117	3.17621
5420.083984	0.566673
5421.485352	1.41531
5422.320313	0.89389
5424.280273	0.211262
5427.443359	1.84481
5429.539063	0.307843
5430.999512	1.01726
5433.823242	0.0845255
5436.448730	13.9684
5443.110840	27.1232
5450.658691	6.96277
5456.341309	1.42762
5457.966309	1.67972
5462.601074	0.0263091
5467.583984	2.03517
5472.269043	1.08445
5474.622070	0.908856
5476.087891	0.9735
5478.525879	9.84787
5486.480957	9.8152
5487.923828	3.62977
5491.059570	0.135404
5492.693848	0.43889
5493.479980	0.401296
5496.256836	0.628196
5498.594238	1.33328
5500.856934	0.934116
5502.895996	0.658397
5506.038086	0.507392
5507.991211	4.95106
5512.166504	1.26362
5514.504883	0.784125
5516.839355	0.3507
5520.222168	1.81125
5522.979492	0.989854
5525.255859	0.584206
5527.452637	0.0376148
5530.199707	0.292419
5532.047852	0.35439
5533.593262	0.0347558
5535.006348	1.34279
5537.170898	2.02645
5540.466797	2.20436
5543.186035	4.07718
5545.356445	1.51267
5548.243164	2.19688
5549.332520	1.0832
5551.033691	1.85338
5552.843750	0.15827
5553.774414	0.515678
5555.895996	0.543079
5556.925293	0.231708
5560.269531	0.964543
5562.113770	0.4075
5565.714844	2.26327
5568.105469	1.1347
5569.853516	0.0977034
5570.897949	2.38677
5575.104492	0.548513
5576.489746	0.384798
5582.584961	8.87649
5584.565918	11.7604
5589.456543	7.38836
5599.063477	9.48938
5601.912109	2.3185
5603.214844	1.97317
5604.446777	1.23248
5605.902344	0.975889
5607.520508	22.3644
5614.592285	18.914
5616.171387	11.2774
5623.330566	2.25489
5627.332031	5.7318
5629.713867	3.22347
5631.906738	18.7297
5641.644043	1.86575
5643.348145	2.69618
5646.233398	2.67502
5647.724609	0.693387
5648.876465	0.0865653
5649.867188	0.192959
5652.384277	13.6454
5659.326660	1.35681
5662.062988	1.61182
5664.640137	1.36249
5668.492188	9.34262
5677.831543	0.334063
5680.458496	2.50965
5682.369629	0.877119
5683.950195	1.36252
5684.923340	0.852387
5686.645996	0.446435
5687.885742	0.0885818
5689.743652	0.0574378
5692.001953	0.690853
5698.496582	2.89828
5707.614258	0.0384416
5717.908203	4.67828
5720.066895	0.747213
5722.899902	0.496087
5724.579102	0.153966
5725.610352	0.163087
5728.559082	0.0769278
5732.707031	2.08972
5734.565918	1.57293
5737.139160	23.786
5746.214844	63.0176
5758.824219	16.56
5765.031738	9.39046
5768.980957	3.04685
5770.452148	1.75792
5773.701172	3.09304
5778.539063	0.150781
5780.263184	1.28601
5781.420898	0.325985
5782.996582	0.078865
5784.255371	0.0737038
5786.089844	0.412217
5788.582031	0.00793339
5790.907715	0.475233
5797.591309	2.24673
5802.561035	0.490877
5805.060059	1.56823
5810.784180	0.413139
5812.505859	0.336742
5813.689941	0.549146
5814.989746	0.691461
5816.350098	0.793635
5817.934570	0.398209
5819.250977	0.245561
5820.532715	0.0542228
5821.821777	0.327986
5823.599121	0.735517
5825.507813	0.139941
5826.361816	0.201495
5828.050781	0.249637
5829.415527	0.320654
5832.401855	0.538648
5839.444336	0.164838
5841.515625	0.0849007
5843.535645	0.508277
5845.885742	0.745385
5848.744629	1.24335
5851.457520	1.00427
5856.647461	21.733
5867.738281	11.2365
5869.290039	4.84056
5873.435059	1.3376
5875.723145	0.751501
5877.979980	5.21762
5883.797852	1.74686
5885.725098	0.728914
5888.318359	0.219147
5890.673828	0.247983
5896.797363	7.78402
5903.575684	2.85421
5906.439941	6.97149
5911.558105	5.98511
5916.149902	2.63725
5917.898926	0.256909
5919.328125	0.310492
5921.060059	0.511329
5922.193848	0.145864
5924.352051	1.28474
5926.587891	1.044
5929.463867	0.253201
5935.053711	1.39486
5937.713379	1.18871
5941.498047	8.10121
5950.495117	7.93956
5955.531738	1.43792
5957.315430	0.587281
5959.520996	0.288172
5961.210449	0.663189
5964.103027	0.211097
5966.056641	0.168994
5967.242676	0.202241
5968.841309	0.206445
5970.148926	0.107856
5972.141602	0.210127
5974.149414	4.19946
5981.420410	3.54409
5987.915527	33.1009
5998.013672	22.1671
6001.253906	0.243498
6003.347168	18.2282
6009.932129	8.58343
6012.425781	9.4192
6017.757324	2.7743
6022.120605	5.97661
6023.713379	2.41302
6026.835938	0.400431
6029.498535	0.914248
6033.257324	1.06687
6035.293457	0.813866
6038.068359	1.73801
6041.355957	2.17943
6043.751953	0.622912
6045.421875	1.99377
6047.759766	2.14758
6050.310547	1.26384
6052.447754	2.10323
6057.450195	2.02367
6062.392090	1.5911
6067.679688	4.52595
6072.559082	1.29487
6074.968262	2.17626
6077.699707	2.84903
6080.086426	0.8208
6082.064941	3.7725
6087.061523	2.61672
6090.171875	26.3069
6096.294922	17.2268
6101.624512	5.78851
6105.213379	0.350234
6107.728027	4.29743
6110.621582	3.71144
6112.494629	0.19849
6113.874023	0.573257
6116.126465	1.73219
6120.374512	9.6856
6126.180664	10.7033
6132.342285	3.3649
6135.928223	0.283756
6138.144531	0.0416683
6139.942383	0.44579
6143.683594	1.12084
6146.003906	0.887097
6148.847656	0.341501
6151.093262	3.16239
6155.999512	0.0590746
6157.357422	0.24539
6159.639648	9.32495
6165.673828	14.4385
6168.568359	0.22057
6171.107910	1.17762
6172.774414	3.56885
6175.123535	23.804
6179.332031	0.215542
6184.204590	6.98909
6187.100098	5.09861
6189.347168	1.70228
6192.278320	0.621457
6193.985840	1.64215
6196.479004	1.06506
6200.196777	1.03882
6201.805664	2.66804
6203.647949	17.4973
6209.655762	6.87926
6216.775879	18.1196
6218.817383	21.5857
6229.211914	10.1839
6234.818359	16.8361
6236.565918	0.752579
6238.958008	49.4899
6249.802734	36.8842
6252.791016	5.18924
6254.475586	6.43677
6257.504883	27.4856
6263.685547	1.827
6267.369629	6.88516
6269.661133	14.5194
6272.023438	4.47815
6274.236816	2.82916
6278.764648	13.7202
6283.923828	0.496869
6285.643066	1.24019
6288.702637	14.0975
6297.538086	2.28112
6304.481445	1.20315
6306.418945	0.171397
6308.737305	0.67263
6309.907227	0.146269
6311.572266	1.7231
6313.028320	9.00014
6317.420410	2.23448
6320.289551	2.48817
6322.316895	0.460833
6328.459961	4.43501
6332.535156	5.15022
6334.990234	4.29753
6337.659668	1.53009
6340.386719	0.648106
6341.780762	0.397953
6343.398438	0.438728
6345.090820	4.14441
6348.602051	0.533164
6350.249023	5.54376
6358.091309	106.113
6366.710938	10.2703
6370.062012	0.427654
6376.916504	17.2098
6379.793457	0.507283
6382.501465	30.7749
6387.288574	0.302706
6391.398926	12.3413
6396.332520	28.4339
6406.076660	12.1598
6413.866699	0.726514
6420.688477	1.64653
6423.512207	1.60147
6426.551270	2.8068
6429.090820	2.15764
6431.272949	0.837526
6434.344727	2.06763
6435.302246	1.94991
6437.385742	2.17912
6439.443848	2.68125
6442.267090	3.05079
6444.658203	2.25485
6448.997559	4.74315
6454.884766	0.905277
6457.562500	5.74099
6459.658203	0.677739
6461.987793	1.38882
6464.732422	0.661672
6466.517578	0.661068
6467.609863	0.207
6469.441406	0.347563
6471.536621	0.178108
6473.927734	0.286704
6476.070801	2.48279
6480.035156	0.0244514
6482.690918	0.560095
6484.510742	1.01022
6490.483398	5.25172
6496.102051	7.36053
6502.785156	6.84951
6504.261719	11.1784
6511.327637	8.67241
6514.191895	3.62192
6518.250488	1.71435
6519.669922	0.599179
6521.248535	0.183226
6523.063965	0.42575
6524.757324	0.408076
6527.046875	0.634299
6528.911133	0.800278
6530.340820	0.115736
6531.876465	1.32551
6534.109863	1.07397
6536.189453	0.895773
6538.594727	0.98673
6540.693359	3.09611
6544.072266	0.475336
6546.099609	4.56288
6551.540039	12.1893
6553.323242	22.9297
6565.167480	2.26771
6567.508789	1.90974
6570.467285	3.28616
6572.864746	5.97087
6578.117188	1.31931
6585.487793	2.85837
6590.772949	6.65351
6594.583008	2.08343
6600.301758	11.5737
6606.116211	19.0495
6607.791016	8.20844
6610.609375	0.934823
6615.764160	6.1967
6618.210938	3.06301
6621.385742	0.87578
6624.117188	1.59946
6626.949707	0.100872
6629.031738	0.0896094
6630.961426	0.305673
6633.192383	0.576732
6634.776367	0.520187
6636.136719	0.197033
6637.955078	0.133641
6639.531250	0.0552273
6642.320801	0.182903
6644.386230	0.202435
6646.097656	0.471078
6648.333496	0.649755
6650.992676	0.607533
6652.785645	0.475147
6654.096191	0.0943264
6655.905273	0.207109
6657.372070	0.451093
6660.207520	0.184436
6662.526367	1.97495
6666.435547	0.993271
6668.090332	3.7752
6673.647949	3.13898
6675.415039	0.679511
6678.806641	1.61914
6681.452148	1.18057
6684.206055	0.520992
6686.714355	2.31601
6694.059570	1.00499
6696.936523	0.0395067
6698.786621	0.024112
6700.081055	0.02983
6709.108887	16.7932
6715.228516	1.89204
6717.982422	1.79011
6720.005859	1.42258
6723.217773	0.845832
6725.489258	0.225248
6727.666504	1.37362
6733.614258	2.48228
6740.131348	2.22789
6744.312500	0.151128
6745.773926	0.0559869
6747.257324	0.289819
6749.117676	2.26883
6758.935547	10.3543
6765.712402	7.2564
6770.203613	0.728375
6774.855957	3.695
6778.185547	3.49706
6780.712891	0.909845
6783.020020	1.10913
6787.550781	0.384306
6789.659668	1.25055
6792.087402	1.27225
6794.663574	0.54471
6797.534668	0.317098
6800.731934	5.51398
6805.768555	3.50526
6808.143066	1.79418
6812.345703	4.3507
6815.213867	3.28718
6818.445801	1.2196
6819.710449	0.0348131
6822.582031	6.13761
6828.761719	11.8634
6834.556152	23.2375
6845.531250	29.4457
6851.839355	0.115415
6853.018066	1.54107
6858.577148	2.79058
6863.149902	2.03815
6865.083984	1.03952
6866.323730	0.224784
6871.031250	13.152
6875.375977	1.23591
6879.092285	10.528
6884.280273	11.1377
6885.460938	21.098
6893.015625	11.8012
6896.289063	7.33673
6899.640137	3.55909
6902.349121	1.60098
6908.282715	10.1418
6914.882813	9.45686
6917.381348	3.39126
6923.298828	22.1747
6927.214355	10.8364
6929.628418	6.24766
6932.879883	13.2832
6935.092285	6.38112
6940.243164	45.5984
6949.944824	428.308
6967.319336	786.598
6985.314453	865.637
7004.192871	29.3383
7006.671387	3.84789
7010.165039	5.02874
7013.050293	10.0016
7015.429688	4.10778
7018.172363	1.89415
7020.126953	3.46319
7022.715820	4.075
7024.986328	3.92398
7027.794434	5.9172
7037.802734	6.95757
7043.424805	15.5951
7047.541504	3.35872
7049.166016	4.33829
7052.990723	2.67239
7054.723633	2.43105
7056.048340	0.663608
7057.509766	5.49711
7060.759766	2.71968
7063.132813	1.93197
7065.590820	0.862819
7068.043945	4.23587
7071.325684	2.27955
7073.971680	1.52817
7076.634277	3.69515
7081.259766	2.58006
7086.814941	2.51008
7091.729004	1.70054
7093.970703	0.530964
7107.077148	13.2156
7110.990234	9.21611
7114.304199	0.432153
7116.477539	1.38794
7119.296387	1.72407
7122.857422	0.705858
7125.899414	0.802087
7132.586426	20.1488
7143.231934	11.1972
7145.563477	0.344879
7148.688477	0.91977
7151.309570	3.80116
7153.773926	4.67873
7156.614746	0.680158
7158.421875	0.555763
7160.933594	0.806334
7163.352051	0.746356
7165.091797	0.750152
7166.622559	0.350743
7168.243164	1.9158
7172.690918	0.472645
7178.035156	5.58343
7179.742188	14.4577
7190.792969	17.0107
7197.213867	3.95888
7199.656738	6.28972
7201.868652	3.77841
7204.607422	12.7154
7215.662109	48.9286
7222.244141	0.127218
7223.886719	2.00564
7225.331055	0.506814
7226.780762	1.06318
7228.614258	0.419978
7230.771973	0.927979
7232.903320	1.60216
7235.883789	1.87774
7237.972168	1.97956
7240.980957	0.605228
7243.366699	4.30048
7245.709961	1.65164
7248.674805	0.953826
7250.768066	1.58118
7253.575684	2.64922
7254.893066	0.564565
7256.318359	1.94399
7260.833984	8.37931
7268.217773	3.80238
7272.047852	1.22739
7277.397461	2.25527
7281.582031	5.2378
7284.481445	4.39414
7287.532227	1.29638
7288.934570	0.446602
7291.137207	7.13235
7293.419434	10.7689
7301.625977	31.4184
7310.550781	4.32364
7313.559570	13.6436
7315.924805	6.60534
7318.191406	7.93472
7321.008789	2.38331
7323.579590	9.77731
7335.504883	43.7357
7343.838867	14.0881
7346.824707	0.447725
7349.244629	1.00722
7353.017578	5.16666
7355.543945	3.46886
7359.971680	2.5096
7362.745605	3.26943
7365.066406	5.68031
7369.039063	6.81494
7370.741211	4.24947
7374.097656	1.50891
7375.653320	1.00754
7377.709473	1.99116
7380.520996	1.56101
7382.881348	1.75439
7386.108887	0.512766
7394.801270	21.7228
7399.907715	0.767318
7401.479980	1.77229
7403.457520	3.63934
7406.262207	17.8426
7409.973145	3.75243
7412.197266	5.19873
7415.430176	6.73412
7429.237793	26.5834
7435.573242	3.69256
7438.245605	0.240358
7439.976563	0.798698
7441.268066	0.42927
7443.458496	0.379001
7444.820801	0.165177
7446.879883	7.03036
7450.634277	5.35267
7453.226074	2.73802
7456.226074	1.13554
7458.836914	0.89425
7463.018555	27.7615
7470.881348	1.80045
7473.290527	6.86543
7474.959961	13.1278
7478.114746	0.482516
7481.668945	7.00399
7486.702637	3.08152
7490.724609	0.0576583
7492.150879	0.178278
7497.042969	2.70066
7500.966797	1.46885
7503.051758	6.63542
7508.979004	8.66772
7510.869141	1.05666
7514.486328	0.714934
7516.570801	0.980098
7518.598633	1.6352
7520.367188	3.94878
7523.580566	1.03275
7525.888672	3.7386
7530.970703	2.01247
7533.302734	3.73769
7537.850098	3.58378
7541.848633	0.912387
7543.817383	2.23094
7547.219238	2.69943
7550.371094	4.50482
7560.912109	7.7748
7565.705078	7.22523
7571.074707	35.0943
7580.851074	17.564
7588.589844	1.72947
7591.679199	4.21127
7599.292480	3.44624
7602.021973	0.265813
7604.449707	2.28966
7606.620117	1.2108
7609.601563	3.88761
7614.300293	18.7459
7619.753906	3.16323
7622.125977	0.744113
7625.130371	0.348318
7628.692871	0.393047
7631.585449	11.415
7637.916504	18.4394
7643.578613	5.12638
7646.314453	11.4737
7654.114258	2.49959
7656.825684	5.05461
7659.412598	2.04911
7661.596680	1.2628
7670.895020	2.52052
7672.725098	0.421026
7674.028809	0.81197
7678.921387	5.80939
7683.175781	1.27425
7684.650391	6.27487
7687.910156	4.96414
7690.738770	9.33439
7693.203125	3.40064
7695.747070	1.20151
7698.816406	0.384651
7703.430176	38.4028
7713.264648	10.549
7715.087891	3.40928
7718.167480	1.02998
7723.764160	5.24715
7730.578125	1.21684
7732.284668	0.279675
7736.617676	17.7668
7743.565430	3.54365
7746.172852	3.16649
7748.200684	20.2426
7755.023438	24.503
7760.426758	2.72867
7762.674316	0.380953
7765.627930	3.50323
7771.559082	5.0946
7775.370605	1.81996
7776.993164	0.735397
7778.314453	4.75604
7785.658691	20.1352
7796.573730	20.7372
7803.217285	34.0649
7808.198242	44.3585
7815.540527	45.2569
7820.149414	5.34334
7821.909668	4.93903
7825.182129	3.01571
7830.881836	8.85322
7833.350098	12.8639
7838.383789	13.7785
7840.459473	2.99014
7843.950195	18.3347
7856.752441	10.8875
7867.023438	3.03656
7868.978027	2.17426
7870.590820	13.5478
7880.604004	80.0963
7888.265137	7.91896
7894.666992	0.498057
7896.566406	2.37479
7903.436523	0.3416
7907.558594	6.76701
7911.598633	13.4317
7916.325195	20.9049
7922.824219	42.6978
7929.136230	16.7784
7931.620605	2.07075
7934.603516	3.69372
7939.199707	3.80258
7942.129883	2.03628
7944.661621	9.8708
7952.503418	12.5472
7954.522949	5.73472
7958.614746	2.03923
7960.399902	1.92752
7963.738281	4.05357
7966.303711	5.60739
7967.559082	11.9524
7972.725586	13.6559
7977.542969	1.16107
7980.400391	4.10574
7982.291992	11.7736
7988.512695	24.1137
7993.092285	1.43
7995.828125	15.3475
8001.259277	8.09256
8004.110840	8.10679
8006.690918	4.83653
8010.439941	9.02408
8013.471191	60.539
8018.673340	14.6379
8023.543945	3.62404
8031.599609	672.647
8049.007324	751.973
8057.603027	121.083
8064.096191	11.974
8071.742676	18.5526
8079.678711	16.9504
8086.072754	18.848
8090.453613	8.73211
8093.216797	12.8594
8095.915527	36.6021
8106.156250	10.753
8108.019043	0.232897
8109.964844	0.640473
8113.204102	25.9245
8120.953613	25.3882
8128.145020	48.4903
8132.905273	5.67985
8136.173828	7.55736
8138.473145	11.2671
8146.272461	1.37842
8147.819824	16.9361
8159.039551	4.04771
8162.183105	4.69648
8168.936523	17.4294
8171.628906	19.9616
8184.182617	30.6329
8189.810547	0.286431
8193.052734	5.7959
8195.945313	3.31228
8201.695313	67.7682
8213.116211	32.0227
8217.624023	100.222
8225.900391	5.69681
8233.954102	65.0689
8236.315430	100.862
8249.730469	5.30342
8252.851563	21.1503
8261.399414	5.76902
8265.893555	1.85071
8267.856445	0.710492
8268.992188	0.414622
8271.061523	0.172179
8272.354492	0.880022
8275.468750	8.27808
8285.666016	0.217379
8290.594727	2.15876
8293.677734	1.21679
8297.559570	9.4875
8300.519531	1.30082
8305.500000	12.4773
8308.164063	6.01487
8310.679688	16.8625
8316.969727	0.288476
8323.763672	65.2353
8341.760742	35.2204
8344.277344	45.185
8357.167969	18.6602
8360.082031	1.12591
8361.978516	2.05913
8363.429688	0.630844
8365.162109	5.19594
8370.804688	1.714
8372.791016	1.51902
8375.926758	1.58337
8381.264648	2.26572
8385.068359	1.12538
8388.546875	26.13
8396.078125	5.74434
8398.875977	4.26603
8401.503906	4.06598
8408.257813	12.871
8413.293945	0.679588
8417.280273	2.66105
8420.218750	19.1258
8428.106445	16.5601
8433.959961	5.67307
8442.457031	29.1927
8451.070313	14.375
8455.709961	11.0128
8457.646484	4.86657
8460.917969	0.229788
8466.298828	15.8556
8468.892578	6.75475
8478.883789	9.05934
8481.357422	3.69783
8484.483398	3.82131
8487.635742	14.4061
8494.723633	23.0771
8497.117188	4.70833
8500.472656	10.3721
8502.703125	3.30538
8505.528320	11.6752
8516.170898	38.2072
8524.604492	5.18105
8525.817383	4.90292
8532.180664	3.8564
8535.483398	1.8135
8538.057617	1.9361
8539.831055	0.139256
8541.490234	0.403618
8543.134766	3.26567
8546.386719	4.60912
8549.068359	3.86305
8551.207031	0.326447
8553.638672	7.78551
8558.208008	3.48716
8560.402344	4.09064
8567.602539	11.8851
8573.398438	5.60443
8576.841797	3.03595
8579.803711	2.42499
8582.897461	1.12971
8584.466797	1.71547
8588.635742	4.37921
8595.199219	1.19859
8597.173828	0.791609
8598.745117	0.504573
8600.608398	0.549633
8602.436523	0.343538
8604.209961	0.462782
8605.970703	0.483053
8607.665039	0.599265
8609.568359	0.326931
8611.438477	0.24624
8613.236328	0.252519
8615.028320	0.165598
8618.291992	0.651143
8622.537109	0.432237
8624.975586	0.622873
8630.292969	1.7299
8632.378906	1.18852
8635.572266	6.45386
8638.011719	5.91346
8641.388672	0.879577
8645.654297	20.9789
8649.178711	1.23761
8650.374023	1.92294
8653.502930	23.7867
8655.590820	4.34144
8657.624023	3.48688
8660.370117	1.18073
8662.930664	14.0312
8668.786133	1.62726
8674.562500	13.9554
8683.347656	17.0923
8689.523438	39.709
8700.601563	14.9061
8707.211914	17.2092
8710.746094	0.136156
8714.112305	5.7089
8719.376953	4.86287
8721.893555	1.8306
8724.924805	0.467913
8727.783203	0.216806
8730.341797	2.42649
8736.353516	10.3687
8739.152344	0.909671
8740.640625	1.61622
8743.222656	3.7329
8747.000000	7.74811
8749.433594	1.9049
8752.639648	4.46107
8755.494141	4.8051
8758.615234	1.15817
8762.075195	2.25182
8766.525391	0.0238401
8768.259766	0.434802
8769.976563	0.223605
8772.435547	6.68503
8776.768555	9.2506
8779.671875	7.22044
8781.859375	8.53039
8787.320313	2.43647
8789.898438	11.5312
8796.130859	5.17567
8799.012695	7.43386
8801.819336	3.1439
8804.665039	0.60197
8809.720703	2.39901
8816.234375	1.95568
8818.729492	2.11476
8821.978516	5.31696
8824.514648	1.12297
8827.734375	0.820566
8830.102539	0.206488
8834.198242	1.12912
8836.426758	0.856408
8838.527344	0.830548
8841.789063	10.362
8846.365234	7.86771
8849.928711	7.6938
8851.769531	12.4229
8858.622070	18.0043
8864.358398	5.21337
8865.714844	0.107924
8867.549805	1.65957
8869.615234	0.434532
8872.969727	3.58624
8875.141602	0.343886
8876.530273	0.218553
8880.003906	5.85476
8884.788086	3.57371
8887.279297	1.29393
8890.805664	6.15926
8894.139648	3.41002
8896.088867	2.73709
8899.575195	33.1846
8907.932617	1.27967
8910.420898	0.389679
8912.457031	1.09398
8915.655273	3.83238
8920.407227	14.0472
8922.607422	30.1737
8933.042969	8.62644
8936.649414	3.26008
8940.012695	3.93728
8943.750977	10.181
8946.262695	17.3099
8951.892578	1.17767
8954.258789	11.745
8956.975586	1.7533
8959.570313	5.63553
8962.498047	0.64107
8965.332031	7.53188
8969.331055	2.50817
8971.212891	3.00683
8972.769531	18.3488
8981.543945	4.99101
8983.429688	12.1887
8994.444336	6.29405
9000.550781	15.8459
9002.643555	1.90056
9007.995117	25.3455
9014.485352	21.7362
9016.825195	20.6593
9024.097656	17.8437
9036.982422	31.2779
9040.454102	7.50919
9042.793945	12.0158
9049.324219	5.83689
9051.978516	15.205
9054.629883	9.91305
9057.487305	4.58914
9059.859375	0.633273
9061.809570	3.0907
9064.345703	12.4905
9067.331055	101.568
9078.530273	27.0446
9080.794922	13.9704
9086.827148	16.7002
9089.962891	14.7701
9092.730469	8.04018
9097.711914	21.4329
9101.225586	0.879366
9102.770508	1.23748
9105.022461	3.52884
9108.033203	1.4363
9111.101563	6.58748
9115.371094	54.9182
9120.350586	8.75414
9123.462891	3.72993
9126.522461	2.23817
9132.739258	142.63
9135.555664	121.513
9143.549805	6.33639
9146.361328	1.57817
9152.593750	388.921
9168.992188	193.194
9176.756836	48.7251
9183.528320	42.1129
9194.062500	73.2433
9195.923828	63.7566
9202.057617	4.3464
9213.992188	451.849
9218.724609	91.7939
9230.043945	818.69
9246.927734	1123.3
9260.472656	16.4255
9263.673828	6.6069
9268.984375	182.394
9277.853516	15.2463
9285.250000	22.5625
9293.235352	25.2557
9300.553711	5.16325
9303.643555	1.56017
9306.125000	8.41381
9311.504883	1.08265
9313.383789	0.989632
9316.985352	31.156
9325.397461	42.5129
9327.185547	5.82508
9329.504883	48.4313
9336.389648	4.40537
9339.833984	2.79273
9342.870117	4.8057
9344.848633	33.9004
9353.737305	1.39235
9359.642578	69.1499
9363.214844	3.24549
9365.541016	16.7311
9371.942383	6.81485
9378.768555	0.726631
9381.665039	5.51004
9386.782227	12.2049
9393.953125	2.2678
9395.028320	0.123848
9396.925781	0.520458
9400.757813	0.914788
9403.032227	1.20976
9404.388672	0.320381
9406.363281	0.253219
9409.621094	1.54084
9412.324219	0.45647
9415.288086	1.46749
9428.291992	10.991
9434.605469	0.060904
9436.537109	4.05186
9438.125977	1.0176
9440.294922	0.804676
9444.249023	42.4431
9456.035156	4.75104
9458.819336	2.12447
9464.661133	66.0072
9474.494141	10.6446
9477.348633	0.825607
9480.908203	8.90313
9483.285156	0.550554
9485.091797	0.295649
9488.329102	2.76173
9491.015625	1.43321
9493.175781	4.98037
9495.456055	6.25185
9501.885742	1.92102
9503.393555	0.794555
9505.477539	16.6213
9516.711914	16.8106
9519.044922	1.02188
9524.058594	9.60783
9526.902344	11.2297
9534.208008	6.50185
9537.587891	3.48622
9541.110352	16.9641
9554.077148	57.8206
9560.374023	7.89425
9565.276367	0.296557
9566.809570	0.255192
9572.893555	29.1329
9580.550781	12.1551
9586.127930	0.364878
9588.658203	0.422281
9591.098633	1.40792
9594.178711	6.26314
9599.387695	1.79133
9602.749023	4.24492
9606.496094	2.69347
9609.461914	0.963164
9612.232422	0.865509
9614.492188	3.00694
9617.490234	7.39845
9621.038086	12.315
9623.906250	3.79572
9626.905273	6.52792
9633.318359	1.34357
9635.976563	6.70051
9639.248047	1.2546
9646.785156	23.3435
9649.876953	59.6549
9664.938477	39.3262
9671.092773	2.26887
9672.558594	0.282782
9674.370117	0.658231
9676.404297	1.1159
9679.036133	1.48975
9681.766602	1.80992
9683.474609	0.493649
9685.130859	6.36072
9691.253906	13.0941
9696.034180	2.38457
9698.959961	1.22013
9702.243164	0.633489
9706.131836	1.73857
9710.443359	60.6592
9719.698242	68.1459
9723.087891	30.173
9739.703125	39.1037
9753.641602	55.1498
9762.009766	2.72344
9764.577148	16.6318
9770.958008	0.0909516
9772.410156	0.339232
9775.642578	3.24758
9784.439453	45.5005
9790.858398	0.989141
9793.997070	1.58735
9796.934570	1.053
9802.218750	2.8192
9804.988281	0.509337
9810.073242	8.06569
9817.189453	39.5415
9825.990234	22.4365
9833.822266	2.98988
9838.329102	45.5896
9848.706055	16.1315
9854.658203	19.8601
9858.839844	0.543567
9860.838867	0.425016
9865.881836	6.48617
9876.216797	6.33615
9880.484375	4.85819
9883.445313	4.63534
9886.910156	1.47558
9890.915039	11.8298
9895.021484	2.53005
9902.407227	24.4842
9915.634766	23.1845
9925.236328	7.72788
9928.160156	0.131341
9932.238281	7.76889
9937.894531	9.84417
9939.858398	7.43301
9944.131836	0.937677
9949.899414	95.8352
9961.204102	11.8788
9963.677734	4.49009
9969.379883	12.4168
9974.821289	3.62178
9976.459961	0.985316
9978.759766	2.11047
9981.679688	1.6047
9984.406250	1.98796
9987.376953	8.27572
10002.179688	36.123
10011.167969	21.8084
10013.987305	2.02464
10017.756836	2.50295
10023.659180	13.8424
10033.971680	3.22178
10039.863281	3.76177
10042.163086	3.19989
10050.136719	9.57822
10057.616211	51.0018
10065.205078	7.60209
10075.927734	16.9393
10077.952148	0.465085
10081.238281	3.52953
10087.661133	0.438571
10089.971680	0.476264
10091.924805	0.196334
10096.427734	1.15634
10100.124023	2.65967
10104.710938	4.34563
10115.706055	34.4395
10129.994141	37.5439
10148.171875	19.9245
10151.505859	9.82566
10157.074219	0.0815978
10162.388672	9.24773
10170.440430	5.67482
10180.461914	4.41132
10185.098633	3.26347
10189.846680	27.724
10205.136719	16.9317
10210.661133	0.25004
10213.552734	0.238017
10215.269531	0.998751
10219.243164	1.837
10228.596680	3.73879
10231.479492	1.08768
10235.190430	2.34099
10237.560547	0.999784
10240.886719	3.65663
10245.308594	13.1656
10251.970703	0.524866
10253.360352	4.22101
10264.938477	18.723
10267.379883	7.0699
10271.550781	1.46966
10275.186523	1.50216
10278.030273	0.777879
10279.481445	0.0565822
10281.188477	0.127054
10283.622070	0.385901
10285.974609	0.486225
10289.924805	0.0930309
10293.244141	0.578307
10297.201172	1.01826
10301.218750	0.536401
10304.816406	0.0591486
10312.403320	1.24642
10314.779297	0.0865134
10318.346680	2.23498
10323.423828	1.5436
10329.387695	4.14944
10336.624023	4.81835
10344.152344	5.1162
10348.552734	0.534232
10350.915039	0.543718
10355.056641	0.122341
10357.419922	0.201936
10360.363281	0.303475
10363.269531	5.54551
10371.326172	6.08537
10377.250000	0.922855
10379.782227	0.949781
10386.945313	5.99912
10399.248047	6.36152
10403.495117	0.713658
10406.172852	0.899276
10408.440430	1.13517
10410.282227	0.230244
10411.609375	0.497455
10413.351563	1.35599
10416.151367	6.27207
10419.415039	3.26099
10422.618164	1.7551
10426.023438	0.33222
10428.830078	0.104221
10431.502930	2.61198
10442.546875	0.917947
10448.928711	0.207395
10455.680664	1.77512
10458.133789	4.40292
10462.000000	11.4799
10468.127930	2.75413
10470.830078	1.43419
10474.287109	1.1183
10482.569336	0.788919
10484.639648	0.688884
10487.562500	2.15126
10490.825195	0.256859
10492.521484	0.298326
10494.460938	0.65644
10496.043945	0.117664
10498.386719	0.18515
10500.658203	0.293345
10503.248047	0.0923548
10507.269531	0.766854
10509.257813	0.149805
10513.446289	1.02754
10516.744141	1.52476
10520.345703	1.69507
10522.442383	21.2012
