TITLE "<<210916_CKF_A8_PM_9785_XF_M23_ThermoSIN_MSMS1kVPos_Sen_MetON_AlkTrx_XCal_TIS_100Da_10K_6800hv>> 4700 MS/MS Precursor 9785 Spec #1=>AdvBC(32,0.5,0.0)=>NR(2.00)=>SM31=>CT[BP = 70.6, 333]" CENTROID
TYPE MASSSPEC
9.978478	13.7586
11.816369	2.77706
13.036058	0.0117824
13.087010	0.00902845
13.118455	0.00179258
13.156265	0.00377915
13.235833	0.00716313
13.278351	0.00548676
13.377300	0.286774
15.582636	0.0651879
16.556362	0.00109634
16.677361	0.0320396
16.794861	0.0541343
16.865208	0.0371225
16.911190	0.0104188
17.002846	0.0453202
17.071342	0.0285926
17.141541	0.0179519
17.235626	0.0145822
17.296616	0.00767914
17.342829	0.000277989
17.395811	1.33046e-005
22.387976	0.510648
22.700525	1.76316
22.903133	0.802412
23.046627	3.57642
23.284456	13.8198
23.620476	7.56041
24.199562	7.27457
25.810400	4.83922
26.027063	1.43079
26.155342	1.55896
26.340378	0.214972
26.477459	3.24606
27.947128	1.92838
28.815603	4.19768
29.390772	3.24846
29.862827	13.7739
30.350885	28.2212
30.999311	18.4317
31.183115	2.42205
31.512007	0.0205984
31.740105	6.29097
32.716976	3.30545
33.943394	0.173078
34.202583	0.642894
34.277611	0.461455
34.363789	0.694149
34.448147	0.0242486
34.574368	0.728325
34.681488	0.506835
34.796658	0.102796
34.913300	0.0888638
35.157749	12.6522
37.474789	18.1144
38.314171	58.7979
39.334385	223.305
39.660633	4.87734
40.147171	10.5895
40.612801	14.367
42.697643	20.3139
43.008682	0.825554
43.222477	1.4706
43.507065	3.37083
43.715733	10.1685
44.401752	59.4991
44.886261	10.9974
45.056820	4.10782
45.181633	15.2381
45.626125	48.1216
46.433731	29.3585
46.846310	6.09125
47.091606	6.70293
47.285698	3.49068
47.525047	11.9538
48.265438	0.209709
48.385334	0.0719471
48.489697	0.0854811
48.670406	0.0403642
48.890095	0.151243
49.034985	0.259108
50.062843	27.9566
50.351044	3.59998
50.568405	1.57663
50.839607	2.10972
51.018368	1.49588
51.336117	1.0527
51.462311	0.671981
51.590248	0.302687
51.742939	3.29516
52.539474	5.06475
52.739243	0.0903879
53.142075	4.72635
53.372700	1.90996
53.633095	34.057
55.296844	0.686213
55.555958	0.285286
55.714172	0.044602
55.864006	2.5638
56.451996	0.746806
56.669312	0.558234
56.922478	1.69441
57.782829	0.461598
57.974701	0.43913
58.560017	3.82382
58.762890	0.113685
59.744362	14.9006
59.907795	0.859818
60.042950	0.480197
60.242199	2.41589
60.386536	3.2442
60.481159	10.494
61.010902	4.15075
61.860516	62.0407
62.552128	5.32878
63.758144	15.4958
63.932163	4.94614
64.044151	12.0192
64.333038	0.692811
64.572784	101.266
64.732620	51.8772
64.941650	54.2899
65.199181	55.3482
65.384048	12.0793
65.500023	53.6564
65.805389	32.4263
65.981552	7.4345
66.076653	1.80574
66.175354	11.1165
66.266403	2.76064
66.400116	40.2569
66.684891	0.882703
66.750389	0.752852
66.972076	19.5965
67.108315	60.108
67.459023	3.42581
67.587624	9.95624
67.882065	32.6706
68.194672	10.6204
68.433220	21.6317
68.564690	30.1712
69.132103	84.6732
69.869217	53.9943
70.191063	1.70312
70.572037	333.189
71.421326	80.0777
72.040962	59.8173
72.631393	103.072
73.159149	19.3067
73.297432	0.679826
73.488663	54.5744
74.324074	22.9787
74.982437	7.43819
75.440117	0.196172
75.598907	0.192697
75.740509	3.82132
76.174461	0.62141
76.461868	1.11089
76.668381	0.465998
76.878868	0.58289
77.343910	11.8407
78.033958	11.6722
78.284042	0.251928
78.475578	18.8474
79.210213	88.7835
79.596504	0.795732
79.782440	4.59165
80.088890	1.15284
80.286758	1.0866
80.452362	3.12794
80.742081	9.10991
81.208565	37.3293
81.815926	25.7274
82.347076	1.36398
82.556625	2.02867
82.724419	7.73703
83.106735	18.6097
83.528305	1.81855
83.724800	6.74829
83.922256	0.404282
84.162117	3.17729
84.524712	51.0448
84.667564	55.7895
85.018219	4.15749
85.297874	5.76347
85.567665	18.9293
85.793800	66.3307
86.640266	81.079
87.266342	28.559
87.807266	0.870983
88.344543	17.3989
88.591125	28.2296
89.212730	2.44095
89.396065	24.2753
90.617943	3.37869
91.217430	5.52976
91.410904	15.1408
92.191574	0.875382
92.526329	23.2652
93.226768	8.02822
93.516434	5.66869
93.741341	19.691
95.076859	14.9288
95.548737	51.9404
96.046967	3.28724
96.448631	40.3475
97.154533	127.885
97.574333	1.56479
97.892700	38.6633
98.693703	33.9042
99.237846	5.89041
99.515556	14.0677
99.925507	7.25792
100.302773	30.3944
101.436195	125.429
102.121483	65.9468
103.461548	28.3764
103.636223	0.780186
103.773232	16.921
104.716278	12.8503
104.986687	2.89814
105.322472	5.87213
105.930466	0.00764636
106.162582	5.76359
106.344353	12.0037
107.295647	0.906532
107.462677	2.41001
107.871452	33.3314
109.237442	25.527
110.781174	62.9739
111.909485	23.2384
112.162407	0.786953
112.347595	0.442027
113.191452	13.0165
113.594078	1.80912
113.907745	2.12572
114.292816	1.46319
114.637726	3.73722
114.856598	6.24254
115.076439	7.61488
115.447990	8.27652
115.907257	7.0979
116.083466	3.94502
116.352959	6.77238
116.685539	2.38675
116.929649	7.25926
117.112144	31.0403
117.775436	6.06302
118.120865	0.536685
118.673912	32.4447
119.056084	0.60439
119.284012	2.70841
119.528397	2.89708
119.922318	20.3283
120.854095	9.90162
121.167007	24.4709
122.195000	7.09602
122.905396	0.333594
123.245567	0.610153
123.428528	0.350717
123.658104	6.37933
124.642296	0.166673
124.885147	2.58382
125.310303	19.7506
125.706734	2.24661
126.381447	19.9108
126.569214	0.131248
126.710365	3.20851
127.177757	4.73002
127.432747	5.59464
127.656830	38.7505
128.595963	17.0915
128.831207	15.8371
129.482727	45.6277
130.302658	11.744
130.994965	2.89095
131.311798	3.36217
131.699829	2.09064
132.231155	0.888984
132.636612	1.49375
133.492020	14.2987
133.750107	2.77483
134.001343	0.393047
134.163986	0.484215
134.590790	20.9877
135.351959	2.63207
135.677536	3.11742
135.970627	1.44939
136.188156	5.09603
136.746323	1.86123
137.104218	3.14008
137.348434	0.330446
137.863205	12.2366
138.136566	17.3354
138.793732	0.413905
138.924957	2.76759
139.253189	14.8648
139.656342	7.19918
140.089630	1.54544
140.403107	2.80402
140.695847	2.05217
141.057968	4.14132
141.459091	5.1052
141.810043	10.1496
142.196335	2.49318
142.460480	6.82074
143.186554	8.7648
143.430603	6.89376
143.739777	24.177
144.393524	17.6174
144.685318	12.0432
145.289505	4.63816
145.434860	0.133269
145.694794	2.42123
146.056107	12.2489
146.723297	0.811146
146.984589	1.30213
147.176422	12.6343
148.008514	48.3723
148.659271	73.2803
149.947845	34.403
150.431870	0.631846
150.950348	6.68628
151.138962	1.27098
151.353271	0.751693
151.590210	1.33
151.819763	0.278745
152.340576	25.3082
152.886871	4.19165
153.143967	1.3046
153.331635	1.27682
153.733826	17.9993
154.705490	6.63045
155.033401	24.7123
156.231171	16.6221
157.169174	15.9381
157.299164	6.90723
157.623535	4.5742
157.983917	0.669637
158.209061	1.21178
158.544846	19.4005
159.275497	1.00049
159.863602	61.4395
160.767746	12.0512
161.050354	7.53005
161.340332	29.6737
162.014709	0.908387
162.834457	34.7206
163.640945	16.4001
164.058701	0.791697
164.305664	20.3495
165.241714	12.5801
166.025299	50.363
167.252304	15.3452
167.849121	3.10628
168.371750	12.0456
168.657074	19.9726
169.557587	37.9474
170.504074	12.7614
171.300568	3.96824
171.924652	0.805642
172.312912	1.82883
172.700439	25.0624
173.908890	27.4113
174.743622	6.74181
174.942108	1.69152
175.511108	1.2912
176.222504	10.6004
176.553253	4.40968
176.796387	6.17238
177.381210	5.289
177.642990	4.93398
178.269470	0.784346
178.448288	2.76593
178.855591	6.62731
179.552139	31.9759
180.293015	22.4156
181.399277	9.13853
181.794632	2.72556
182.197449	14.3062
183.191635	2.11467
183.473633	0.699907
183.894684	2.30177
184.442078	5.52525
185.191925	0.229417
185.886536	2.59651
186.446884	5.16222
186.778152	11.5441
188.018921	35.5698
189.051559	20.5176
189.577454	3.53898
190.045273	7.48075
190.368652	6.01427
191.026581	16.4763
191.334427	16.2726
192.272217	0.942926
192.547882	5.70574
192.994858	50.2522
194.196014	34.3958
194.723190	0.878913
194.933258	0.490556
195.238098	2.84086
195.509338	2.0293
196.317337	53.6873
197.485901	19.8779
197.778580	1.41748
198.088974	5.08025
198.827072	25.1879
199.796173	3.26712
200.145645	10.9692
200.636429	0.700005
201.004700	3.63118
201.764557	0.891037
202.174988	16.5496
203.183350	24.1952
203.641846	1.68042
204.103989	14.2171
204.726746	0.251039
204.935379	0.312436
205.092392	0.0264707
205.581299	7.52622
206.539658	20.4419
207.522263	17.5564
208.472046	7.1519
209.017975	1.35937
209.264908	0.420144
209.548508	0.855549
209.928253	0.706877
210.089783	0.340785
210.433655	0.627964
210.696091	0.394751
210.899704	0.191104
211.286682	0.212627
211.519775	0.270343
211.670578	0.445873
211.906418	0.453083
212.114563	1.74331
212.572037	19.1359
213.710938	6.82882
214.068130	0.687376
214.627579	1.15156
215.054688	2.14717
215.319031	1.0626
215.732742	24.2851
216.959152	10.2216
218.010422	12.0651
218.785645	3.01223
219.158417	0.586674
220.133759	19.5584
220.433685	2.09982
220.844742	50.0506
222.781769	13.6697
223.051895	14.211
224.311188	19.8043
224.672195	30.4099
226.027039	11.8844
226.381805	36.0065
227.339981	23.4905
227.636520	31.4247
228.223846	2.72212
228.790710	28.2035
230.120377	0.120197
230.364700	0.611244
231.237183	35.3169
232.455627	34.298
232.974854	1.05762
233.579025	17.5829
234.216324	27.2397
236.296326	28.1184
237.439941	10.5734
238.665817	60.1638
240.562622	37.967
242.317169	13.2214
242.549042	1.23762
242.805634	1.25584
243.110947	4.07233
243.796295	18.2923
244.985199	17.0918
245.692047	0.579468
245.990677	5.07544
246.321472	12.9207
246.923233	1.22609
247.086090	1.29406
247.468933	2.97173
247.982880	1.86465
248.414368	7.43804
250.516739	19.5231
251.106979	15.5631
251.344360	0.924288
251.572983	6.55432
252.073059	20.6285
253.783401	13.8462
254.108276	7.08927
254.343719	16.0562
255.353058	53.0158
256.375641	67.2094
257.686462	6.72655
257.860107	1.40495
258.382294	12.4042
259.775818	1.76725
260.313782	11.2128
260.775513	0.752376
261.998932	71.7029
263.461182	2.83305
264.037292	6.82258
264.359009	1.08767
264.616455	3.01308
265.106293	21.3708
266.348419	23.65
266.652954	17.5533
267.651398	9.99595
268.551849	16.8071
269.354706	5.29988
269.865875	5.76614
270.119812	16.5049
271.219208	17.4896
272.151764	4.6097
273.065247	1.23265
273.735809	6.23677
274.060913	6.73312
275.220825	0.916286
275.669495	7.02229
276.166870	0.399635
276.775421	13.2378
278.177216	1.03544
278.486267	1.86855
278.889221	2.40578
279.136414	2.87973
280.043640	55.2757
281.590759	15.7796
282.562134	3.95193
283.466705	0.0977172
283.661407	0.056973
283.971222	0.438959
284.611267	0.103192
285.112030	1.68973
285.492188	3.34699
286.046631	4.38428
286.588013	2.87898
287.117279	4.38677
287.508575	7.15525
288.324463	7.44225
289.069733	3.19151
289.540833	3.48154
290.119110	7.07116
290.971802	1.89463
291.383301	3.06661
292.934082	31.1321
294.039032	6.56631
294.569550	0.0955963
295.294067	11.7326
295.687683	3.98096
296.336334	0.683502
297.438385	18.9149
298.771790	6.03424
299.982635	2.1177
300.600739	3.57234
301.112488	1.69007
301.628845	2.08353
302.113770	1.72692
302.589569	1.51973
303.106873	1.38326
303.609924	3.25603
304.414856	2.51345
304.974792	2.25892
306.072052	35.9161
307.038879	1.0933
308.023254	5.17828
309.169128	1.71799
309.464508	4.78184
309.897430	3.59516
310.522949	13.5344
311.925934	24.457
313.258301	24.1741
314.457764	18.7098
316.591309	5.88207
317.110687	7.53996
317.577362	12.2327
318.370544	2.31933
318.915985	20.1537
320.174255	20.0863
320.925293	5.41159
321.485138	3.32125
322.082611	2.02085
322.416687	0.661671
322.699432	0.748228
323.020111	0.705712
323.406982	0.752373
323.814453	1.77767
324.440552	2.05568
324.767792	0.382917
325.090668	1.13157
325.645355	1.11263
326.148926	1.0384
327.265015	7.85143
328.207977	1.65556
328.513519	2.43417
329.717102	1.94862
330.261444	2.36624
331.051941	2.0462
331.566345	0.90904
332.022888	0.542578
332.829407	3.20939
333.435699	0.752408
334.054016	0.903129
334.659668	0.455835
335.037842	0.073498
336.318665	7.13972
336.634338	5.18735
337.343109	0.0780815
337.707733	1.80227
338.305969	3.17255
338.767517	4.77784
339.657257	3.8936
340.227783	1.81692
340.591492	3.20747
341.099274	4.01687
341.633240	6.31801
342.508331	16.2848
342.951294	2.04133
343.596924	3.16069
344.072754	3.86555
345.015503	9.9272
345.514618	2.311
346.354584	2.79981
347.156586	7.65248
348.311462	8.37065
348.967621	1.31847
349.364288	0.67388
349.637115	0.597064
350.051270	3.09193
350.809143	14.8653
353.258911	55.5102
354.772552	0.540505
355.516144	0.543902
356.803864	8.10274
357.289673	10.139
358.227966	0.349436
358.834961	32.5914
360.851227	34.7404
362.126434	3.04231
362.405212	1.21509
363.096710	2.55536
363.622101	1.74114
364.044739	1.34404
364.346558	1.24853
364.869019	5.19327
365.741821	2.67765
366.058350	4.10677
367.439972	8.11084
367.929260	7.05721
369.407745	7.61474
370.365601	0.253262
370.856506	3.45109
371.479431	1.07486
372.067657	2.06585
372.597534	1.70252
373.162689	0.967861
373.653625	0.944063
374.216736	0.123948
374.832184	3.76584
375.979340	2.12157
376.274811	1.54923
376.707001	3.17471
377.158630	14.0085
378.350006	1.6528
379.206543	15.3727
379.847961	3.96452
380.527557	1.20689
380.862152	3.42969
381.458099	1.50861
382.232513	6.59474
382.945709	31.2907
384.661316	11.083
385.757629	63.7387
387.928955	45.9045
388.704254	1.57137
389.322327	4.29832
389.591614	6.09385
390.637634	4.31924
391.019073	1.60149
391.710693	7.78142
393.814728	19.234
394.466858	0.138738
394.664978	2.43774
395.382080	10.5828
395.767731	8.66174
396.804474	8.61763
397.293762	4.61409
397.964478	8.81703
399.337982	1.03241
399.865143	1.11916
401.075287	11.8692
401.826019	2.08201
402.427429	2.04505
402.998871	7.71178
405.094849	21.2052
406.407654	1.74629
406.829346	13.1967
408.428589	45.2762
410.610474	1.53085
411.252197	2.85602
411.870178	6.23157
413.640533	1.29514
414.431732	0.528865
414.785583	0.0808064
415.260132	14.0197
416.480438	8.32373
416.961456	1.32655
417.510620	6.41175
418.969330	4.84041
419.645508	0.224133
420.010284	1.36883
420.262939	2.14152
421.011230	2.53471
421.598907	1.11636
422.256012	0.686209
423.170837	0.441724
423.751373	0.409682
424.203094	0.300934
425.056519	6.86777
427.118958	14.8575
427.668030	7.58084
430.719330	38.7197
432.705353	10.2398
433.657043	0.779884
434.253510	1.85919
434.649384	0.0888573
435.182129	0.760804
435.885162	4.60081
437.520264	2.42164
438.393585	0.516335
438.984772	0.55101
439.628815	0.385706
439.993530	0.769565
440.624420	3.36183
441.234619	0.729212
441.768036	0.781805
443.188385	0.480762
443.965729	3.76388
445.176239	13.8323
445.904785	7.88231
447.273712	1.13561
448.393707	27.38
450.323700	0.260747
451.107391	10.138
451.890442	0.422139
452.337952	2.0548
452.730621	4.34865
453.524109	3.13634
454.181580	3.72769
454.794464	1.64935
455.528442	2.0163
456.129089	4.76784
456.355133	0.107326
456.681244	2.91894
457.444580	1.72277
458.019592	0.644501
458.353485	0.0845638
458.846161	0.992429
459.284760	5.88637
460.777344	0.343653
461.235840	8.59241
462.679413	20.3699
465.992798	41.4386
468.395874	6.71911
468.973328	2.96161
471.309326	6.77491
471.741302	0.398999
472.244568	0.511986
472.724243	5.70639
473.406555	0.774421
474.150543	1.37756
474.685822	0.981113
475.258606	4.01538
475.826813	2.4462
476.428192	1.4703
476.977600	0.34343
477.465240	13.7338
479.966339	6.51155
481.550140	3.47528
482.184204	0.964041
482.581482	1.05094
482.890656	0.751322
483.424561	0.326495
484.148285	0.746506
484.497009	0.414492
484.996460	0.495749
485.938843	2.95468
486.955444	2.8452
487.812500	0.505739
488.343018	1.37667
489.093201	0.488683
489.676941	10.8407
491.016418	13.4329
492.270111	4.04407
492.798615	1.2582
493.725861	1.69398
494.166901	0.186624
494.425995	1.3788
495.676819	0.462783
496.510590	0.427556
496.954010	0.343041
497.347351	0.675843
498.093201	0.871616
498.821136	3.79593
499.512695	0.0813201
499.792084	0.386458
500.640900	14.288
502.074097	2.72131
502.694427	5.84734
503.308960	0.443533
504.125580	1.18017
504.547424	0.226117
505.140808	0.34973
505.475342	4.08838
506.408813	1.38827
506.692108	0.140357
507.156647	0.777791
509.655945	5.7524
510.130310	1.03281
510.929871	3.86361
511.448303	0.279157
511.690552	0.269388
512.264099	0.797732
512.594482	0.836982
512.998779	1.02456
513.473694	2.20145
514.270325	0.236423
514.587402	0.197153
514.822998	1.06741
515.456299	0.279761
515.775879	0.0502843
516.316833	0.310116
516.823181	3.48592
518.455078	7.13533
520.137268	3.4205
521.203674	0.552589
523.343933	0.944319
524.051819	0.210589
524.855286	2.83135
525.633057	0.551992
526.449646	2.09793
527.374451	0.840678
528.886169	10.5622
530.089783	4.31788
530.568604	6.25183
531.362000	0.845304
531.831848	1.4138
532.997742	3.07672
534.995667	0.296292
536.104614	0.885839
536.751709	1.34786
537.111084	0.334993
537.489868	0.738261
537.986633	0.591531
538.735291	0.334581
539.345825	1.74575
540.043274	6.95642
540.689026	1.92946
541.502441	7.71364
544.342102	0.451097
545.428406	0.457354
545.750549	0.0375376
546.375122	6.47737
547.756958	1.57036
548.086365	2.94314
549.004700	0.140118
550.461792	4.18482
550.974487	8.96442
553.428528	2.16875
553.964294	7.97749
555.053528	0.0303233
557.125610	6.58256
557.740234	0.621516
558.125732	0.89488
559.088013	0.0805054
559.886719	1.60493
561.121643	0.303522
561.940613	0.383477
562.457397	5.0432
563.458984	2.55813
563.801331	7.98679
565.259094	0.726581
565.755554	0.233217
566.316895	1.70337
566.809631	6.87927
568.940430	4.82894
571.487366	5.68154
572.200562	17.7733
573.358643	2.58213
573.818787	19.1077
575.969238	0.553788
576.410339	6.91404
578.848145	4.32993
579.609192	2.47104
579.948486	0.482923
580.461182	9.86313
581.250488	6.38498
583.925720	21.8816
585.114319	6.84539
585.671387	7.70482
586.682129	1.02104
587.252808	1.45907
588.160889	0.170205
588.702332	0.235716
588.923950	0.0381933
589.336548	2.59239
590.623291	0.36639
591.315308	2.08142
592.560547	1.00088
594.541931	0.127797
601.141174	8.48544
602.377380	0.770769
603.252014	0.446673
603.875793	0.341965
604.884583	0.133887
607.060852	4.91541
608.396729	0.294747
609.056091	0.265348
609.447998	0.578474
609.947083	0.199785
610.398010	0.251535
610.901978	1.18279
612.135559	0.402508
612.733887	10.4494
614.448059	17.3774
615.800903	5.09549
617.095154	3.56948
618.982727	1.57713
619.479980	1.60891
619.859985	3.57453
620.822144	0.348182
622.538391	7.96948
624.234619	6.01791
624.672302	5.9217
625.564270	0.370917
626.075806	3.1388
626.761536	4.60937
627.498474	3.32057
628.171875	1.97964
628.897278	0.144652
629.446228	4.28982
630.857971	0.110577
631.756287	1.13923
633.119507	11.9129
634.600769	1.2788
636.228394	0.332414
636.697083	0.590764
637.189758	2.98716
638.082947	0.133787
638.622864	3.36214
643.036682	15.4007
644.354126	9.793
645.607788	0.801536
646.269287	1.78398
647.035950	1.31901
648.112122	3.25575
649.337708	6.2667
649.897949	1.45415
651.729919	4.76321
652.707275	10.0517
654.193909	1.85897
654.671082	1.50795
655.255981	7.17102
655.610168	12.4415
657.145020	8.74636
658.962708	2.63293
660.415222	2.22547
661.576538	0.0879581
662.250366	0.373008
662.798096	4.45842
663.606689	3.46931
664.412476	1.88455
665.332520	0.736701
666.449951	2.83363
667.336426	1.15758
667.711975	1.05425
668.110779	5.51853
670.109436	1.18922
670.707092	1.28559
672.723694	26.8263
676.325378	22.4282
677.492615	0.0366965
679.149109	16.9664
680.516968	0.671708
681.275391	1.39863
682.091125	0.114154
682.625183	0.614902
683.656067	1.28999
684.569031	3.23063
685.490845	3.56977
686.178223	7.34499
688.251953	7.83903
688.933228	1.98884
689.623047	1.63197
690.490479	0.435652
691.216064	0.331258
691.865234	0.0505736
692.337524	0.0658306
692.597473	0.0841419
693.335693	1.31593
696.281921	0.0811668
697.108826	0.0117375
697.715942	0.542265
698.341187	0.659679
698.823303	0.104232
699.291687	0.173626
699.890808	0.0683113
700.559204	0.891493
702.091980	0.0985364
703.543457	0.9392
705.103088	1.66818
706.232117	0.366057
706.855164	0.610982
707.748474	0.0735897
708.344849	0.0586776
708.711731	0.0166687
710.205627	0.985133
712.049622	2.77805
713.452332	1.77512
714.112000	0.71013
715.161682	0.446738
717.104736	0.194361
717.703064	0.292556
718.147705	0.216224
719.131226	0.431296
719.777222	0.995034
723.058167	1.65122
723.988342	0.0602412
724.681458	1.64865
725.301636	1.3836
725.769470	0.0966161
726.368713	0.468021
726.958435	0.347788
727.339844	0.0795641
727.566101	0.0133955
728.043579	0.117817
728.489502	0.079633
728.879089	0.154784
730.512146	0.0998484
731.264343	0.375455
732.837463	1.23624
734.454102	0.316219
735.150940	0.304481
735.644836	0.125552
736.264038	0.116273
736.784241	0.100964
737.945862	0.808261
739.996094	0.0699344
740.859436	0.747595
742.654297	0.418617
744.307373	0.0846065
744.815857	0.114334
745.918396	0.0150865
746.427124	0.0623777
751.979736	0.392982
753.685730	0.206112
754.089355	0.0430317
754.518066	0.386284
755.024170	1.05942
757.195923	3.12308
759.097351	0.369449
759.521545	0.170592
760.128906	0.256614
760.609985	0.167509
761.081909	0.119985
761.700012	0.0592458
762.105896	0.0548829
763.495483	0.416604
764.286194	1.10345
764.760254	0.743097
765.302490	0.378904
765.871399	0.232677
766.405090	2.76361
771.527771	4.74407
773.663574	0.160628
775.122620	13.1867
776.330688	1.06347
777.367676	0.347646
778.118835	0.430491
778.955505	0.00607079
780.346130	1.20934
782.807190	0.177172
790.000000	3.41785
792.174927	2.01447
794.970825	7.16765
797.435425	12.3709
799.067200	0.521392
800.141602	0.693106
801.136353	4.6177
802.648682	0.0270275
804.226074	1.4006
805.452942	0.107629
805.919861	0.383999
806.259827	0.219055
807.087402	0.127469
807.385010	1.58433
808.375549	3.08509
809.238525	0.775481
810.223389	1.16958
811.127563	0.384626
812.017151	0.2665
812.993408	0.224898
814.440063	0.802032
815.340515	0.547899
816.329895	0.210709
817.053894	0.103883
819.033997	3.24331
821.806213	0.606095
825.971069	0.316045
826.686462	0.209493
827.158081	0.174984
827.707092	0.0631405
828.298523	0.0629947
832.504944	3.2301
833.867004	1.53827
834.702820	1.25616
835.208801	0.103962
835.685669	0.438906
836.811340	1.48505
837.615417	0.973566
838.173950	0.133358
838.568909	0.321862
839.237427	0.441315
839.944946	0.147495
840.320557	0.173363
841.072083	0.304501
841.733826	0.19219
842.181213	0.115012
842.833984	0.169022
843.489136	2.06599
846.522522	0.0831446
847.048706	0.124765
848.184021	0.022515
848.695740	0.0246743
848.910461	0.0484023
849.252258	0.074636
852.442444	2.76484
854.112793	2.14758
854.711670	0.145827
855.460205	0.353165
855.965942	0.171021
856.538269	0.629623
857.072937	0.468894
857.444641	0.0491427
857.798401	0.13593
858.263123	0.168677
858.811707	0.301618
859.461304	1.65228
861.721069	0.0828932
865.614380	2.96534
868.339539	0.286703
869.332825	0.648571
870.639343	0.733954
871.542175	0.335137
872.267517	0.628545
874.394653	7.64125
876.783752	7.41216
878.752563	1.24327
879.906433	3.59565
881.362305	4.26927
882.065796	1.26883
883.269897	0.937635
883.898438	0.136877
885.297913	0.105774
887.896484	3.45805
890.494202	2.32341
892.527039	1.51288
894.596924	0.339592
895.252747	0.650094
895.573486	1.58358
896.669800	1.39226
897.520691	0.673073
898.805725	1.03369
903.974609	0.580673
904.759705	1.94677
908.289490	1.97267
910.697144	0.157411
911.107178	0.0226389
911.375488	0.0592903
911.947754	0.0305829
912.424866	0.0285785
912.689697	0.0184053
913.199280	0.0621557
914.123230	1.61486
916.332825	0.0802779
916.901184	0.0525762
917.376221	0.0188466
918.124451	0.0174718
918.591675	0.00747362
931.049072	2.88769
933.506042	0.699466
934.480469	0.425572
935.284241	0.0920389
935.603943	0.110454
936.361450	0.105675
936.908691	0.0299236
937.370605	0.0318625
938.078003	0.0384178
939.234863	0.0689009
939.930603	0.0643634
940.497620	0.0280489
941.061096	0.0669909
941.693542	0.0412991
942.766785	1.09509
948.819641	0.0364905
949.259460	0.0272647
949.522644	0.00619002
949.857971	0.0106798
950.533508	0.0223042
950.895203	0.0184426
951.142395	0.0196398
955.348389	0.251828
959.248840	2.45125
962.198608	2.00183
964.373901	1.35664
966.287292	0.0862141
966.796753	0.0557965
967.383179	0.0121488
968.193481	0.110223
968.988892	0.137765
969.523438	0.186427
970.389099	0.098513
970.745300	0.106517
971.515686	0.181069
972.659485	0.0740423
973.521790	0.0266862
982.905762	2.13516
994.086792	0.142476
994.751831	0.0992436
995.228516	0.0144613
996.026001	0.0094205
996.536804	0.00356321
997.406250	0.316604
1003.466919	0.0235629
1004.361877	0.204582
1005.087341	0.168263
1005.662842	0.0349097
1006.287903	0.0705748
1006.919434	0.0615351
1007.466187	0.00531441
1007.825439	0.000636979
1012.343262	2.33488
1017.449036	4.22229
1019.993652	1.1155
1022.170837	0.356103
1024.797119	1.58905
1029.081787	0.241786
1029.940186	0.0877402
1030.478882	0.227632
1031.273438	0.0692933
1031.739868	0.0507025
1032.520020	0.116102
1033.782837	0.365177
1034.946533	0.0528202
1036.079468	0.841743
1036.672485	0.0077024
1038.171631	0.321249
1039.950195	0.170745
1040.677246	0.0867631
1041.179077	0.35476
1042.474487	0.0146651
1043.869629	0.428653
1044.816406	0.348427
1045.325073	0.106789
1045.691650	0.662007
1046.161011	0.057462
1046.625854	0.588836
1047.503052	0.0434693
1047.963989	0.441423
1050.363892	0.184486
1050.870239	0.0839809
1051.235718	0.0887406
1052.678589	0.142178
1053.682739	0.25238
1054.173950	0.0154848
1054.551392	0.0702184
1055.111816	0.0226806
1055.571411	0.0055113
1055.909180	0.00380789
1056.462524	0.01784
1056.968994	0.00916887
1058.748047	1.85958
1066.265381	1.23895
1068.683472	0.0843995
1069.056763	0.110152
1069.862183	0.205924
1070.455200	0.0229923
1070.873169	0.170294
1072.927124	0.0258765
1073.857056	0.901654
1074.824097	0.677615
1075.995972	0.180949
1076.801880	0.117273
1077.472290	0.0283432
1077.964355	0.0437821
1078.447144	0.0454137
1078.819580	0.00248055
1079.239502	0.0277862
1079.898682	0.0596785
1080.498657	0.0396641
1081.080444	0.016881
1081.832153	0.0151211
1082.361450	0.00798716
1082.701904	0.000283354
1087.495605	0.932054
1102.543823	1.8387
1110.800903	0.326718
1112.642578	1.08458
1113.614624	0.971971
1114.689819	0.51862
1115.679932	0.609387
1116.704590	0.406134
1117.644653	0.0378389
1117.916626	0.0306637
1119.485962	0.556102
1122.975830	0.151606
1127.309570	1.25048
1130.478638	1.04154
1133.024780	0.705379
1134.938110	0.0400004
1136.225586	0.014284
1137.462036	0.0580504
1138.211426	0.042959
1138.691162	0.015467
1139.502441	0.0241027
1140.100098	0.0160282
1140.521240	0.00142826
1140.895264	2.04352e-005
1142.203735	0.10392
1144.532349	0.860955
1146.005737	0.591173
1147.073364	0.187164
1148.267090	0.196511
1149.536011	0.746669
1151.983154	0.0674129
1152.899658	0.686627
1153.979248	0.187654
1154.941162	6.99598
1157.180786	6.35766
1158.024902	0.523222
1158.651855	0.311383
1159.385376	0.390733
1160.073242	0.0188072
1160.442627	0.0922157
1160.976440	0.096096
1161.559570	0.036845
1162.358398	0.0299208
1162.860962	0.0155796
1163.236816	0.000519895
1163.615356	2.76847e-005
1164.372559	5.57571e-006
1166.081055	0.0323445
1168.251099	0.0195107
1168.809326	0.289328
1169.736450	0.246503
1170.161743	0.0311961
1170.973022	0.113784
1171.684692	0.0428053
1172.144653	0.0111858
1173.018555	0.00577039
1173.504150	0.0891823
1175.150513	0.545498
1177.288330	0.406154
1178.199707	0.109955
1180.163452	2.71209
1182.879883	2.08127
1185.210449	0.28254
1186.839966	0.0245769
1187.736572	0.0189304
1188.318848	0.0103935
1188.613037	0.000575303
1189.301147	0.000690564
1189.771362	0.0063076
1190.150757	0.00607342
1194.854736	0.0244152
1198.555176	0.0321292
1199.543701	0.0553477
1200.131592	0.0343335
1200.732422	0.0201673
1201.543457	0.0136536
1203.540771	0.883485
1217.955933	0.10383
1219.137451	0.0722126
1219.656128	0.0465308
1220.163086	0.000390625
1221.382080	0.351395
1222.914307	1.60053
1224.199341	0.97695
1225.352783	0.362211
1226.438110	0.218604
1227.524536	0.563581
1237.325073	0.245569
1238.502197	0.0109611
1238.801880	0.000351277
1239.992065	0.00612802
1240.372803	0.0066997
1246.753784	0.142636
1248.940430	0.0318069
1249.964478	0.0539067
1250.563965	0.0349687
1251.189209	0.0181362
1252.006348	0.0145555
1252.526978	0.00772332
1256.115723	1.66904
1275.185913	0.00810906
1276.222900	0.207951
1276.914429	0.148392
1277.534790	0.0168965
1277.977905	0.00442719
1278.439331	0.0183899
1278.983398	0.0206564
1279.473633	0.00129417
1279.860229	1.31201e-005
1283.400635	0.660119
1304.940063	0.00890586
1308.684937	0.508331
1312.842163	1.89588
1315.792725	1.34166
1317.122070	0.0845849
1317.508789	0.119458
1317.790771	0.00220027
1318.357300	0.0517373
1319.095825	0.0435218
1319.429688	0.0456146
1319.698486	0.000996897
1321.308350	0.00025711
1321.801147	4.83892e-006
1322.555908	6.1491e-006
1323.215088	7.00769e-007
1323.562622	0.00063939
1324.084229	0.0244364
1324.622559	0.0200781
1324.933105	0.00140852
1325.167969	8.24879e-005
1325.589722	0.00206706
1326.157227	0.0112193
1326.543945	0.0140679
1326.896606	0.0192416
1327.215454	0.000702769
1327.450195	4.11962e-005
1327.872314	0.00103039
1328.437500	0.00654233
1328.841064	0.00586062
1329.106201	1.56902e-005
1329.334595	4.88885e-006
1342.942871	2.88064e-005
1343.283813	0.000309551
1343.539551	0.000294117
1343.872437	0.000362776
1344.200073	0.216119
1377.337402	0.00347213
1378.361694	0.129086
1379.435913	0.271046
1380.071899	0.182022
1380.730347	0.071695
1381.576660	0.0632684
1382.180420	0.0222812
1382.964478	0.266972
1386.506714	2.93558
1389.174927	1.08105
1389.910400	0.0235618
1390.312134	0.0489025
1391.452881	0.0490436
1391.975708	0.0180587
1393.887817	0.0140123
1395.220093	0.000257092
1395.726685	4.82715e-006
1396.502563	6.1338e-006
1397.320313	1.16579e-006
1403.678101	0.108912
1405.673218	0.0242331
1406.414429	0.052226
1406.914307	0.0553736
1407.473755	0.0154117
1407.914917	0.00680926
1408.524902	0.00416408
1409.029053	0.00627495
1409.505737	0.00133035
1409.923828	2.04204e-005
1464.421753	0.101958
1468.900024	0.0981527
1469.845581	0.0213463
1470.207886	0.00531684
1470.990723	0.000811258
1471.471558	0.0126018
1471.896118	0.0132801
1477.567383	0.15355
1479.603027	0.0296837
1480.302002	0.375982
1481.307983	0.316433
1481.826416	0.102997
1482.810303	0.100935
1483.418701	0.0395633
1484.259277	0.0785124
1485.545654	0.0191882
1486.446167	0.00217279
1488.984741	0.0746907
1496.968750	1.3862
1505.705566	6.05745
1511.040894	3.39777
1513.434204	0.245429
1515.810059	0.478677
1519.053589	0.0960697
1520.649414	0.0414226
1522.508423	0.0989729
1523.218018	0.0422232
1523.790283	0.250721
1524.971924	0.242301
1526.266235	0.0853245
1527.403564	0.0533475
1528.322144	0.00435528
1580.759766	0.00173416
1581.858276	0.0641273
1583.014160	0.107348
1583.695557	0.0694099
1584.394653	0.0364372
1585.314819	0.0293078
1585.906616	0.015536
1586.356567	0.000619732
1586.781372	2.0975e-005
1589.888672	0.114389
1595.138306	0.000332925
1595.710205	0.0119464
1596.292969	0.0102233
1596.670898	0.00240274
1597.393677	0.000916095
1597.982178	0.00677318
1598.430176	0.00616556
1598.747192	6.43628e-005
1599.033569	1.00224e-006
1654.899658	7.93286e-008
1655.264160	4.59997e-008
1656.312744	1.25106e-006
1656.802979	9.79584e-007
1661.732300	0.00890254
1665.963867	0.514367
1670.650024	2.7019
1673.587769	1.00829
1674.328735	0.0172045
1674.796143	0.0680036
1676.305542	0.114911
1677.207031	0.0889255
1677.940674	0.0533775
1678.644775	0.0137141
1679.667358	0.0105046
1680.193604	0.00385798
1680.685303	0.000346543
1681.100098	7.92692e-007
1681.613037	4.57799e-006
1682.732788	0.00250455
1685.075195	0.0923836
1687.484009	0.226286
1688.787842	0.151013
1690.087769	0.0648669
1690.707153	0.0024817
1691.410767	0.0177337
1692.441895	0.00219019
1693.349731	6.94342e-005
1693.869751	3.17194e-007
1716.648926	0.0466566
1718.093018	0.310306
1718.965332	0.214488
1719.619507	0.0744881
1720.609131	0.0698402
1721.348877	0.0779989
1722.538940	0.0840124
1723.827515	0.109958
1724.535034	0.0683054
1725.258789	0.03956
1726.229004	0.0276179
1726.835938	0.0159275
1728.429565	0.456966
1747.498169	0.000318277
1748.089844	0.0118674
1748.699951	0.0103029
1749.095459	0.00246899
1749.876221	0.000710835
1750.473022	0.00650413
1750.938843	0.00647819
1754.529541	0.0207038
1755.587646	0.0968056
1756.824707	0.158495
1757.542603	0.105192
1758.286743	0.0515504
1759.250122	0.0456417
1759.931519	0.0244387
1761.523804	0.0123082
1762.435791	0.0955678
1763.672729	0.158112
1764.391846	0.10531
1765.137939	0.0514317
1766.102417	0.0455206
1766.675171	0.0173884
1767.127686	0.0128454
1767.522461	0.00294021
1768.415649	0.000226868
1768.913330	0.00653206
1769.375854	0.00687718
1779.362061	0.188251
1784.609375	0.0177371
1785.869141	0.360254
1786.752930	0.258918
1787.417480	0.0266142
1787.951782	0.00812815
1788.487915	0.037991
1789.209839	0.039522
1789.725220	0.00304476
1790.139160	7.40216e-007
1795.319702	0.0133561
1799.720093	0.745704
1804.542847	3.80173
1807.157593	0.76739
1807.724609	0.0557229
1808.505981	0.385233
1809.977905	0.388183
1811.054321	0.0315754
1812.985107	0.0292472
1814.460205	0.000368274
1815.499878	0.00946759
1816.931274	0.00946423
1817.527588	0.0676275
1818.294312	0.0853691
1818.898071	0.025474
1819.421143	0.00508124
1819.923340	0.0508404
1820.633179	0.0790585
1823.851685	2.00442
1827.295776	1.47601
1830.125977	0.344903
1832.325195	0.0140065
1833.856079	0.000255271
1834.435669	4.8034e-006
1835.328735	6.11491e-006
1836.268799	1.14948e-006
1863.201050	0.00437868
1863.967896	0.0193161
1864.447510	0.017057
1864.786743	0.000174216
1865.095581	6.22448e-005
1865.699951	0.00388203
1866.327515	0.00512131
1866.742432	0.00494852
1872.700684	0.0131374
1873.469604	0.0579476
1873.950317	0.0511704
1874.290527	0.000522911
1874.600098	0.000186401
1875.206055	0.011646
1875.835327	0.0153635
1876.251343	0.0148451
1876.843994	3.66317e-008
1898.944336	0.00890257
1903.471436	0.496247
1908.527710	1.50401
1910.790527	0.0604599
1911.892334	0.899274
1913.096802	0.0205752
1914.995850	0.18926
1917.158325	0.0139884
1918.724731	0.000255271
1919.317749	4.8034e-006
1920.231567	6.11491e-006
1921.193359	1.14948e-006
1926.418823	0.720746
1928.222534	7.52431
1930.617554	2.7929
1931.796631	3.00558
1933.248779	1.34981
1934.587402	0.497688
1936.046265	0.840109
1937.727051	0.00503762
1939.051270	0.0822601
1941.093384	0.223584
1969.436890	0.819778
1972.849487	0.159196
1973.519043	1.65818
1974.590576	1.23465
1975.390015	0.206016
1976.355713	0.457337
1977.236206	0.289389
1977.741943	0.00536824
1978.375366	0.00809343
1985.685059	0.458084
1993.561890	0.223365
1995.141235	1.48812
1999.157593	0.857823
2000.043213	0.00131561
2007.882568	1.44171e-007
2008.267822	0.021697
2009.064453	0.0957078
2009.562256	0.0858687
2009.939331	0.0663001
2011.539917	0.0234534
2012.412842	0.589075
2014.210693	0.515554
2015.620850	0.180399
2017.106567	0.161354
2019.769531	0.319344
2022.456665	0.18882
2024.540894	0.551243
2025.223999	0.994591
2026.208008	1.35989
2027.894653	0.583311
2029.088013	0.359676
2030.113647	0.0156607
2031.862183	0.00252166
2033.026001	1.58712e-005
2033.704712	2.99988e-006
2034.761475	1.24797e-006
2051.142090	0.0310915
2054.320801	0.0337059
2055.415039	0.111107
2056.584473	0.441946
2057.413574	0.413589
2058.389404	0.0484942
2059.257324	0.117915
2059.988525	0.071965
2060.331055	0.00861955
2061.494141	0.00655246
2062.509277	0.00045247
2063.335205	8.37642e-006
2063.940186	6.77611e-007
2069.947266	4.54347e-006
2074.655273	0.630753
2082.029053	0.0439764
2082.669434	0.0399803
2083.101807	0.0091058
2083.437988	0.000202033
2083.909668	0.00452886
2084.599121	0.0266716
2085.114014	0.0227211
2085.613525	0.0787621
2095.871582	0.0175199
2097.334473	0.0594164
2098.237793	0.0878621
2098.907959	0.103857
2099.530762	0.0228315
2100.086182	0.0195405
2100.791260	0.0295321
2101.457031	0.0301695
2102.041260	0.00284384
2132.060791	2.94956
2142.179932	0.019902
2142.696777	0.0166834
2143.067383	0.00176306
2149.108398	0.90589
2165.978027	0.0923366
2168.419434	0.0609465
2169.027344	0.0559358
2169.580322	0.0946447
2170.107178	0.307322
2171.628906	0.0262969
2172.083252	0.0238255
2173.085938	0.0414268
2174.246582	0.00205069
2175.345947	0.00122358
2176.258789	0.0236458
2176.940186	0.0206473
2177.382080	0.00495103
2178.253174	0.00146999
2178.920166	0.0131323
2179.441406	0.0127752
2208.095703	2.85405
2221.376709	0.146486
2245.014893	0.0072037
2254.450684	1.81897
2260.516602	0.13981
2261.607178	0.380806
2262.391357	0.921709
2264.880127	0.88434
2265.645996	0.494876
2267.512939	0.0551578
2268.274658	0.115779
2272.410156	1.29923
2277.743652	0.430905
2280.208008	0.0589565
2281.027100	0.0430983
2281.863770	0.0189455
2282.970215	0.0146053
2283.615479	0.00183898
2284.401855	0.0545181
2285.466064	0.0429449
2286.151611	0.0153676
2287.303711	0.0238351
2288.155518	0.0158381
2288.757324	0.00148662
2289.287842	4.08805e-005
2289.707764	4.45127e-007
2295.440918	7.8044e-006
2297.841797	0.425514
2304.000488	0.0448276
2319.323975	1.30993
2321.743408	0.34577
2323.500488	0.144034
2324.520508	0.0571172
2325.564941	0.826142
2334.927490	0.143326
2337.032715	0.399416
2338.569580	0.242199
2339.958740	1.04403
2343.877441	0.0333417
2344.863770	0.187943
2345.807129	0.209661
2347.756348	0.429541
2348.817139	3.05588
2354.178955	16.6701
2360.076660	0.327474
2364.303711	1.15905
2372.137939	0.900432
2379.989258	3.01513
2390.920166	0.450268
2392.868652	1.55315
2393.749023	1.14378
2398.977539	1.77942
2404.104980	1.41237
2409.214355	0.491241
2410.601318	0.119914
2411.315430	0.538455
2412.710693	0.122767
2413.259766	0.0722904
2414.477051	0.227413
2416.324707	0.477659
2422.959229	0.0377986
2423.517578	0.0318702
2423.939453	0.0350264
2425.663330	0.00392757
2426.397217	0.147054
2430.920166	0.0616453
2432.085693	0.0401306
2432.789307	0.0138392
2433.973877	0.0242234
2434.861084	0.0152417
2438.258545	0.705929
2455.187500	2.46052
2458.575928	0.157638
2459.471436	0.940758
2460.501709	0.928523
2461.497314	0.025122
2462.482666	0.208734
2463.476074	0.1363
2465.193604	0.265752
2466.298584	0.134379
2467.154541	0.583101
2468.462402	0.155318
2469.864014	0.3398
2470.660645	0.578055
2471.434326	0.118432
2472.682861	0.144318
2473.513184	0.140115
2474.361572	0.188466
2481.886230	0.0406459
2486.600098	1.68895
2491.536865	0.539506
2492.609131	4.22995
2496.093994	3.38671
2497.465088	0.108238
2497.994385	0.00662601
2499.478271	0.387489
2500.419922	0.00162991
2501.998779	0.0341425
2504.967041	0.25373
2508.858154	2.85416
2511.264893	1.88023
2512.851563	0.682974
2514.522461	0.687301
2515.519287	0.00381045
2516.361084	0.11808
2522.014893	0.188102
2524.223145	0.807049
2525.655762	0.243256
2526.096191	0.137703
2527.471680	0.353569
2528.747314	0.801347
2529.870605	0.747266
2530.794922	0.178084
2531.859619	0.159318
2532.838135	0.838834
2537.895996	0.187701
2540.193604	0.245578
2541.285400	0.208121
2542.905518	1.2458
2546.574707	0.755558
2547.575439	0.0934574
2548.309570	0.0123932
2549.610352	0.0429191
2551.211426	2.09273
2556.676270	0.0190945
2557.265381	0.198782
2558.776123	0.624344
2563.541260	2.1348
2566.691650	1.47255
2567.537842	0.292816
2568.491699	0.194652
2569.613281	0.218935
2570.503906	0.126945
2571.435303	0.0121013
2574.292236	2.2174
2575.934082	1.3017
2577.250244	21.9096
2590.397705	17.2839
2593.343750	0.0684524
2594.058105	0.0506884
2595.490723	0.0307956
2596.185791	0.0179692
2597.386475	0.621839
2602.323730	0.0701622
2604.393555	0.310669
2605.576660	0.298265
2606.877930	0.0254939
2607.514893	0.031236
2608.880859	0.0598449
2613.209717	0.128527
2616.943115	0.535702
2617.675781	0.0371639
2619.973877	0.26482
2621.495850	0.0656325
2621.843994	0.0261526
2623.375488	0.0567577
2624.116211	0.00199853
2624.903809	0.0192536
2626.243652	0.01649
2629.594238	0.0647985
2630.950928	0.0407178
2631.327148	0.0927737
2631.932373	0.133312
2632.810303	0.0264949
2633.665527	0.00173802
2634.136963	0.0116225
2635.391357	0.288416
2642.743164	0.0206782
2643.931152	0.10449
2644.939697	0.049074
2645.783936	0.0705317
2646.457031	0.0692193
2647.458740	0.123737
2648.118408	0.0182638
2649.446777	0.101266
2650.330078	0.0275141
2650.889648	0.00509662
2651.412354	0.0224442
2652.107666	0.0135476
2652.606201	0.0045719
2653.084473	0.04149
2653.720947	0.0266004
2654.233398	0.0208493
2654.875488	0.0209957
2655.932373	0.0182566
2656.508301	0.0172469
2658.941895	2.89114
2665.542969	0.820777
2667.474609	2.94073
2672.832764	0.567217
2677.654297	0.71645
2682.618652	0.0420338
2684.567627	0.460691
2687.428711	0.962607
2689.466064	1.33525
2691.102539	0.381822
2693.798340	1.57488
2697.033447	0.0418728
2699.470459	0.11208
2700.605469	0.139771
2702.638428	0.293981
2703.564697	0.202208
2705.767090	0.382206
2707.218750	1.80239
2710.834961	1.6775
2713.485840	3.05182
2714.634277	0.989798
2716.836182	0.502097
2721.326904	1.70325
2727.659912	0.617574
2728.762939	0.137219
2730.129883	0.259667
2731.050293	0.123309
2731.996338	0.0542173
2733.505859	0.661783
2734.347168	0.427079
2735.191406	0.467601
2736.458496	0.170688
2738.542969	2.29825
2741.933105	0.401122
2744.628418	0.0210199
2746.507080	0.000383236
2747.224121	7.42483e-006
2748.310059	9.4579e-006
2749.422119	1.23472e-006
2762.473633	0.0114111
2764.201416	0.0190971
2764.786377	0.0171879
2765.200684	0.000174122
2765.612305	0.000227372
2766.369873	0.00399647
2767.077393	0.00194756
2767.578857	0.00296336
2771.067627	0.573824
2776.187256	0.546536
2778.477783	0.0988971
2779.358643	0.10674
2780.188232	0.0595616
2781.468018	0.0210599
2785.310547	0.4457
2788.830078	0.0571396
2791.641602	0.0988347
2792.388672	0.0780475
2793.404297	0.225547
2794.720703	0.0173169
2795.329102	0.025125
2796.658691	0.0119828
2810.058594	1.75443
2812.952148	0.700202
2814.726563	0.487464
2816.391357	0.176709
2817.563965	0.0197916
2820.552734	7.49391
2844.330322	8.26218
2847.434570	0.107198
2849.040039	1.64849
2851.510742	1.06447
2852.887939	0.467946
2855.492432	1.35096
2864.871338	1.80316
2874.202148	3.36083
2884.015381	0.772785
2886.352539	0.573901
2887.630371	0.749517
2888.374512	0.50514
2889.204346	1.07985
2890.572998	0.116312
2891.199951	0.0356562
2893.484863	3.56514
2896.019775	2.52262
2897.652588	0.664375
2899.322266	0.554338
2903.982666	1.03944
2905.289795	0.0576326
2906.563232	0.0424851
2907.485107	1.39763
2909.691162	1.52796
2911.456543	0.693635
2913.278076	0.730719
2915.484375	0.0663427
2916.750000	0.0450883
2917.648682	0.0255214
2918.862061	0.0190953
2919.817383	0.016728
2928.344482	0.407661
2930.546143	0.108499
2931.741211	0.0885996
2932.522949	0.0332268
2933.830566	0.0434378
2934.794678	0.0310651
2935.926758	0.255231
2937.205566	0.0978608
2938.610107	0.736763
2940.450684	0.433126
2942.202881	0.254928
2943.861572	0.08632
2945.338623	0.0749145
2949.359131	0.0206877
2949.971436	0.01632
2950.407959	0.00168468
2951.614014	0.00336224
2952.344971	0.005179
2952.869873	0.00500815
2959.075928	1.09683
2963.355713	0.0122254
2965.616699	1.11849
2968.672607	0.563505
2969.930664	0.541738
2971.305908	2.31175
2975.620850	4.53116
2978.967529	2.54319
2980.729248	0.187374
2982.617676	1.09191
2987.170410	1.51602
2989.079102	0.0462868
2991.186035	0.826077
2994.318359	0.0591986
3004.061279	0.40167
3004.834473	0.0733503
3007.027832	0.131907
3008.643311	0.0877541
3010.525391	0.0488675
3012.895264	0.341381
3015.881104	0.0505269
3017.875000	1.39808
3021.143311	0.990173
3022.318848	0.0882369
3022.975342	0.261675
3024.697998	0.159423
3025.241699	0.128287
3026.670410	0.141582
3027.388428	0.013577
3028.241211	0.137512
3029.111816	0.0800191
3029.829346	0.0438852
3030.378174	0.0243327
3031.423096	0.0444165
3032.246826	0.0234167
3032.876465	0.000989193
3035.578125	0.133092
3041.394287	0.0115076
3042.142334	0.00797142
3043.113525	0.414753
3046.291260	0.1226
3047.520508	0.0895864
3048.308838	0.0610007
3049.626221	0.0869147
3050.613525	0.0540199
3051.695313	0.030631
3056.781738	0.0251863
3058.140625	0.0655146
3059.046875	0.0566301
3060.020020	0.0384475
3062.576416	3.72708
3071.218750	0.598116
3073.720703	0.388327
3075.582275	0.161774
3077.292236	0.217345
3083.306885	0.842965
3087.791748	1.89659
3089.630371	0.288184
3090.608398	1.28624
3091.864014	7.65285
3095.256592	2.4504
3097.065186	2.66966
3098.298584	1.01674
3100.682129	0.395381
3101.323730	1.89508
3104.331299	6.42937
3117.666992	1.81511
3134.723145	6.81446
3141.468750	1.45925
3144.012695	1.13961
3145.703125	0.25846
3146.680420	0.122712
3147.620605	0.273749
3148.727539	0.0292773
3149.898926	0.0808345
3150.769043	0.0374979
3153.248291	3.70913
3166.996582	9.51638
3181.313721	1.05621
3182.599609	0.14127
3183.500000	0.0553584
3185.904785	0.745672
3187.150635	0.529381
3188.131104	0.727151
3188.708984	0.232021
3190.476318	7.0975
3196.715820	3.39805
3202.283936	4.8918
3205.712402	2.39696
3206.424561	0.429181
3207.735840	0.215224
3208.654541	1.09639
3210.389160	4.95596
3211.967773	2.64903
3214.766113	1.3616
3216.595947	0.674418
3218.073486	0.300857
3219.096436	0.25934
3220.136475	0.270292
3222.423828	0.0483793
3223.419434	0.097102
3224.290039	0.181718
3226.378174	0.485561
3227.736084	0.0879153
3230.393066	2.2306
3236.728760	3.12959
3247.490234	6.25674
3255.940186	0.019988
3258.669189	0.281688
3260.051758	0.178845
3260.764160	0.0612856
3262.323975	0.205767
3269.049316	4.67217
3273.828369	0.207162
3275.137939	0.578272
3276.315430	0.98197
3278.539063	0.152809
3280.907959	9.71602
3285.822998	19.7478
3288.052490	1.92105
3291.629883	2.19536
3292.662598	3.88361
3293.282715	4.80683
3294.831787	0.723671
3296.578613	3.56673
3298.119385	0.0559898
3298.909668	0.117153
3300.607178	2.18444
3302.311035	0.663959
3304.237549	0.63197
3305.698730	1.23841
3313.632324	29.3265
3315.265137	11.4805
3318.393311	21.9624
3321.432129	3.74887
3326.626709	2.61828
3331.129883	13.287
3333.238525	2.56109
3334.439941	0.702156
3335.631836	13.1999
3341.809570	21.7365
3346.229004	16.543
3349.707275	2.51162
3352.466064	24.1118
3360.535400	50.3042
3361.711670	32.0121
3364.765869	0.660619
3365.757813	3.12579
3368.935303	9.79842
3374.249023	3.96686
3376.986572	1.42676
3378.572021	0.908168
3380.417480	3.70271
3387.805420	0.719538
3389.773926	0.299151
3391.758545	0.160989
3393.343994	1.36908
3403.768066	1.33324
3407.508301	1.63429
3408.876709	0.153752
3411.175049	1.08835
3413.417236	0.190529
3414.634033	0.33192
3419.641357	2.78256
3423.570068	1.20569
3426.177002	2.49759
3429.132324	5.08554
3432.352295	0.719946
3433.341553	0.692369
3434.260742	0.716049
3435.651855	0.144522
3437.262939	4.81189
3440.259277	4.7328
3442.169189	0.434375
3444.789307	4.39575
3448.948242	0.62323
3456.312256	0.819765
3458.868896	0.0903787
3460.266602	0.689995
3465.872070	1.58175
3468.379395	0.609062
3469.854492	0.796677
3475.885742	1.61083
3477.029785	0.552992
3479.304199	0.298304
3480.344482	0.429668
3481.304443	0.0588257
3481.951660	0.0311459
3482.729248	0.381818
3483.942383	0.184155
3485.406982	0.131623
3486.297119	0.17411
3487.545166	0.298934
3489.824707	0.304132
3490.904541	0.452551
3494.192627	0.472728
3495.230225	0.781007
3496.143311	2.56613
3500.055908	12.186
3506.352539	16.4689
3510.151123	0.475184
3512.435791	0.382672
3517.416748	0.312197
3524.901611	0.0703039
3528.937500	0.121356
3530.595459	0.224398
3531.730713	0.119177
3532.290527	0.123524
3533.406494	0.182312
3534.129639	0.0484247
3535.250244	0.178564
3536.354736	0.388832
3537.451660	0.947682
3538.324707	0.0487552
3539.533203	0.429544
3540.959961	0.230923
3541.595947	0.0456437
3542.874023	0.025086
3546.236084	0.164965
3548.099365	1.64481
3551.571289	2.0387
3553.364014	0.437209
3555.562988	0.85814
3557.207520	0.0820476
3559.256104	0.064395
3560.703125	0.0369968
3561.870605	0.0684089
3562.495117	0.166756
3564.794189	0.333035
3566.556396	0.334191
3568.175781	0.591916
3569.268555	0.821804
3570.648193	0.0572149
3571.606689	0.21105
3572.681641	0.286852
3574.168213	0.291117
3576.274902	2.15068
3578.056885	0.239637
3578.619629	0.0440435
3579.888184	0.0911541
3580.488770	0.165448
3582.375977	0.336452
3583.883057	0.204831
3584.875732	0.0858803
3586.343262	1.55775
3589.046631	1.66766
3590.591309	0.26243
3593.197266	1.30892
3597.236572	0.649808
3599.950928	0.169091
3601.804932	0.12146
3602.414551	0.0684221
3604.230713	0.348648
3606.209473	0.751024
3607.422363	2.85786
3611.385986	5.16177
3615.231689	1.71599
3616.990967	1.91029
3618.744141	0.600849
3620.769287	0.167907
3622.628662	3.52986
3627.081299	1.9809
3628.158936	1.65325
3631.107178	7.18295
3636.510742	2.58586
3637.800049	1.31136
3638.596680	0.535769
3639.710205	0.94778
3641.063477	0.654097
3643.489990	0.394638
3645.071045	0.726659
3649.194824	1.38636
3654.187256	0.0628572
3655.525391	0.185844
3656.547607	0.384707
3657.607178	0.777631
3658.965332	0.479272
3660.043945	2.98803
3666.662354	1.54607
3669.616211	3.565
3675.151855	0.910559
3676.065430	0.0357396
3677.314941	0.323455
3678.410645	0.272023
3679.446533	0.441499
3680.278320	0.118165
3680.986816	0.0371849
3681.839844	0.158943
3682.849854	0.101909
3683.607422	0.0279493
3684.887939	0.00913875
3686.281250	0.0758506
3691.957275	0.0152172
3695.534424	0.142494
3696.507568	0.882734
3698.242920	1.16867
3700.505859	0.663228
3702.331299	4.05983
3723.128906	13.8356
3736.893311	1.73241
3741.489990	10.8188
3749.004639	14.7621
3757.899170	15.5157
3759.340332	6.39463
3763.140625	1.43455
3764.997803	2.31205
3766.569092	0.165689
3767.421387	0.483298
3770.138184	2.20387
3772.031006	1.67078
3774.048584	1.70056
3776.822510	33.2654
3791.798828	5.76893
3793.174561	1.48424
3793.894775	0.179755
3795.431885	1.97868
3797.070313	6.96045
3800.750244	1.02092
3802.585449	0.932712
3804.611328	0.555506
3806.085205	0.026279
3809.896729	1.82042
3813.889648	0.587732
3815.154297	0.214864
3815.796631	0.136295
3817.276611	0.0573302
3818.105957	0.0647391
3819.294434	0.0588865
3820.603516	0.0491644
3821.710693	0.0493605
3822.402344	0.00301407
3823.075928	0.0104573
3823.872070	0.0177127
3827.849121	0.488436
3829.266602	2.47997
3834.472900	3.47668
3838.091553	1.1882
3839.376465	0.990638
3841.466553	0.196325
3842.487549	0.0471232
3845.939453	1.41918
3849.568115	0.0755303
3851.210938	1.65064
3856.745850	0.456759
3858.145020	0.517433
3859.277832	0.146765
3860.452881	0.206828
3861.847168	0.202802
3862.735107	0.00581759
3863.840088	0.400928
3865.160645	0.495785
3866.133301	0.0586793
3867.484375	0.160483
3868.639160	0.231689
3869.872314	0.28268
3872.430176	1.10419
3873.463623	1.77051
3877.867676	2.32467
3880.475586	0.903259
3882.514160	0.908019
3884.520752	0.297744
3886.818848	1.38939
3890.497314	0.231541
3891.711670	0.132911
3892.838623	0.0358539
3894.214355	0.0792361
3895.539551	0.0469076
3900.068848	2.15563
3902.242188	3.54748
3904.197021	4.31949
3906.140869	1.90859
3907.896973	0.965995
3909.563965	0.755041
3910.857910	0.436494
3911.992920	0.20833
3913.417725	0.341561
3915.026367	2.57666
3918.816406	2.98214
3920.028564	1.49522
3922.331787	1.48569
3923.082275	0.453356
3924.229980	0.533303
3926.665039	0.529682
3927.811035	0.076343
3930.016846	0.443881
3932.032959	0.866657
3933.915039	0.764941
3934.925049	2.01994
3939.993652	3.98867
3945.712402	0.540928
3948.902100	3.57378
3951.694092	0.367963
3953.220703	0.0815149
3954.157227	0.0921478
3957.368164	14.266
3962.827393	8.40606
3965.938965	0.914673
3970.459473	0.528647
3972.525635	0.282511
3973.518311	0.625851
3975.259277	3.41757
3977.225098	0.328811
3978.447021	0.0922049
3980.091064	4.94842
3987.085693	2.71001
3991.789063	9.003
3994.612793	15.7898
4004.583496	1.02522
4007.686279	0.489352
4012.163574	2.43381
4014.062744	3.14869
4015.913574	2.45097
4017.098633	0.362345
4018.219727	0.938944
4019.708740	0.608285
4023.239258	1.26788
4025.217773	0.406484
4027.304688	0.405363
4032.830078	2.33144
4039.670166	0.395266
4044.978027	0.362688
4054.141846	5.55696
4058.630371	0.0268905
4060.297607	0.463459
4061.763916	2.58332
4063.838623	2.05585
4065.895752	0.867635
4068.041504	0.483771
4070.329590	0.248418
4071.599121	0.73772
4075.572998	0.0394936
4077.137207	0.182029
4078.750732	0.302838
4079.898682	0.232692
4081.045166	0.104092
4082.451172	0.0822489
4083.680176	0.920368
4090.795166	2.05836
4097.014160	1.62526
4099.372559	1.35539
4100.942871	1.89157
4108.895996	8.23908
4110.375488	0.273015
4111.335938	2.80687
4115.566406	0.219133
4122.259766	20.0065
4130.610840	4.5094
4132.508789	19.995
4139.972168	8.08629
4141.108887	0.357072
4141.861328	0.0133524
4143.082031	8.81417
4148.654785	4.72501
4150.604004	3.8569
4152.358887	5.25427
4158.470215	2.30975
4159.616211	2.07988
4161.931152	0.163789
4163.293945	0.335333
4166.645020	2.29966
4168.522461	1.15512
4169.842285	0.048621
4172.036621	3.80538
4175.474609	1.02557
4177.129395	0.197837
4179.667480	0.485272
4183.708008	1.71538
4188.554688	0.248854
4189.973633	0.497927
4192.096191	11.5816
4199.085938	10.1801
4204.739258	0.851988
4207.815918	0.434206
4209.333008	0.702379
4214.151367	7.22744
4218.187988	0.436599
4221.592285	12.1276
4226.926758	9.4981
4231.834961	7.47298
4236.182617	4.8316
4241.373535	5.32316
4243.908203	1.69542
4246.297852	0.519557
4248.103027	0.343442
4251.683594	0.440322
4255.726563	3.55069
4261.850586	3.74923
4265.489746	0.781881
4267.599121	0.568141
4269.554688	0.33756
4271.906250	0.181914
4273.754395	0.0795955
4275.647461	0.116315
4276.804199	0.0540962
4277.812012	0.0817279
4281.709961	9.11724
4287.651855	2.36938
4289.725586	1.48838
4292.568848	2.97045
4294.985352	0.85563
4297.463379	0.737621
4301.030273	3.3625
4303.294434	1.56891
4303.913574	0.152913
4305.244629	6.38206
4308.634277	3.37341
4310.180664	8.40906
4311.799805	8.00243
4313.915039	3.49063
4320.247070	7.695
4321.871582	9.92886
4325.910645	7.00875
4327.508789	1.85409
4330.216309	1.6859
4332.616699	2.03514
4335.483887	0.469382
4336.252441	1.6836
4338.478516	1.39726
4340.445801	1.07096
4342.632813	0.41941
4343.983887	0.370079
4347.042969	0.0904468
4348.479492	0.0632087
4349.438965	0.0397832
4351.250000	0.0487098
4352.279297	0.0490121
4353.631836	1.05833
4355.255859	0.937797
4356.275391	0.236629
4357.915039	0.24967
4359.365234	3.07022
4366.522461	6.91465
4368.644531	0.759086
4370.399902	0.77124
4371.158203	0.755169
4373.316406	1.86121
4375.448730	4.50439
4377.742676	0.801949
4379.968262	1.28243
4382.689941	1.74063
4385.572266	0.57643
4386.600098	0.77832
4388.479980	0.964453
4390.562988	6.54574
4395.288086	5.6916
4399.760742	2.19122
4408.453125	1.92384
4410.894043	1.10256
4412.312012	0.226318
4413.269531	4.63116
4421.969727	7.89487
4426.801758	0.0548699
4428.206543	0.0935204
4429.232422	1.18575
4430.928711	1.87521
4432.982422	11.4487
4436.915527	0.896379
4439.030273	5.27427
4441.138184	0.297606
4443.099609	1.28699
4447.025879	2.3796
4450.596680	0.570783
4452.108398	0.243025
4455.334473	0.444538
4457.053223	0.120157
4458.194824	0.230454
4459.265625	0.30747
4460.650879	0.261356
4461.638672	0.0796949
4463.153320	0.116789
4464.475586	0.0585355
4466.465332	0.268817
4468.017090	0.19819
4468.666016	0.0996235
4470.367676	0.636234
4472.040527	0.401113
4473.083984	0.124984
4474.250977	0.558972
4477.150391	5.44577
4479.346680	4.2049
4481.354004	2.28213
4484.299805	2.85932
4486.050293	0.682452
4487.400391	0.124428
4488.818359	1.54454
4491.440918	1.03403
4493.401367	0.268526
4495.712402	0.161145
4497.627930	0.375736
4499.195801	0.334506
4500.455566	0.0925425
4501.786133	0.117862
4503.195801	0.145713
4506.978516	1.18581
4511.152344	0.0517019
4512.093750	0.154154
4513.317383	0.10137
4514.925293	0.138425
4518.066895	1.53883
4520.230469	0.58137
4522.532227	0.529638
4524.030273	0.552359
4525.235840	1.47496
4528.871094	9.35567
4532.661621	0.672134
4536.848633	0.221949
4544.573730	1.40725
4551.569824	6.48233
4556.646484	3.95381
4558.376953	0.099339
4561.279785	1.08832
4562.428223	2.25429
4567.555664	4.08847
4572.231445	3.06112
4577.038574	4.077
4580.328125	0.0664755
4585.683594	2.1607
4587.876953	1.08968
4589.481934	1.63281
4590.553711	0.0939998
4591.947266	0.757994
4593.462891	0.295828
4594.093750	0.0931124
4595.914063	0.254234
4600.036133	2.11094
4603.083984	2.67051
4605.215332	0.531416
4607.993652	2.0589
4609.875488	0.191094
4611.486816	0.421136
4617.985352	1.58488
4619.709473	0.253501
4620.986328	0.0547151
4623.938477	0.314387
4625.136230	0.160571
4629.777344	0.20812
4632.241699	1.11041
4635.801270	1.18758
4637.508301	0.508023
4639.787598	0.306259
4641.698242	0.0117743
4643.550293	3.98464
4648.119629	0.762104
4648.958008	0.0604046
4650.339355	0.295703
4652.480469	0.139257
4654.366699	0.0222402
4662.051270	0.648072
4663.724121	0.109902
4664.507324	0.0327266
4666.476563	0.104839
4668.295410	1.92769
4675.125000	6.63112
4677.354980	0.119076
4679.018066	5.61315
4682.878418	1.34255
4686.204102	20.4311
4692.603027	19.0695
4697.785156	5.38555
4701.513672	1.65418
4705.872070	10.6913
4708.648926	1.63241
4709.713379	0.23005
4710.955566	1.21154
4712.685059	0.307616
4713.547363	0.175459
4716.251465	0.123021
4718.166992	1.0477
4718.908203	0.0282263
4720.059082	0.0558472
4720.851563	0.061891
4722.753418	2.7947
4730.356934	6.65428
4736.299316	3.78521
4739.085938	0.293678
4740.910156	0.263572
4742.869629	0.0931495
4744.037109	0.0625817
4745.094727	0.0548458
4746.793945	0.0352184
4748.195313	0.554397
4750.026855	0.462606
4750.991699	0.173198
4752.646484	0.237672
4753.875488	0.0698397
4757.453125	7.12311
4765.190430	11.1834
4770.259766	5.78121
4771.842773	3.09052
4774.872559	0.0484798
4776.620117	0.75307
4780.785645	1.32379
4782.799805	2.82905
4785.072754	4.07944
4786.479980	15.4743
4792.180176	12.632
4795.255859	1.99033
4797.155273	1.43092
4799.232422	0.522104
4804.245117	8.82585
4808.731934	5.60776
4810.924316	0.5498
4813.210449	3.07877
4816.968262	2.26444
4818.418945	2.26091
4821.059082	0.0238085
4823.436035	3.74102
4830.841309	6.55646
4833.717285	0.780862
4834.726563	0.135317
4836.280762	0.109835
4839.132324	13.9215
4844.750977	11.1081
4847.633301	0.867562
4849.034180	0.573323
4850.259277	0.289037
4851.450684	0.311943
4852.647949	0.214659
4854.598145	1.30768
4857.083984	9.94683
4861.618164	10.2479
4863.511230	1.73153
4866.169434	1.91807
4867.726563	0.748315
4869.528320	1.11937
4875.291016	0.111292
4877.190918	0.361427
4878.539063	0.273834
4879.951172	0.0974947
4881.383789	0.117923
4882.441406	0.0771363
4884.325195	1.33998
4887.065430	1.85905
4889.284180	0.947142
4891.928711	1.05218
4893.365234	0.0310819
4894.427246	0.086871
4896.049316	0.0658589
4897.302246	0.0869317
4898.451660	0.0449124
4899.938965	0.0644932
4901.192383	0.0399295
4904.706543	1.06193
4906.208496	1.26162
4907.357422	0.456878
4908.778320	0.537263
4910.105957	0.647567
4911.837402	0.590524
4913.160156	2.71454
4915.725586	0.14411
4917.334961	0.306023
4918.589355	0.11145
4919.932617	0.778953
4921.404297	0.704773
4923.208984	3.32774
4925.417969	2.33966
4929.366211	5.64169
4938.448730	16.5565
4943.660645	4.27778
4945.074219	0.0767115
4945.694336	0.578559
4947.604492	0.287794
4950.814453	4.2947
4954.724609	1.50047
4956.371582	2.73546
4958.823242	0.358331
4960.402344	0.899888
4962.509277	0.546478
4964.809570	0.686276
4968.735840	2.03697
4970.247559	13.1483
4976.557617	19.2569
4979.700684	1.98744
4983.092285	32.1383
4989.088379	4.11318
4990.267578	0.114392
4992.807129	2.15501
4995.318848	1.41499
4996.795410	0.542986
4997.715332	0.891467
4999.420898	1.21557
5009.517090	6.00794
5014.669434	0.100018
5017.512207	5.89348
5028.110840	4.57046
5030.825195	2.54186
5032.546875	14.8404
5046.613770	16.7862
5054.921387	13.8451
5059.832520	9.43723
5066.610840	33.9415
5071.267578	1.40518
5075.636719	4.35858
5076.910156	2.86863
5083.066895	1.96905
5084.546387	3.10334
5088.103027	0.77107
5090.150879	0.347032
5090.887695	0.0513355
5092.312012	0.249061
5093.545410	0.651973
5094.869141	0.708543
5096.440918	0.161264
5097.651855	2.61093
5104.229980	3.06574
5107.527344	2.10009
5109.201660	8.90859
5116.195801	17.9
5117.589844	3.19904
5120.002930	3.27608
5123.154297	0.0179766
5128.160156	6.39702
5130.698242	3.19283
5132.845703	1.24044
5134.606445	0.152567
5135.602539	0.276267
5136.811035	0.292912
5138.537598	0.863337
5146.469727	5.05948
5150.577637	0.0260463
5153.589355	4.21235
5155.650391	1.44415
5157.328125	2.12432
5158.273438	4.79407
5165.203613	9.81454
5168.109375	0.256779
5170.000000	2.62952
5171.979004	0.585997
5174.032227	4.15552
5182.698242	9.56864
5193.805176	3.24636
5198.080078	0.403261
5199.502930	0.201175
5200.495605	0.237438
5202.301758	0.327467
5204.270020	0.497938
5207.861328	8.81126
5210.414063	3.39163
5218.702637	2.59277
5222.304688	0.088802
5224.336426	1.11215
5226.667969	0.679412
5229.040039	6.99132
5236.751953	3.06803
5238.345215	3.25972
5239.388672	0.989805
5240.576660	2.72213
5242.357910	2.08921
5245.340820	0.473886
5248.534668	2.43059
5251.352539	0.190171
5253.437988	0.212734
5258.808105	1.26755
5260.995605	2.95238
5265.784180	0.990772
5267.479004	1.57645
5269.782715	0.0470356
5271.728027	1.23838
5273.458984	1.50853
5275.900391	0.597441
5277.541992	0.316393
5280.329102	0.71843
5282.874512	1.6147
5285.688965	0.647613
5287.821289	0.311612
5289.905762	0.177007
5291.826172	0.543504
5293.583008	5.99056
5298.263184	2.75961
5301.822754	3.27552
5303.984375	3.50838
5306.600586	1.2599
5307.933105	0.545695
5309.747070	1.46716
5312.123047	9.07417
5317.576172	13.6903
5322.519531	0.731191
5324.815918	0.450321
5328.461426	8.38064
5333.168457	9.70181
5335.020508	3.33189
5337.617676	1.19697
5340.221680	0.236328
5341.774414	0.580149
5342.954102	0.757533
5344.145020	0.595898
5345.844727	0.382197
5347.161621	0.298021
5348.641602	0.324008
5349.254395	0.0395089
5350.290527	0.0755816
5351.196777	0.361358
5353.501465	0.266759
5355.441895	0.802669
5357.491211	0.744419
5359.632813	0.170634
5362.068848	1.08695
5363.494141	0.627826
5364.955566	4.81306
5370.583496	3.70942
5372.008789	0.987554
5374.389160	5.25787
5378.128906	7.54199
5382.687500	22.6348
5387.188965	1.27593
5389.143555	1.21
5391.331543	7.30855
5395.115234	0.0289514
5398.795898	0.910582
5399.940430	0.43249
5401.356934	0.243972
5402.609375	0.189599
5406.944336	6.1289
5412.079102	1.30319
5414.151367	2.75456
5415.835938	9.00102
5419.347168	4.65016
5421.157227	1.7599
5422.947754	0.649295
5423.873047	0.237551
5425.635254	0.27007
5426.920898	0.101524
5428.654297	0.600278
5431.906738	0.126276
5433.592285	0.38035
5434.670898	0.116423
5436.229980	0.519819
5438.092773	0.633953
5439.071289	0.028003
5440.789063	0.332831
5442.409180	0.161815
5445.751953	20.5156
5457.247070	2.94169
5459.349121	3.53065
5461.693359	7.50419
5463.906250	3.59039
5465.834961	1.34278
5467.153320	1.00056
5468.576172	19.1897
5479.189941	2.82625
5481.822754	3.25897
5483.862793	6.01159
5485.975586	3.03897
5488.137695	0.975444
5491.736816	20.3748
5498.427734	14.9652
5500.985840	0.267531
5503.194336	10.0732
5504.920410	15.0558
5509.694336	6.36476
5512.573730	2.29794
5515.129883	2.18427
5516.803711	2.43604
5519.784180	1.4926
5522.738770	5.39886
5524.176270	1.69153
5525.648926	0.468754
5527.135742	3.49661
5529.362305	4.34154
5531.750977	1.08784
5534.700684	4.79226
5535.987793	1.47696
5541.779785	16.0474
5547.570801	1.03917
5551.139160	10.4887
5555.686035	4.70613
5557.515137	2.59966
5560.232422	1.239
5561.511719	1.24349
5563.321777	3.27093
5564.987305	0.56503
5568.152344	19.5091
5571.165527	0.306701
5572.422852	1.43522
5573.672852	3.93756
5576.512695	9.27147
5578.136719	6.83917
5582.279785	28.8523
5586.607422	19.055
5588.701660	3.60436
5590.702637	8.72067
5593.183594	0.255191
5595.898926	15.8082
5602.544922	25.0548
5608.260742	16.9923
5610.103027	1.72275
5611.322754	0.579994
5612.564453	2.7657
5614.727539	57.024
5620.550293	12.9265
5624.173828	42.5902
5626.337891	6.63204
5630.305664	13.14
5632.209961	11.7428
5634.654297	7.78639
5637.935059	84.9332
5642.228027	1.11769
5644.443359	9.31966
5652.169922	79.6432
5655.858398	12.4787
5657.742188	48.5121
5666.363281	25.2159
5670.202637	77.4202
5673.967285	7.46173
5676.556641	4.40415
5679.184082	3.85059
5681.098145	0.407897
5682.092773	3.63573
5684.444824	0.485017
5685.873047	1.2603
5687.602051	0.806995
5688.787598	0.257412
5690.270508	3.19718
5693.468750	1.47182
5695.749023	0.81506
5697.030762	0.168274
5698.207031	0.333307
5699.788574	0.427307
5701.049316	0.0374617
5702.395508	0.236362
5704.288086	0.357495
5706.420410	0.561898
5707.624023	0.909642
5709.003906	1.40203
5711.667969	14.6018
5719.049805	13.5204
5720.745605	2.95582
5721.946289	5.69194
5726.244629	3.27946
5727.487793	3.97462
5731.291992	23.3866
5732.413086	1.59154
5733.746094	5.26877
5735.526855	13.1545
5738.753906	0.988577
5739.898926	7.58823
5742.991211	0.349694
5746.166992	2.52421
5747.800293	1.76248
5749.229004	6.23006
5753.662598	38.7559
5754.914551	66.85
5761.825684	1.51274
5763.579590	10.6384
5766.177246	30.5707
5767.755859	23.6741
5770.376953	4.37042
5773.156250	0.906887
5774.542969	2.36773
5775.988281	2.9517
5777.541504	15.417
5782.308594	2.88314
5784.775391	3.06736
5786.820801	34.6249
5795.326172	4.77194
5799.458496	35.9651
5801.818848	6.45485
5804.500488	2.1345
5807.052246	13.8749
5810.428223	3.38258
5812.805176	0.813747
5816.045898	2.26406
5822.078125	13.1326
5824.249023	2.69452
5827.007324	38.9886
5840.218262	83.1244
5846.048340	14.0037
5849.604980	8.7775
5851.319336	9.6077
5854.316406	1.71761
5856.023926	9.35846
5860.876465	0.781413
5862.244629	0.522516
5867.469727	6.74652
5870.927734	42.4944
5879.702637	13.5771
5881.566406	4.8644
5884.091797	1.2501
5886.420898	4.08201
5888.935059	2.01295
5891.442383	0.919305
5898.635742	24.3851
5904.866211	1.46132
5907.908203	0.977213
5913.861328	1.261
5916.498047	3.47034
5918.656250	2.43372
5921.358887	0.76183
5923.556641	1.01212
5926.095703	1.30804
5930.335938	3.53483
5935.135742	15.7282
5938.995605	28.8623
5946.079102	1.50366
5949.465820	11.7428
5950.962891	21.9744
5962.359863	10.8323
5968.580566	8.82371
5970.512207	0.408717
5974.141602	6.2647
5977.267090	3.23396
5980.214355	7.45708
5982.099121	7.00325
5987.166504	32.9375
6000.202637	12.7419
6002.219727	3.86475
6003.724609	1.57044
6005.059082	2.99433
6007.561523	1.86323
6009.861816	6.68229
6019.607910	8.58571
6021.636719	11.1845
6029.747559	5.35393
6031.961914	5.69359
6034.568359	1.59323
6037.471191	13.7049
6047.760742	16.2028
6052.030273	8.35657
6061.253906	10.0219
6067.482422	7.94285
6070.328613	2.4334
6072.985352	1.84674
6075.960449	7.39948
6078.834473	0.412625
6080.519531	1.11185
6083.536133	5.86862
6085.175293	1.30369
6087.366699	0.214987
6088.497559	1.09688
6092.231445	6.85842
6099.830078	11.8976
6103.021973	4.34369
6106.674316	18.6191
6108.785645	10.1755
6111.692871	2.30539
6114.620605	0.789801
6116.767090	4.38789
6122.184082	36.4654
6131.929688	47.7165
6138.094727	0.991427
6139.884277	1.70098
6142.411621	0.107966
6144.515625	6.4655
6149.476563	16.9642
6152.812012	4.30652
6154.923828	5.28166
6157.103027	0.271321
6158.387207	0.404156
6161.165527	10.4841
6167.883301	4.66862
6169.700195	1.34562
6172.224121	1.04459
6175.145996	3.7885
6178.489746	11.1712
6183.991211	19.5957
6189.651855	21.4015
6191.814941	4.30204
6194.694824	1.49119
6197.062012	0.461491
6199.490723	1.18437
6201.568848	1.97451
6202.570801	4.37344
6206.107422	7.28851
6208.039063	19.9326
6213.291992	22.8703
6214.423828	11.7337
6217.559570	11.0901
6219.198242	32.5166
6226.499023	40.1243
6231.701172	4.80404
6234.120605	9.99369
6235.563965	12.1256
6238.346191	0.625676
6240.057617	1.60249
6241.364258	0.380506
6243.367188	3.663
6246.062012	6.83596
6250.935547	49.9005
6257.514648	0.193621
6269.198242	57.0477
6272.441406	3.22557
6274.852051	4.25117
6276.726563	4.37119
6279.529297	2.37328
6281.587402	3.60331
6283.538574	2.98368
6285.775391	33.0856
6292.340820	45.668
6297.914551	72.7505
6302.197754	23.1747
6310.556152	0.821977
6313.953125	31.34
6319.143066	80.9788
6324.925293	8.625
6327.465820	6.7091
6329.645508	7.68174
6332.192383	0.778543
6335.396973	3.59542
6337.728027	9.21008
6340.123047	13.012
6342.723633	4.27614
6344.800293	3.73662
6348.048340	5.45549
6351.093750	2.12733
6353.226074	3.31877
6356.255859	1.41865
6357.373535	1.57472
6359.614746	14.698
6361.750488	13.4331
6364.738770	7.55123
6367.145020	10.4152
6375.360352	120.921
6377.552246	72.0703
6382.013672	3.08612
6385.521484	23.1333
6389.257324	11.4644
6391.614258	17.0467
6394.510742	1.99944
6397.114746	61.4755
6401.891113	0.575956
6403.563965	1.64364
6405.369629	5.53836
6409.489746	36.8272
6412.812500	0.639664
6414.232910	3.47999
6416.570313	7.50736
6419.404785	4.94201
6422.648438	3.04366
6425.500977	1.93561
6427.729980	1.91734
6430.590820	11.5249
6434.850098	1.8794
6440.347168	52.1739
6448.461914	8.96451
6450.440918	3.69915
6453.011719	12.8384
6459.360840	1.18123
6460.971191	0.700929
6464.771484	6.17547
6467.358398	10.5773
6469.133301	28.4671
6477.104492	22.0199
6482.901855	6.53309
6487.066406	5.33087
6489.328125	1.8907
6491.099609	7.24721
6493.888672	1.62024
6495.465820	0.746535
6497.077637	2.39753
6498.769043	0.873039
6500.326660	1.83773
6505.458496	29.9349
6507.078613	20.099
6511.777832	44.8269
6516.446777	1.04923
6518.664551	4.81609
6519.720215	0.391563
6521.883789	29.4681
6528.881836	3.46295
6532.130859	53.051
6536.215332	27.0482
6540.657227	10.3873
6546.519043	12.6805
6550.599121	157.436
6559.378906	10.4223
6564.389648	30.9242
6566.848145	62.0007
6575.695801	1.35453
6578.379883	3.02608
6580.553711	3.31838
6584.889160	1.70658
6586.626465	6.83185
6588.641113	4.54714
6591.348145	2.66135
6595.961426	7.76445
6600.621582	0.658047
6603.922852	1.03946
6606.052246	0.409378
6607.481445	0.642531
6608.913086	0.576309
6610.575684	5.3363
6615.482422	0.232
6617.548828	0.876448
6620.354004	0.125251
6623.170410	1.28078
6627.020020	4.98677
6629.481445	1.9509
6631.524902	0.132124
6633.447266	5.6738
6639.223633	6.26089
6642.855469	28.242
6651.744141	51.3596
6657.098633	5.89063
6659.812988	5.6855
6661.604980	2.32769
6664.749512	34.6226
6675.789551	75.0731
6684.216797	0.0727016
6689.863281	82.79
6697.773926	2.01988
6700.102539	1.45523
6703.411133	2.88088
6704.983398	1.80119
6706.562012	11.0709
6714.055664	25.3689
6715.254883	5.16203
6719.458496	48.9271
6729.557129	14.6447
6731.549316	6.43063
6736.939941	30.1866
6741.096680	66.7
6748.401855	30.1298
6752.348145	7.28478
6754.571777	0.845516
6758.521973	30.6568
6768.943848	2.33734
6771.126465	2.96416
6774.561523	24.9438
6779.671387	18.0848
6781.943848	1.03177
6785.386230	3.1252
6788.014648	1.65936
6789.653320	0.22486
6791.229004	1.56152
6793.227051	1.64272
6794.537109	0.852529
6796.460938	11.5435
6802.699219	79.7541
6808.968750	52.7595
6817.730469	61.1864
6827.983398	10.6975
6830.243652	7.21552
6834.118652	40.1596
6840.329590	4.69429
6845.169434	23.7372
6854.209961	42.0488
6857.971680	4.4249
6860.343750	0.817797
6865.922852	65.9714
6874.065430	24.7583
6875.614746	35.945
6881.929688	2.05576
6884.219727	2.72971
6886.098145	3.1338
6889.671875	0.0454492
6892.810547	35.8565
6897.651367	2.43887
6899.668945	0.372488
6900.749512	0.88996
6903.392578	10.4879
6904.726563	8.37876
6907.980469	1.7014
6910.650391	1.9718
6912.529297	13.9826
6917.300781	15.7237
6919.534180	3.28786
6922.178711	17.1884
6929.636719	34.0779
6935.263672	15.4996
6937.200684	2.43005
6940.608887	3.66593
6943.332031	5.5888
6946.376953	9.56365
6948.192383	7.19587
6952.523926	89.034
6963.466797	74.3739
6968.101074	1.99663
6970.028320	3.77357
6972.955566	3.59177
6979.674805	38.1237
6992.862305	7.9303
6996.660645	0.511919
6997.942383	4.22464
7002.935547	0.0649979
7006.874023	10.6364
7008.742188	2.10944
7011.297363	16.3095
7020.542480	25.2542
7024.341309	0.741965
7026.995605	6.07997
7029.168945	5.33434
7033.387695	0.734175
7036.381836	3.30297
7037.738281	0.828732
7039.839844	0.0870688
7041.219727	0.263084
7045.740723	14.2033
7047.776855	6.60055
7050.994141	16.463
7053.038574	27.8817
7058.718262	10.9056
7060.400879	5.5923
7063.165527	70.9273
7073.361816	16.7393
7076.055176	2.38936
7081.894043	37.4355
7087.851563	19.2322
7092.396973	143.544
7103.192871	66.3502
7106.766602	123.814
7117.937988	125.328
7123.399414	29.039
7125.914551	5.91716
7128.673828	28.0413
7133.512207	2.90168
7140.961426	216.647
7155.401855	82.689
7161.063965	4.55385
7163.578125	37.4572
7169.736816	8.55589
7172.663574	9.72585
7175.504395	12.833
7179.026367	0.799971
7182.801270	32.8801
7188.823242	2.07135
7194.751953	19.56
7196.427734	3.28542
7201.525391	39.2982
7205.398438	63.6053
7214.934082	54.4694
7218.995605	5.63106
7221.350098	10.1402
7224.162109	3.86399
7227.442383	30.2989
7239.318848	120.681
7244.517578	0.332094
7247.705566	25.3357
7253.386230	38.664
7262.126465	0.68065
7264.958984	2.57755
7267.706543	1.95575
7270.434570	2.32784
7273.874023	1.46849
7275.796387	0.605826
7278.582031	5.57606
7281.073730	4.73516
7284.181641	4.01636
7287.115234	1.93522
7289.384277	2.36269
7292.218262	8.00444
7294.813965	3.34088
7300.271484	1.62445
7302.484375	2.58046
7305.897461	3.60878
7308.526367	2.70658
7310.989258	4.46439
7313.918945	1.8986
7316.793945	0.76142
7318.995605	1.60214
7320.652832	0.373484
7322.848633	1.33166
7327.185059	10.2222
7334.333008	41.6002
7339.753906	7.73801
7342.129395	0.934214
7346.148926	14.7501
7348.724609	34.2989
7358.354004	27.8628
7362.055664	5.51048
7363.745117	1.63051
7365.336426	3.84883
7369.481445	1.38684
7372.283203	4.11925
7374.251465	2.52554
7376.045410	3.88641
7378.695801	15.6841
7387.647949	17.9842
7390.094238	1.92489
7392.329590	8.36988
7395.049316	8.01909
7401.392090	27.9905
7407.057617	46.1404
7417.521973	13.6571
7421.278320	22.4176
7423.807617	11.4513
7429.491211	7.75684
7435.537598	4.9444
7441.747070	11.0711
7444.912598	2.82645
7447.916504	12.9906
7453.351074	4.63434
7460.111816	4.71202
7462.905762	3.71858
7465.625977	8.5175
7469.663574	21.7037
7471.722168	21.5564
7479.940430	33.3749
7484.664063	0.938495
7486.114746	0.772587
7488.019531	2.08787
7490.179688	7.93789
7494.366211	6.70126
7497.620605	2.22209
7500.278809	1.74313
7504.523926	14.3021
7510.107422	12.169
7514.556152	7.00717
7525.368652	36.9747
7527.335938	23.4605
7534.524902	47.8813
7536.519043	16.1678
7540.500000	28.151
7551.276367	33.0801
7553.630371	7.48645
7557.229004	23.7074
7563.005371	2.10886
7565.712891	0.673615
7569.807617	12.3944
7576.301270	18.9185
7580.950684	10.0867
7583.683105	3.56848
7586.265625	6.94585
7591.226074	8.20934
7592.686523	9.7248
7596.370117	4.51447
7598.234375	2.80722
7599.257324	0.642424
7601.418457	1.10951
7603.071777	0.414297
7604.984375	2.55235
7606.874023	14.3233
7612.698242	14.5715
7617.345215	12.3436
7620.362305	3.4965
7625.846680	20.0768
7631.663086	29.9046
7636.682129	3.27201
7641.401855	43.025
7649.211426	72.579
7655.977051	26.367
7661.777832	5.44204
7663.707031	4.27861
7670.884277	85.804
7682.261719	90.4395
7689.549316	5.19161
7694.054199	39.1476
7699.397949	14.9374
7704.282715	14.5473
7705.625977	18.1831
7708.985352	0.967277
7711.050293	6.34135
7713.684082	3.61234
7720.500000	21.9315
7722.609863	3.13313
7725.610352	32.9606
7733.087402	2.46673
7735.998535	6.05502
7741.820801	39.4511
7749.423340	4.66974
7752.256836	23.4263
7761.456543	11.4273
7764.818359	32.603
7767.058594	29.0275
7772.941895	3.6956
7775.849121	6.62688
7778.743652	21.5763
7783.830566	21.3422
7788.852539	11.4262
7794.800781	8.02413
7796.378906	7.74497
7801.566406	25.9449
7804.160156	56.5028
7812.919434	48.0994
7815.022949	7.54987
7817.641113	7.04032
7819.908691	4.58003
7823.223145	10.6904
7826.486328	2.92995
7828.830566	15.7429
7832.344727	5.26266
7835.549316	0.948661
7840.623535	111.052
7846.456543	10.7323
7848.014648	42.6021
7856.466309	112.725
7859.772949	2.83995
7863.784180	108.026
7869.574219	1.48206
7873.335449	42.0022
7877.714355	12.5113
7879.742676	46.951
7890.449219	5.06748
7899.081543	62.1856
7901.581543	37.6109
7911.941406	23.9449
7915.449219	1.31876
7917.840332	2.786
7921.316406	10.7815
7923.025879	29.1448
7934.871094	18.6437
7944.018066	9.00274
7946.821289	7.77342
7949.367676	8.02021
7951.970215	5.842
7954.850586	1.68629
7957.255371	8.43132
7961.933594	0.38146
7963.752930	3.7826
7967.374023	2.98756
7969.991699	8.36716
7972.260742	5.25779
7975.025879	1.57732
7977.804688	0.881137
7980.669922	0.745093
7982.684082	1.9477
7985.313965	1.95012
7992.246582	26.8401
7998.077148	18.7542
8007.188965	22.7978
8009.030762	21.5245
8016.897949	9.83563
8019.376953	17.6925
8029.854980	25.0891
8036.527344	7.77274
8038.519531	5.0658
8044.997070	38.2596
8048.544922	9.43291
8051.369629	4.57258
8053.992188	7.37313
8056.278320	56.4779
8066.599121	60.9353
8069.075684	71.874
8077.370605	20.4759
8078.895020	25.8319
8086.021973	31.3346
8090.613770	1.03422
8097.379395	85.3074
8103.378906	33.7478
8112.041504	10.381
8114.457031	10.1884
8117.728027	3.77845
8123.099609	15.5569
8126.757813	6.72249
8131.595703	18.5063
8140.270508	2.71189
8143.760254	1.64273
8147.241211	2.97283
8148.857910	0.296865
8151.104492	0.317885
8155.308594	9.43271
8161.436035	18.8759
8166.852539	4.89309
8171.792969	1.51779
8175.516113	9.00346
8181.114258	21.9494
8182.639648	1.83832
8184.302734	1.86471
8186.453125	35.4849
8194.476563	3.26347
8197.411133	16.0969
8202.896484	0.722993
8204.808594	2.0013
8208.234375	1.47522
8210.031250	8.53817
8215.281250	21.2194
8217.000000	2.49516
8218.510742	4.55681
8221.188477	16.4995
8226.943359	1.50563
8229.287109	2.99379
8230.378906	2.07401
8232.335938	0.827654
8234.385742	5.5954
8236.449219	12.6847
8241.267578	9.74538
8242.462891	0.488242
8243.862305	28.7745
8257.447266	29.0473
8259.838867	9.00929
8263.025391	1.44811
8265.009766	1.36351
8268.565430	5.18247
8270.418945	3.85799
8273.948242	3.44612
8277.192383	2.77059
8280.145508	2.96287
8282.908203	4.65053
8289.832031	5.19457
8293.413086	3.27231
8296.504883	4.14584
8299.173828	3.08708
8301.935547	7.7994
8304.867188	3.86557
8307.956055	1.74002
8311.402344	4.15653
8313.292969	0.440279
8315.235352	1.14099
8318.195313	0.632375
8321.421875	0.457327
8324.159180	0.80558
8326.132813	0.825044
8327.954102	0.923014
8329.843750	1.76562
8331.796875	14.4812
8339.485352	21.5249
8344.843750	6.61672
8351.454102	5.41671
8354.438477	1.75423
8356.846680	11.3698
8362.836914	1.65964
8366.103516	0.270464
8368.789063	4.02403
8370.418945	3.61048
8373.639648	3.61392
8376.865234	2.59826
8378.444336	3.31941
8381.538086	6.45322
8388.232422	0.626164
8395.156250	14.8575
8396.742188	24.9638
8405.207031	31.3145
8407.505859	1.18897
8409.869141	5.09303
8412.053711	5.89351
8415.540039	2.88046
8419.060547	4.32242
8420.701172	0.628331
8422.251953	1.78771
8424.359375	2.91203
8431.430664	23.9689
8437.203125	33.1878
8443.066406	21.2709
8447.254883	4.47604
8451.771484	18.5903
8453.743164	16.2077
8463.195313	7.08516
8464.900391	2.75141
8467.910156	2.3055
8471.617188	23.7088
8476.947266	1.85813
8490.604492	86.2282
8497.326172	12.9781
8502.704102	9.90736
8505.425781	0.291189
8508.670898	3.07801
8512.212891	10.2285
8517.226563	7.89818
8519.014648	16.0198
8525.502930	12.1161
8528.135742	0.397605
8530.668945	2.70457
8532.729492	9.72001
8536.264648	1.88727
8538.639648	4.85862
8539.741211	6.18746
8544.047852	6.27741
8551.618164	7.68236
8553.883789	5.75265
8556.771484	0.292614
8561.238281	48.7706
8569.724609	40.1907
8576.373047	3.27771
8580.028320	5.80984
8584.230469	6.23301
8588.411133	72.8255
8600.333984	9.17837
8602.412109	5.48772
8610.839844	10.2601
8612.559570	3.51375
8616.332031	6.16157
8620.100586	7.40305
8623.077148	1.0367
8627.823242	14.2574
8632.381836	1.34203
8636.232422	6.95623
8640.506836	0.428078
8642.588867	2.62382
8645.008789	3.81492
8647.038086	2.33697
8648.769531	1.20168
8651.096680	17.2357
8659.436523	26.2561
8664.449219	5.96215
8667.303711	3.43847
8670.110352	2.09839
8672.728516	1.72797
8677.236328	24.5782
8680.043945	10.5717
8683.801758	5.11928
8688.573242	83.4707
8692.565430	43.4941
8700.389648	19.154
8713.114258	24.0585
8715.853516	51.838
8723.587891	1.66088
8731.579102	31.6367
8733.981445	9.65891
8736.964844	19.3964
8744.329102	28.1678
8751.309570	21.9887
8757.642578	95.7341
8770.046875	22.8886
8775.675781	5.64889
8780.703125	19.7761
8784.945313	5.49616
8787.360352	3.7092
8790.209961	0.359091
8793.238281	5.3315
8795.486328	3.78365
8801.647461	140.029
8807.942383	3.028
8816.042969	143.81
8818.844727	219.081
8833.757813	282.673
8836.132813	215.748
8844.281250	14.778
8849.979492	19.9692
8853.072266	3.66931
8855.272461	48.8311
8863.206055	12.4621
8864.726563	5.15016
8868.528320	0.220348
8872.110352	10.1221
8875.630859	4.0726
8878.340820	4.0117
8880.804688	11.3971
8885.215820	0.445004
8887.073242	1.21216
8889.524414	3.91795
8895.732422	45.5233
8898.006836	9.61486
8900.605469	90.2636
8911.573242	33.6665
8913.918945	81.1715
8921.649414	4.66435
8926.954102	23.1418
8930.239258	2.48029
8934.866211	6.56727
8938.458008	3.6161
8941.599609	9.78522
8944.742188	13.9533
8947.891602	2.34465
8953.779297	89.1726
8963.877930	16.3195
8967.522461	30.5985
8969.746094	28.5745
8979.217773	9.59429
8982.016602	15.1769
8988.150391	66.161
8996.457031	38.5728
8997.817383	27.7084
9002.131836	7.02793
9008.209961	30.4436
9014.026367	11.335
9019.233398	1.53968
9022.708008	17.8009
9029.261719	20.415
9032.036133	78.7321
9044.580078	64.6869
9047.295898	2.3776
9050.047852	11.3022
9055.914063	13.5771
9058.393555	5.04631
9061.220703	8.31898
9064.801758	9.7115
9068.868164	4.50996
9071.993164	4.71638
9075.320313	3.78304
9077.360352	1.36309
9079.756836	7.70011
9083.157227	4.37237
9086.073242	33.3668
9092.665039	60.8447
9098.391602	1.70337
9101.675781	0.905714
9103.716797	0.736758
9105.445313	0.718536
9110.550781	11.7306
9113.491211	0.585957
9115.850586	2.25434
9117.622070	2.97125
9122.031250	2.24489
9123.750000	0.995365
9125.106445	6.61658
9129.874023	12.5474
9131.774414	11.0281
9139.781250	21.4942
9141.977539	3.58331
9144.144531	17.0206
9150.228516	8.26701
9159.298828	97.8696
9170.067383	17.4901
9173.981445	4.89488
9177.194336	1.94277
9180.838867	1.55612
9182.657227	0.173152
9184.526367	3.37756
9193.922852	5.9237
9195.836914	0.44518
9198.491211	0.325679
9200.477539	0.710492
9202.536133	2.08261
9204.241211	1.28048
9208.922852	3.03507
9211.382813	1.32504
9215.014648	1.18346
9219.385742	1.99686
9224.021484	6.98081
9227.585938	3.33617
9230.764648	1.40621
9233.539063	7.37001
9238.327148	4.86993
9241.071289	2.9122
9243.955078	7.21736
9250.824219	6.27266
9257.110352	11.5052
9263.471680	8.60608
9271.641602	9.92089
9275.602539	2.59751
9278.015625	0.912875
9279.550781	2.32422
9282.559570	27.3124
9296.782227	16.9323
9312.525391	31.5141
9315.195313	8.41234
9323.132813	7.29314
9329.667969	2.43792
9333.165039	7.91403
9339.365234	3.4154
9341.224609	1.59718
9346.134766	5.01063
9352.095703	0.784184
9353.307617	1.32273
9356.227539	3.76986
9358.913086	2.97037
9362.055664	1.19851
9365.742188	2.09373
9368.147461	9.43458
9373.918945	7.1834
9375.804688	5.04754
9382.210938	4.34842
9384.079102	0.884301
9386.971680	0.580246
9389.129883	0.591471
9391.437500	7.50381
9395.875000	8.08209
9398.900391	2.19026
9401.797852	12.2947
9406.341797	1.67163
9409.269531	11.6306
9414.956055	15.0527
9418.540039	0.762911
9420.805664	0.615583
9422.621094	0.516464
9425.085938	1.42804
9427.546875	26.7854
9437.629883	36.7336
9445.285156	10.9669
9447.727539	1.39486
9450.070313	3.02174
9452.705078	4.68805
9461.268555	50.7463
9468.798828	22.4162
9477.823242	25.5563
9481.302734	18.3821
9487.185547	1.38172
9489.742188	0.374672
9491.845703	2.07916
9496.807617	4.40648
9499.499023	5.85248
9502.318359	0.29462
9505.708008	2.9143
9513.478516	43.6388
9520.328125	38.2882
9527.431641	8.52415
9528.881836	1.40525
9530.522461	3.08586
9532.803711	1.22214
9535.175781	1.89032
9539.544922	7.25712
9541.031250	9.19487
9544.811523	4.66239
9547.691406	8.75997
9550.432617	9.33743
9554.455078	7.84297
9557.481445	7.62369
9561.339844	2.50223
9562.841797	13.4128
9570.235352	8.29525
9571.558594	2.52619
9574.290039	1.85283
9578.506836	49.8888
9584.550781	9.12745
9588.254883	10.047
9591.780273	30.7701
9598.946289	61.9634
9606.988281	21.4718
9613.313477	3.13661
9617.786133	5.8796
9619.266602	6.02712
9624.416992	38.691
9635.384766	34.558
9637.727539	14.2359
9640.891602	16.8362
9647.562500	22.8397
9654.870117	2.20887
9658.045898	28.3878
9667.566406	15.6721
9670.294922	3.71136
9672.556641	0.588361
9673.997070	1.08076
9676.551758	0.143248
9678.578125	18.9837
9687.133789	15.6337
9689.609375	3.73717
9695.554688	8.931
9698.010742	2.57122
9702.949219	6.62226
9710.283203	11.5968
9715.980469	7.48219
9718.610352	1.15854
9721.090820	0.722692
9723.525391	4.05041
9727.973633	5.24264
9731.426758	4.69179
9734.086914	1.73299
9737.115234	1.97565
9739.694336	4.06531
9742.947266	18.4401
9745.494141	0.894523
9749.155273	3.41108
9750.858398	2.70278
9756.711914	10.3405
9760.448242	9.44865
9765.710938	3.53902
9769.757813	26.9054
9776.902344	36.381
9784.888672	29.1133
9788.185547	2.24994
9791.542969	29.4551
9798.144531	1.35068
9802.986328	9.92911
9805.685547	4.209
9808.648438	10.7668
9813.849609	1.78005
9816.430664	1.64515
9819.722656	1.29813
9823.454102	9.92698
9829.112305	8.80612
9831.321289	2.05673
9834.574219	3.41678
9838.000000	12.1908
9845.965820	8.36396
9850.375977	9.76909
9856.948242	9.20159
9870.919922	27.5937
9878.999023	9.01839
9883.218750	2.9281
9885.886719	5.97815
9889.011719	3.86609
9892.278320	3.38464
9895.207031	2.02487
9897.951172	2.01583
9900.874023	0.674612
9903.158203	1.18909
9904.492188	1.40191
9908.852539	0.522059
9911.154297	0.242797
9913.088867	0.196844
9915.422852	0.344287
9917.581055	0.713632
9919.551758	0.608001
9921.487305	0.127098
9923.498047	0.127606
9926.747070	11.6266
9934.696289	21.8941
9941.435547	16.781
9948.720703	34.7887
9958.008789	17.9269
9960.865234	34.4538
9970.371094	29.8971
9976.687500	1.57191
9979.497070	1.00968
9982.630859	1.41557
9986.348633	1.24664
9989.333008	0.535237
9992.763672	0.801558
9995.139648	0.360963
9997.501953	3.36627
10001.440430	3.79378
10004.761719	6.16297
10007.375977	3.17332
10013.211914	10.0012
10019.923828	6.4592
10022.502930	6.94242
10025.646484	7.90403
10038.033203	6.99577
10039.383789	0.480223
10041.579102	1.30686
10044.993164	1.89532
10047.823242	1.82073
10051.105469	1.99857
10058.245117	3.06343
10060.179688	0.981035
10061.666992	2.98827
10068.294922	47.6683
10085.725586	47.688
10088.992188	5.62689
10092.041992	7.75003
10101.197266	10.9703
10103.794922	13.8275
10110.608398	8.64677
10117.500977	12.6886
10127.340820	12.0119
10136.430664	9.95144
10142.043945	19.9503
10147.003906	7.70961
10150.080078	4.69496
10153.765625	0.426924
10157.541992	4.66593
10159.309570	0.454848
10161.569336	0.104597
10165.102539	12.5046
10171.934570	7.4733
10175.058594	2.99621
10176.750977	0.515113
10178.486328	2.06858
10181.831055	1.13636
10184.517578	0.582777
10187.328125	17.4801
10196.393555	6.9765
10202.258789	0.0415212
10205.665039	8.20374
10207.709961	9.16812
10216.032227	5.87809
10221.394531	0.295891
10224.438477	1.41676
10232.910156	4.40902
10236.488281	0.987788
10239.513672	6.69618
10245.546875	2.65478
10247.694336	5.00846
10254.499023	9.45695
10257.021484	1.08799
10260.708008	5.05401
10264.080078	1.22384
10266.694336	7.37317
10272.036133	0.71512
10277.272461	14.0661
10285.448242	15.2113
10291.462891	1.39407
10294.230469	1.10648
10298.419922	13.0102
10304.135742	1.20847
10307.678711	1.93259
10311.583008	0.654893
10316.064453	1.5407
10319.596680	2.66313
10322.238281	6.49023
10328.638672	6.72787
10330.687500	24.0092
