TITLE "<<210916_CKF_A1_PM_7954_XF_M23_ThermoSIN_MSMS1kVPos_Sen_MetON_AlkTrx_XCal_TIS_100Da_10K_6700hv>> 4700 MS/MS Precursor 7954 Spec #1=>AdvBC(32,0.5,0.0)=>NR(2.00)=>SM31=>CT[BP = 4535.7, 1837]" CENTROID
TYPE MASSSPEC
9.982183	3.5741e-007
10.015818	5.01709
10.058288	5.16795e-009
10.068129	5.16795e-009
10.077974	5.16795e-009
10.087825	5.16795e-009
10.110007	1.80878e-008
10.151972	2.58397e-008
10.198977	2.32558e-008
10.226240	5.16795e-009
10.236163	5.16795e-009
10.246091	5.16795e-009
10.256023	5.16795e-009
10.265961	5.16795e-009
10.275903	5.16795e-009
10.285850	5.16795e-009
10.295801	5.16795e-009
10.305758	5.16795e-009
10.315720	5.16795e-009
10.325686	5.16795e-009
10.335657	5.16795e-009
10.551201	2.17054e-007
10.804632	4.13436e-008
10.968409	1.24031e-007
11.120483	2.84237e-008
11.172272	2.32558e-008
11.200807	5.16795e-009
11.211192	5.16795e-009
11.221582	5.16795e-009
11.231977	5.16795e-009
11.242377	5.16795e-009
11.252782	5.16795e-009
11.263191	5.16795e-009
11.273605	5.16795e-009
11.284024	5.16795e-009
11.294449	5.16795e-009
11.304877	5.16795e-009
11.315310	5.16795e-009
11.856483	5.24548e-007
12.429444	2.32558e-008
12.484196	2.84237e-008
12.539068	2.32558e-008
12.569299	5.16795e-009
12.580300	5.16795e-009
12.591308	5.16795e-009
12.602320	5.16795e-009
12.613337	5.16795e-009
12.624357	5.16795e-009
12.635384	5.16795e-009
12.646415	5.16795e-009
12.657451	5.16795e-009
12.668491	5.16795e-009
12.679537	5.16795e-009
12.690587	5.16795e-009
13.018740	2.99741e-007
13.390796	4.13436e-008
13.481781	4.13436e-008
13.558790	2.84237e-008
13.615975	2.32558e-008
13.647479	5.16795e-009
13.658943	5.16795e-009
13.670413	5.16795e-009
13.681888	5.16795e-009
13.693367	5.16795e-009
13.704851	5.16795e-009
13.716340	5.16795e-009
13.727834	5.16795e-009
13.739332	5.16795e-009
13.750835	5.16795e-009
13.762343	5.16795e-009
13.773856	5.16795e-009
13.785375	5.16795e-009
13.796897	5.16795e-009
13.808424	5.16795e-009
13.819957	5.16795e-009
13.831493	5.16795e-009
13.843036	5.16795e-009
13.854582	5.16795e-009
13.866134	5.16795e-009
13.877690	5.16795e-009
13.889252	5.16795e-009
13.900817	5.16795e-009
13.912388	5.16795e-009
13.923964	5.16795e-009
13.935544	5.16795e-009
13.947129	5.16795e-009
13.958719	5.16795e-009
13.970314	5.16795e-009
13.981915	5.16795e-009
13.993519	5.16795e-009
14.005128	5.16795e-009
14.016743	5.16795e-009
14.028361	5.16795e-009
14.039985	5.16795e-009
14.051614	5.16795e-009
14.063248	5.16795e-009
14.074885	5.16795e-009
14.086529	5.16795e-009
14.098177	5.16795e-009
14.279336	1.55038e-007
14.502982	4.13436e-008
14.787969	2.06718e-007
15.060677	2.84237e-008
15.120947	2.32558e-008
15.154146	5.16795e-009
15.166228	5.16795e-009
15.178315	5.16795e-009
15.190407	5.16795e-009
15.202502	5.16795e-009
15.214603	5.16795e-009
15.226709	5.16795e-009
15.238820	5.16795e-009
15.250936	5.16795e-009
15.263056	5.16795e-009
15.275181	5.16795e-009
15.287311	5.16795e-009
15.299446	5.16795e-009
15.311585	5.16795e-009
15.323730	5.16795e-009
15.335879	5.16795e-009
15.348033	5.16795e-009
15.360192	5.16795e-009
15.372355	5.16795e-009
15.384524	5.16795e-009
15.396697	5.16795e-009
15.408875	5.16795e-009
15.421059	5.16795e-009
15.433247	5.16795e-009
15.445439	5.16795e-009
15.457637	5.16795e-009
15.469839	5.16795e-009
15.482046	5.16795e-009
15.802749	0.65407
15.889606	0.524118
16.089945	0.0413565
16.153543	0.201279
16.201513	0.115896
16.307495	0.0340389
16.373756	0.0389633
16.437855	0.0382311
16.526121	0.00362177
16.639673	0.594429
21.231823	9.54108
22.285486	0.00614467
23.245016	4.39828
23.850693	0.201375
23.975760	1.59386
24.119953	1.28842
24.275984	0.478918
24.424784	0.101365
24.649086	0.596072
25.140137	0.0760337
25.596062	0.223003
25.692480	0.024162
25.811182	0.842601
25.926044	1.16323
26.118513	0.276264
26.226950	0.119753
26.304222	0.266568
26.456024	1.32338
26.616373	1.07769
26.776310	0.374043
26.884106	0.056793
26.946423	0.0203561
27.067261	0.277513
27.348835	1.55663
27.519060	0.636263
27.719128	0.324261
27.850683	0.15389
28.136566	0.650166
30.659048	3.15259
31.204792	5.48573
31.535383	0.0146953
31.607634	0.025962
31.740582	2.28477
32.463261	0.380595
32.750416	1.32881
32.874802	0.00725462
32.979389	2.09526
33.782139	0.0764627
33.949413	0.519858
34.078327	0.565935
34.298950	0.588231
35.416225	8.93603
36.117413	2.089
37.144238	0.144409
37.261814	0.141575
37.354370	0.0594451
37.490414	0.0663717
37.686790	6.72302
38.634624	12.4934
39.295940	64.8707
39.659100	7.20858
40.301308	5.37065
40.625397	5.46044
41.299007	0.570664
41.540134	0.00911076
41.604797	0.254491
41.689827	0.252925
41.965954	0.230149
43.034901	13.3076
43.188942	1.80273
43.381638	2.03932
43.438477	0.252973
43.552345	5.85787
43.916035	0.235539
44.190384	7.58563
44.586277	7.93107
45.159828	0.521305
45.275425	0.166048
45.389179	0.246242
45.548740	0.107075
45.726982	4.81322
47.202995	2.14014
47.355030	0.215197
47.540768	1.13692
47.661152	1.10286
47.778027	0.201449
47.925117	0.450998
48.029446	0.295964
48.240410	0.834059
48.422215	4.25926
48.647415	0.352554
48.960762	4.07258
49.360268	0.804899
49.513630	0.435421
49.613422	0.082869
49.796009	0.45597
50.454357	5.67482
52.170887	120.495
52.433167	103.518
52.576721	54.7196
52.737747	64.9981
52.997314	41.9914
53.157131	8.73888
53.275440	50.9433
53.539974	34.651
53.700947	7.41163
53.878216	20.3924
53.964104	2.22133
54.076832	45.398
54.327534	0.672307
54.391541	4.7095
54.590172	21.7289
54.867928	7.40062
55.044342	1.86951
55.142399	11.2545
55.374146	19.1071
55.489090	15.9591
55.691433	12.3667
55.896957	10.4348
56.050148	41.4777
56.577057	41.6405
56.982571	4.46891
57.146519	18.9385
57.538609	0.321842
57.687412	3.3072
57.997955	12.2959
58.598408	26.0118
59.179691	27.6763
59.722069	13.8982
60.217842	2.63748
60.538654	25.1454
61.311878	11.4734
61.810261	7.92614
62.411224	3.16803
62.594032	1.29774
62.799091	0.625635
63.068920	0.0395414
63.130440	0.0263732
63.228451	0.137089
63.406803	1.46861
63.542915	1.65015
63.889591	0.607714
64.031281	3.27177
64.714233	4.90464
65.115891	0.139419
65.325256	0.0127337
65.408966	0.0271128
65.614418	0.0663385
65.760002	0.047859
66.759735	7.11897
67.029968	0.125914
67.501831	9.14836
68.257484	4.70698
69.016121	17.8217
69.626480	11.1766
69.967758	0.2658
70.098221	1.62207
70.182350	1.94145
70.455833	6.72912
70.564659	16.4452
70.909843	0.497434
71.126297	3.91574
71.438446	0.946189
71.529648	0.0489206
71.702965	3.85882
72.474594	6.68092
73.988510	5.53443
76.268761	11.9926
77.218407	11.3941
77.864891	18.152
78.262695	5.64239
78.476479	4.98189
78.717567	0.593635
79.229897	25.3323
79.779655	25.6339
80.340126	50.265
80.605354	4.6653
80.866364	14.4157
81.186066	0.268502
81.456268	15.4139
81.949043	7.33144
82.167160	7.02658
82.608719	11.0898
83.970726	5.01966
84.179642	4.38621
84.619347	19.5576
85.121002	8.35141
85.881065	11.4686
86.268959	1.8164
86.532013	2.8226
86.822655	1.74598
87.073326	4.40341
88.123611	0.775275
88.490967	1.32732
88.658897	3.06682
88.992073	0.470416
89.351936	0.769231
89.503967	0.137038
89.810440	0.395735
89.961151	0.638165
90.178452	2.39355
90.502220	0.470183
90.851166	0.815886
91.785583	0.967593
91.991524	1.81147
92.773178	24.6241
93.606735	21.0724
93.774719	20.4541
94.849220	23.6478
95.103081	2.5416
95.510353	30.6614
96.041679	7.02877
96.289558	1.94263
96.509270	10.2529
96.998871	10.4649
97.201965	23.8153
98.347313	12.6474
98.650902	4.70733
99.215027	19.91
99.616737	36.799
100.904655	0.128936
102.038033	16.7112
102.346184	0.238649
102.559296	2.27263
103.598106	3.12814
103.799973	0.553479
103.955887	0.325149
104.132072	0.513561
104.360954	0.572168
104.681877	0.363133
104.912308	0.54449
105.125992	1.03919
105.494255	0.524973
105.768143	2.49872
106.054672	0.628009
106.657440	2.90182
107.351639	7.75259
108.604416	16.0036
109.229111	6.06082
109.453697	4.2402
109.836891	3.61049
110.139885	20.3326
111.466599	0.342125
111.847054	5.79065
112.061836	1.33237
112.353653	1.40394
112.641777	27.6105
113.767792	6.60999
114.137123	2.57497
114.784485	8.26749
115.440323	1.5678
115.857933	1.14992
116.096672	0.155336
116.248886	0.992785
116.491905	0.36778
116.736404	1.48942
116.901237	2.5219
117.333427	2.13281
117.521912	4.22175
118.110413	3.13533
118.761772	0.771603
119.130127	0.590435
119.379761	1.16963
119.756203	0.28445
120.169701	2.36848
120.896568	2.7704
121.188278	5.37333
121.848892	32.578
122.613861	2.55756
122.881760	16.7162
124.164589	30.606
125.344711	35.8088
126.287048	45.4718
126.896111	5.94992
127.193214	4.10272
127.538300	2.7443
127.856987	1.37068
128.112259	0.574359
128.402817	2.28439
128.845901	0.654217
129.287720	1.61604
129.597549	1.44594
130.165390	3.76708
130.987366	29.4321
131.654633	21.0078
132.826218	9.58433
133.046814	1.39922
133.442841	3.6701
134.050629	0.301369
134.309433	2.63474
135.306534	3.09196
135.732773	0.267122
136.042953	0.381389
136.504745	2.67816
137.032776	5.03213
137.470230	15.394
138.105469	13.4074
138.433960	6.46704
138.802429	2.52388
139.301834	10.8363
139.996368	4.48941
140.283783	1.47949
140.828369	2.81744
141.190796	1.06271
141.371811	0.435474
141.559708	0.659278
142.263382	10.1851
142.908463	1.05598
143.225632	4.21068
143.807846	0.444141
144.592819	17.0784
145.600449	0.357657
145.781113	0.102591
145.999817	0.729722
146.422516	1.49526
146.854843	10.1077
148.030029	13.1334
148.419357	0.605795
148.735519	0.944035
148.965179	0.718926
149.159531	0.235298
149.442200	0.360939
149.634521	0.304268
149.997421	0.47655
150.501205	2.29509
150.941544	10.982
151.269028	22.1543
152.512665	0.401777
153.583313	15.8922
153.962158	3.63984
154.152969	18.1164
155.574783	13.0743
155.869873	0.601353
156.460175	15.614
157.362900	0.454638
158.222321	3.18704
158.985443	0.367424
159.327103	1.24479
159.687592	0.16105
159.976379	1.74016
161.454636	4.24476
161.748199	2.56882
162.781036	2.61886
163.206894	8.23508
163.616165	1.80849
163.899750	1.50159
164.137894	1.87308
164.374893	0.737647
164.610672	0.739623
164.948883	18.0832
166.806473	3.86136
167.568283	11.2641
168.489426	13.5396
169.456024	8.47576
170.321716	12.1289
171.123199	0.220904
171.902969	2.30544
172.882339	14.8923
173.186066	2.9061
173.978928	2.41875
174.884552	7.49464
177.241928	6.29899
177.577881	1.92783
177.952087	2.71408
178.335449	2.86898
178.896103	5.65959
179.304474	16.9126
180.182632	8.28082
180.465714	2.1779
180.986893	1.02822
181.382935	1.67734
181.823914	1.73457
182.241470	0.493938
182.814758	10.9102
185.630585	0.244155
185.959259	0.358674
186.191544	0.39971
186.512711	0.152527
187.637665	9.32175
188.283508	3.90867
188.597000	5.83278
189.121033	10.5178
189.476669	2.94073
189.940826	2.48628
190.117661	0.134687
190.341156	1.96071
190.664276	0.711251
190.869919	0.43737
191.115814	3.65305
191.549896	2.68756
191.986816	1.73717
192.429474	0.404575
192.779449	1.97862
193.910583	2.98073
194.411728	0.859646
194.748596	4.73185
195.296082	0.750397
195.575699	0.812159
195.808777	1.00345
196.116989	0.446832
196.346527	0.389724
196.799713	20.5044
200.162201	6.69057
200.715134	9.29361
201.085220	3.32854
201.539734	12.5875
203.157898	21.5205
203.844238	0.125533
204.375565	3.13226
205.227478	1.16885
205.527039	0.244455
206.072128	0.409279
206.453903	1.32018
206.910065	0.73634
207.192871	1.1012
207.344284	0.967197
207.740417	0.684891
207.937210	0.00464631
208.229172	0.458164
208.588074	0.0080353
209.073044	0.54796
209.535110	1.15099
209.836807	3.92051
210.450638	3.28091
210.780289	2.10232
210.935349	0.859822
211.322418	0.497407
211.529678	0.125729
211.785828	2.99695
213.420563	3.24743
214.112000	0.359037
214.601776	7.8186
215.255127	0.814431
215.596329	0.787247
215.949890	5.71339
216.402771	0.941285
216.944092	2.91248
217.249008	0.178805
217.970459	7.45539
219.939835	0.392321
221.351456	14.9209
222.539154	2.74006
224.868576	5.23242
226.065430	0.0594693
226.246155	0.0216029
226.425629	0.0709219
226.871414	0.142081
227.241516	0.617476
228.205963	0.170291
228.584961	0.284147
228.852570	0.352743
229.026718	0.309614
229.435730	0.235202
229.836731	0.26593
231.151077	4.70844
232.457504	5.36529
233.753204	12.3317
235.077393	4.33326
236.154892	2.2992
236.653839	0.693581
237.111450	0.467751
237.471558	0.893584
238.021378	0.90528
238.578003	0.602605
239.096298	0.335269
239.586227	1.34566
241.061951	6.05167
242.193115	4.32883
243.252213	2.7364
244.139389	0.0961725
244.504150	0.574411
244.848999	3.3314
245.401566	2.49909
245.924835	1.23624
246.386353	0.824891
246.885117	0.0527592
247.649155	2.19566
248.723587	2.92982
249.667450	1.17533
251.961594	0.403744
252.426865	0.096225
252.874695	3.32486
253.640488	3.80833
253.976120	4.36295
254.505203	0.735662
254.953094	0.130261
255.295654	1.73333
255.796936	1.05513
256.310638	0.493433
256.741272	0.250686
257.107849	0.289914
257.376984	0.522673
258.013489	0.0726268
258.261230	0.012456
259.250397	2.28676
260.685242	17.4571
261.942413	10.7529
262.370056	0.538849
262.866180	0.669638
263.070648	0.190567
263.486328	0.0754218
263.812073	1.4356
268.045105	6.51659
268.494720	0.143878
268.774384	0.222206
269.035126	0.226236
269.413086	0.393253
269.817627	0.333147
270.040924	0.0268041
270.237518	0.172292
270.890259	1.38777
272.080902	1.63487
273.337280	0.241132
275.657501	2.64333
276.280273	0.199101
276.672394	0.937574
277.062958	3.46511
277.995331	2.86156
278.368866	0.751297
279.088165	0.493167
279.436462	0.784989
280.408386	0.0562441
280.784180	0.641335
281.159027	1.16878
281.724548	0.0947039
282.550446	1.35403
283.105530	0.233326
283.416107	0.117515
283.747925	0.141441
284.037750	0.552176
284.741577	1.44013
285.258575	2.58816
285.770660	0.786994
286.448975	1.87855
289.073669	4.74649
289.580994	1.9706
290.010620	1.90638
290.544464	0.341447
291.760529	0.865369
292.446594	0.783115
293.041290	1.07102
293.535950	0.465476
295.005188	7.08073
295.382874	2.64022
295.990662	5.77394
298.249268	5.84325
299.937500	9.40057
300.743103	0.0562779
301.073883	0.938069
302.103943	0.246865
303.477600	4.08763
304.463776	0.501536
305.732239	2.4344
307.070496	1.92006
307.647522	1.15152
308.239227	0.899733
308.815826	2.03849
309.794250	0.874987
310.322327	5.64867
310.586121	0.305899
310.923370	13.6267
311.997437	4.51543
314.490387	12.7961
315.202576	0.116928
315.648834	0.628138
315.988892	0.381086
316.336792	5.54987
319.662323	7.57629
321.196442	0.358829
321.853699	0.272325
322.354279	0.144174
322.510040	0.0249528
322.938660	0.65194
324.563049	0.979045
325.172028	1.17131
325.920868	1.85798
326.349854	0.439972
326.793854	0.019762
327.054810	0.551559
327.354462	0.0659037
327.690826	0.186682
328.131348	0.216257
328.370728	0.00990925
328.693481	0.0207193
329.516388	0.0237522
330.204498	0.0189623
331.101135	0.0852504
331.612915	0.141048
331.910248	0.097455
332.199249	0.0690007
332.343842	0.0117033
332.659332	0.0525697
332.922638	0.0295718
333.355957	0.217993
334.230438	0.637983
334.907288	0.16995
335.428345	0.219408
335.990784	0.366225
338.239990	0.870023
338.599731	0.29746
338.872162	0.0768447
339.344147	1.8756
341.606415	7.6394
342.526428	3.22492
343.596832	9.35727
344.745331	4.71209
345.809753	6.01403
352.142792	3.75163
353.324524	0.225676
353.973175	0.259741
354.420105	0.196476
354.672485	0.0427145
355.152649	0.0951862
355.478516	0.0523672
355.860077	0.0759897
356.302124	0.0356762
356.592407	0.177156
357.487000	1.0035
360.356537	0.210942
360.855896	0.180567
361.233582	0.611666
361.932373	0.0985827
362.504517	0.103234
363.265167	2.18701
366.406525	0.0663854
366.744202	0.221588
367.133820	0.229102
367.544922	0.0127846
367.887329	0.0539045
368.194153	0.00554269
369.042236	0.190081
369.781464	0.90238
370.570190	0.55843
370.827576	0.0288425
371.224426	0.205145
371.671173	0.0660815
371.956238	0.034517
373.267426	0.128419
374.468597	0.127653
374.911255	0.0826881
375.182556	0.0239632
375.621124	0.0542161
376.127991	0.687679
380.033417	0.873903
380.870300	0.233892
381.237610	0.0119811
381.463928	0.837902
382.102875	0.344286
382.814148	0.562103
384.143097	1.30409
385.096741	0.767457
385.635498	0.343671
385.882080	0.932629
386.715546	16.2281
388.200378	0.133749
388.669250	1.47244
388.985779	0.993466
389.256866	4.3168
390.974670	1.89299
392.294067	1.64229
393.968475	5.79117
399.553619	1.7251
399.975586	0.198201
400.241608	0.0253925
400.485840	0.251381
400.865417	0.425333
401.366943	1.72461
401.969574	0.372672
402.428772	0.302521
403.688690	0.606812
404.658539	0.059055
405.867798	0.230438
406.181732	0.0995367
406.487213	0.151074
406.764740	0.0385145
406.981354	0.0192751
407.289612	0.0631037
407.589874	0.301709
409.996552	0.279716
410.621979	0.0853555
411.052460	0.40925
411.427155	0.341837
411.664978	0.00018911
411.865112	0.0399454
412.227325	0.0585606
412.553101	0.0270395
413.294525	0.483668
414.228485	0.632369
414.794464	0.497395
415.521362	0.107573
416.141815	0.179336
419.329468	0.0248885
420.688232	0.0784505
421.141754	0.880301
421.846832	1.02927
422.494171	0.37952
423.166534	0.298985
423.713989	0.0448018
424.760010	0.0526078
425.359375	0.0564646
425.864044	0.0840537
426.090637	0.0787239
426.587372	0.0524769
426.984009	0.1035
429.916077	0.127609
430.544342	0.0609115
430.902893	0.0415948
431.289581	0.0103757
431.759583	0.0182457
432.040405	0.0107177
435.894043	0.588064
437.518066	0.0957211
437.828339	0.101055
438.068451	0.142699
438.230438	0.0270916
438.750244	0.0253714
438.963318	0.055422
439.158417	0.0671308
439.373810	0.0856277
439.536652	0.00239621
439.952271	0.0202316
440.287201	0.013979
440.467316	0.00113653
440.603363	0.000137622
442.891083	3.84598
456.212463	0.00686151
456.728058	0.00700026
456.949829	0.201638
457.221191	0.267835
457.589996	0.00929614
458.146484	0.0870741
458.350342	0.0108288
458.812225	0.136362
459.588318	0.178127
460.220337	0.111233
460.958649	0.0512574
461.410034	0.00752421
461.897827	0.02332
462.201233	0.0203275
462.384399	0.00341508
462.677063	0.00546635
463.100006	0.0113871
463.333374	0.00586688
463.539520	0.00757397
463.727417	0.00215523
463.963593	0.00389742
464.432007	0.00799484
464.684418	0.00621195
464.919922	0.0242433
466.408630	0.0311509
467.001740	0.529864
467.465088	0.350477
467.815155	0.0983294
468.360779	0.063968
468.698242	0.0494427
468.974152	0.00446734
469.812622	0.375244
471.046356	0.817811
471.764465	0.431028
472.480042	0.247988
473.144989	0.106564
473.662964	0.0092047
474.088959	0.000346602
479.936615	0.15031
480.845276	0.0226653
481.006012	0.0545256
481.252289	0.0723974
481.670654	0.0206656
482.198486	0.0166595
482.757141	0.0644788
483.086487	0.0855903
483.293579	0.154702
483.631989	0.0395226
484.034882	0.0238501
484.254333	0.0186306
484.655975	0.778892
485.976501	0.000858115
486.181549	0.000469449
488.002869	2.1477
488.390778	0.247361
488.942444	8.61547
490.824768	0.153283
491.702423	12.5062
492.557129	0.076248
494.137238	5.71417
495.793121	0.280694
496.980347	1.12693e-008
497.084747	2.25386e-008
497.189178	1.12693e-008
497.572174	1.12693e-007
497.990143	2.25386e-008
498.463348	1.30527e-007
499.196747	0.0125707
499.966278	0.239436
500.398987	0.145664
500.766693	0.000429684
501.056885	0.00527397
501.352600	0.027004
501.679199	0.0323886
501.994659	0.00124925
502.242554	2.17872e-005
502.472473	7.0462e-008
502.705505	1.47709e-008
502.809692	2.25713e-008
502.914581	1.12693e-008
503.019623	2.25386e-008
503.599884	9.28618e-008
503.789459	0.00508025
504.179932	0.0347287
504.452545	0.0305089
504.666504	0.0203838
505.217560	0.158254
505.855255	0.439541
506.235199	0.268763
506.627869	0.0718368
507.180878	0.059716
507.472992	0.0171839
507.731598	0.00136421
508.022766	6.97728e-005
508.403534	0.00197748
509.583557	0.0710704
510.360474	0.104237
510.860474	0.206471
511.669983	0.109437
512.332947	0.128121
513.061157	0.0221178
513.612671	0.00232993
514.109802	7.60025e-005
514.390930	1.45666e-007
514.686035	4.72977e-008
514.924866	3.3843e-008
515.084473	1.69016e-008
515.208496	2.25386e-008
515.314819	1.12693e-008
515.492065	4.50771e-008
515.704773	2.25386e-008
516.023926	7.8885e-008
516.307739	1.12693e-008
516.485168	4.50771e-008
517.266113	2.02847e-007
517.976563	2.25386e-008
518.296448	7.8885e-008
518.580872	1.12693e-008
518.758667	4.50771e-008
519.576965	2.14116e-007
520.434143	0.00134879
521.213501	0.0908763
522.020447	0.223542
522.388123	0.157236
522.712708	0.0192855
522.906860	0.0371563
523.317688	0.0590838
523.650085	0.0333973
523.901367	0.0010921
524.197327	5.61528e-005
524.337585	1.04578e-007
524.554871	1.55478e-008
524.661255	1.68907e-008
524.875854	5.07118e-008
525.090820	1.70077e-008
525.806152	0.0347642
527.388000	0.20799
528.337708	0.148924
529.076355	0.0689728
529.674622	0.0261218
529.894226	0.00897294
530.453491	0.00640958
530.972107	0.000487674
531.389526	7.46005e-006
531.652893	6.08408e-008
531.978760	0.213161
533.931946	1.08322
536.301819	1.31771
537.048950	3.20314
538.023438	3.65291
538.530762	0.109821
538.714905	0.34236
539.471985	0.484673
539.868286	0.0400062
540.923645	0.619028
543.276855	1.93442
544.870483	0.991282
545.470032	0.153109
546.379883	0.553616
546.785828	0.236466
547.545654	0.515749
548.252747	0.184455
549.221497	1.20763
550.585022	1.47004
551.044189	1.46645
551.981750	0.235868
552.775879	1.59651
554.288330	1.55178
555.007751	5.21134
556.822571	0.506124
558.074280	1.21304
560.002380	0.538065
560.446472	0.514001
564.924377	0.446892
567.845337	0.02607
568.536194	0.0460535
568.797729	0.0407537
568.968872	2.38425e-005
569.117920	4.03655e-005
569.449036	0.0146701
569.843689	0.0109387
570.681946	0.444387
571.929504	0.900986
572.682495	1.10731
573.200684	0.00976007
573.459900	0.052683
574.223938	0.0402537
574.467529	0.0432442
574.846069	0.960649
581.222168	1.27092
582.151367	0.105787
582.451233	0.0652365
582.697021	0.163857
583.472961	0.0257724
583.805542	0.370728
586.336914	0.766461
588.044495	2.26344
589.738831	25.2158
592.925659	12.1718
595.127747	1.16161
596.019531	0.533002
596.343140	0.744147
596.856140	1.05907
597.418091	0.024732
597.772522	0.196731
598.344299	0.0850767
598.818970	0.0546859
599.461304	0.979395
599.984192	0.780488
600.412292	0.184884
600.962280	0.222332
601.383972	0.175767
601.777893	0.0108579
603.790894	0.0656134
607.201233	0.870467
608.661560	0.0471436
609.685242	0.0993024
610.015442	0.0045178
618.968384	1.1034
621.300842	0.0665702
622.018738	0.140326
622.449158	0.0972677
622.886597	0.0394545
623.446960	0.0314931
623.840271	0.00869828
624.102966	0.00050208
626.962219	2.00343
646.414001	0.108177
647.828857	0.346756
648.628113	0.705869
649.397644	0.0628973
663.721008	4.44773
687.936401	0.611615
700.808289	1.15718
703.417786	0.120095
704.005615	0.0897734
704.384155	0.0322288
705.019409	0.0500538
705.489868	0.0329036
705.819641	0.00281387
706.132751	0.00154889
709.328552	1.76159
712.734131	0.123381
713.198242	0.0747421
714.304565	0.185026
715.476074	4.89748
718.097046	0.165383
718.328369	0.0244702
719.399597	2.9049
722.400940	1.01383
723.770264	0.136399
724.478333	0.46563
724.933472	0.28003
725.390259	0.0537088
726.052246	0.10642
726.418518	0.0892127
726.808899	0.0299536
727.447205	0.0249858
727.925415	0.0165381
728.263184	0.00151193
730.726440	0.572222
738.864075	0.293817
740.468750	0.0657042
741.027771	0.319336
741.543152	0.30802
742.131775	0.0304118
742.613831	0.051688
743.295715	0.0396426
744.145996	0.0423526
745.131714	0.284818
745.743164	0.209506
746.152771	0.0562195
746.829590	0.0555856
747.291687	0.0412741
747.634155	0.00452094
747.949219	9.63972e-005
749.109192	0.0294171
750.630371	0.0607395
751.238953	0.0445283
751.629578	0.0156662
752.283813	0.0259808
752.771179	0.0159182
754.827026	1.40402
774.494446	0.611615
783.693787	0.338313
784.801331	0.0701406
785.107239	0.0631234
785.329102	6.07511e-005
785.944519	0.0168744
786.330261	0.0172825
786.584900	0.0159216
789.196411	0.279234
791.886902	1.33941
793.077332	0.782735
793.716492	0.155721
794.042908	0.230685
794.801941	0.229388
795.236450	0.0264487
795.718506	0.00745265
797.384033	0.351844
803.559570	0.034507
804.353149	0.0783374
804.837097	0.049028
805.325378	0.0230332
805.975037	0.0142834
806.457581	0.0676246
809.599365	0.0388917
810.408142	0.313476
810.921997	0.185033
811.165222	0.000383005
811.438965	0.0175746
812.147766	0.0149145
812.422791	0.00788094
812.638611	0.0022013
813.086792	0.00699028
819.776001	0.356958
828.791199	5.86197
842.566772	2.06766
844.206909	1.65898
845.098328	1.25864
846.022400	0.381927
846.610291	0.0542769
847.029480	0.673504
854.489624	0.600015
855.577454	0.0236412
855.900574	0.0199783
856.111084	9.27092e-005
856.534668	0.0537556
857.368530	0.720467
857.985229	0.471846
858.454224	0.136213
859.190186	0.118909
859.665039	0.10052
860.034302	0.0168675
867.538940	0.451715
916.221252	0.0987061
929.356018	1.22865
932.740906	0.10048
934.540955	0.265741
935.530762	0.134867
936.604553	0.0577856
937.278442	0.029018
938.001648	0.590752
938.674377	0.398821
939.149597	0.135161
939.916809	0.0788372
940.421265	0.0589363
940.802002	0.00646071
942.621338	1.08163
963.156006	0.611305
977.623230	1.07217
982.442993	2.62609
984.166077	0.656094
984.872986	2.82155
985.833069	0.00458342
986.051270	0.341584
987.146851	1.37647
987.820435	0.0589395
989.257751	0.0630201
991.903137	1.21501
1016.625183	0.0682153
1019.792542	0.00449566
1020.358459	0.0232732
1020.710693	0.0202202
1020.940552	0.000255176
1021.302063	5.16626e-005
1021.637817	0.00417129
1022.109192	0.00348482
1022.384827	0.000281785
1022.592773	1.53171e-005
1022.793152	7.02122e-007
1037.313721	0.000334546
1037.775513	0.0127854
1038.251953	0.010505
1038.526855	0.000737004
1038.734619	4.32496e-005
1039.108032	0.00107848
1039.607910	0.00684575
1039.964844	0.00613239
1040.199219	1.6246e-005
1040.401367	4.94889e-006
1067.635986	0.113075
1075.463013	0.0267133
1077.431519	0.209816
1078.377319	0.44841
1078.948364	0.311215
1079.522583	0.109818
1080.267944	0.0901458
1080.774902	0.032481
1082.782471	0.662642
1089.580688	3.87057
1094.243164	1.24892
1094.736450	0.744196
1098.250488	0.876428
1101.206421	0.0741875
1103.819946	0.00184369
1104.964355	1.23028e-005
1106.105469	1.53919e-005
1107.551880	3.73761e-006
1120.645996	0.0492823
1122.311768	0.0875772
1122.821045	0.190467
1123.583008	0.30184
1124.283691	0.014635
1124.757690	0.0368906
1125.625244	0.033504
1126.454712	0.00231551
1127.193726	7.65593e-005
1127.610718	4.24093e-007
1136.254395	0.000334534
1136.738037	0.0127853
1137.236938	0.010505
1137.524780	0.000736996
1137.742432	4.32434e-005
1138.133301	0.00107847
1138.656738	0.00684574
1139.030518	0.00613238
1139.275879	1.62399e-005
1139.487549	4.94279e-006
1166.710571	0.0347661
1169.068115	0.181235
1170.585205	0.110776
1171.616821	0.106579
1172.586060	0.123922
1173.405884	0.450675
1174.026001	0.38807
1174.769409	0.0457705
1175.420898	0.0757581
1176.134399	0.100562
1176.777710	6.66632e-005
1202.239380	0.00449564
1202.854370	0.0232732
1203.237183	0.0202202
1203.487061	0.000255169
1203.879883	5.1655e-005
1204.244751	0.00417127
1204.756958	0.00348481
1205.056519	0.000281778
1205.282471	1.55495e-005
1205.500244	6.96021e-007
1233.579468	0.000334534
1234.083618	0.0127853
1234.603760	0.010505
1234.903687	0.000736996
1235.130615	4.32434e-005
1235.538086	0.00107847
1236.083740	0.00684574
1236.473389	0.00613238
1236.729248	1.62399e-005
1236.949829	4.94279e-006
1291.835571	0.00219285
1293.770996	0.103203
1295.626831	0.063525
1296.279663	0.23667
1297.019653	0.228475
1297.820923	0.0123721
1298.430664	0.0510901
1299.320435	0.0536557
1300.226807	0.00230844
1301.021362	7.65593e-005
1301.469849	4.24093e-007
1307.799194	0.0133836
1309.035400	0.0981259
1309.553101	0.0696656
1309.866333	0.0963516
1310.435303	0.0257285
1311.094971	0.031385
1311.465942	0.0197238
1311.875610	0.0189761
1312.346558	0.00148818
1312.748413	2.12312e-005
1346.461792	0.000814758
1349.710693	0.00872099
1354.414063	0.308937
1357.826172	0.0789929
1358.431885	0.0919681
1359.643066	0.830305
1361.166138	0.659253
1361.931274	0.0150021
1362.462769	0.118807
1363.474121	0.118287
1364.120850	0.00840106
1365.950439	0.0073398
1367.270996	0.00013431
1367.773071	2.40422e-006
1368.523682	3.05146e-006
1370.759644	0.00552937
1374.812622	0.285107
1378.662598	0.224101
1380.153809	0.794859
1381.615601	0.656507
1382.702271	0.220897
1383.952026	0.110107
1384.659180	0.00872488
1386.272583	0.217539
1392.457520	0.671396
1395.653687	2.21308
1398.796387	2.39293
1400.154541	0.0109157
1402.803833	0.75186
1407.225098	0.193356
1475.848877	0.0128782
1477.188354	0.0604991
1478.044189	0.0448777
1478.594971	0.0161188
1479.519897	0.0249433
1480.203979	0.016576
1480.686890	0.00155437
1481.503174	0.00658684
1483.580200	0.30788
1485.589233	0.191409
1486.250854	0.693567
1487.053955	0.712723
1487.917480	0.0281904
1488.627197	0.151755
1489.515503	0.141913
1490.498047	0.00689785
1491.350220	0.000219131
1491.838745	1.43891e-006
1492.223267	3.51943e-007
1528.476563	6.34023e-006
1530.913330	1.15112
1533.620728	0.967328
1535.299194	0.20896
1536.101440	0.395058
1537.179810	3.98857
1538.464966	0.316058
1540.684326	1.63401
1541.522949	0.126588
1545.073486	0.23224
1565.612427	0.272474
1567.360474	0.0531441
1568.037842	0.0375724
1568.758911	0.0155613
1569.653442	0.0172133
1570.274658	0.00822214
1574.704102	0.111068
1576.324341	0.0545424
1577.004150	0.0368987
1577.710205	0.0179629
1578.622192	0.0157786
1579.265747	0.00831004
1579.674316	0.000374066
1580.337036	0.00149382
1585.665039	1.56018
1593.739624	0.314089
1599.816528	0.00219294
1601.973022	0.105097
1603.988525	0.0605138
1604.811035	0.417576
1605.573975	0.31152
1606.415527	0.0180542
1607.262085	0.0511922
1608.130493	0.0501797
1609.165527	0.00230138
1610.051392	7.26687e-005
1610.549194	4.31191e-007
1617.345825	0.00828318
1621.406128	0.836454
1625.825928	0.538727
1626.709839	3.51022
1629.820313	5.16903
1632.865112	2.71717
1635.225952	0.102166
1636.988159	0.00816
1638.011719	8.48034e-005
1638.619629	1.18848e-005
1639.525146	6.98896e-006
1650.889160	0.000348342
1651.471924	0.0125014
1652.065796	0.0106982
1652.450928	0.00251413
1653.187378	0.000958918
1653.786987	0.00708805
1654.243408	0.00645223
1654.566406	6.71325e-005
1654.858154	8.7814e-007
1656.812622	4.80363e-006
1661.520020	0.882828
1673.045288	0.0523348
1673.589966	0.0062668
1673.943970	0.0198478
1674.548706	0.0144124
1675.505371	0.0376442
1676.249268	0.0250802
1676.964966	0.00919259
1713.222046	3.35097
1725.185303	0.207936
1727.328125	0.102032
1727.979736	0.0877209
1728.556396	0.253922
1729.170288	0.0153357
1729.822998	0.0242102
1730.220581	0.0254282
1730.939087	0.0128734
1731.478027	0.0035701
1732.975708	0.328491
1760.446533	0.152189
1761.546509	0.0610542
1762.158325	0.0544232
1762.556274	0.0130996
1763.340088	0.00383098
1763.939575	0.0344602
1764.408691	0.0333205
1764.747192	0.00157554
1765.337158	0.0189574
1765.800171	0.0186119
1767.101440	0.00308876
1767.634888	0.00468375
1768.040161	0.00496322
1774.783691	0.176002
1776.759033	0.0337775
1778.007324	0.0673776
1778.748657	0.0399039
1779.453613	0.017092
1780.492798	0.0155212
1781.036133	0.00943363
1781.570679	0.000424094
1782.085449	0.00157738
1782.716797	0.0499748
1783.334106	0.0428067
1783.734497	0.00998137
1784.371948	0.0140861
1785.038574	0.0282069
1785.599731	0.0195256
1785.937500	0.00160689
1786.713867	0.00702101
1787.191284	0.00587972
1789.000610	0.244087
1793.189087	0.250304
1797.014893	0.0434885
1798.210571	0.114164
1799.148071	0.0903574
1799.728027	0.0313761
1800.897095	0.299674
1801.872070	0.519453
1802.678589	0.374015
1803.516235	0.0423527
1804.417603	0.0739282
1805.084595	0.0347253
1805.469116	0.00301465
1806.531494	0.00245409
1807.457031	0.00296612
1819.099121	0.076332
1821.663818	0.117467
1822.547974	0.101614
1823.078369	0.0961485
1823.566284	0.0809277
1824.905273	0.0619664
1825.341797	0.00248104
1826.209839	0.0268051
1827.247803	0.0473969
1830.226563	0.011797
1831.616577	0.0262465
1832.161743	0.169501
1832.901489	0.200305
1833.575684	0.0686387
1834.665039	0.109747
1835.362915	0.0846215
1838.282837	2.02256
1846.747803	0.0247703
1848.211304	2.6551
1850.444824	0.0452354
1851.134399	0.0961574
1852.372803	10.3151
1855.686890	2.96452
1858.343506	2.90706
1862.483154	27.8048
1868.734741	20.4353
1871.032104	0.274083
1873.694824	3.74352
1878.851440	2.53338
1887.915527	2.07573
1891.256836	2.17795
1895.120361	6.11256
1899.841431	2.48999
1904.130371	0.510835
1909.696167	1.12873
1917.760498	0.0446647
1919.117676	0.469863
1920.054321	0.401659
1920.901489	0.136246
1921.814941	0.137657
1922.543213	0.0969728
1924.005859	0.745853
1925.304321	0.490037
1926.757813	0.33062
1927.710083	0.450406
1929.248901	0.50822
1930.420410	0.267723
1932.147461	0.190906
1933.783447	1.04959
1935.418823	2.50138
1940.854370	0.00468851
1941.891602	0.496242
1947.223877	8.06289
1948.147095	4.17817
1949.491211	2.26863
1950.699951	5.97285
1954.240845	1.67693
1958.635986	8.25245
1963.004028	0.0402206
1966.055176	50.253
1974.315430	0.565277
1975.251831	0.113641
1976.034790	0.340684
1977.575806	0.589446
1979.103271	4.46168
1987.500732	5.14342
1989.429932	0.102344
1990.172485	0.562205
1991.236572	1.63758
1992.776978	0.106727
1994.112793	2.29129
2004.453491	1.31066
2007.752808	0.50839
2009.815186	3.74312
2011.257690	3.12899
2012.108887	0.119407
2012.866943	0.759937
2014.171021	0.692754
2015.286499	0.14608
2018.195068	1.78802
2019.715088	1.87536
2021.156006	0.60404
2022.852783	0.55225
2024.405884	0.262611
2028.777954	0.0733932
2032.336060	0.00183086
2033.893677	1.3716e-005
2035.451416	1.56574e-005
2037.406372	2.51438e-006
2046.525757	0.110813
2049.737549	0.0950271
2050.975586	0.0988501
2051.733154	0.496686
2052.659912	1.39883
2054.205078	0.306577
2055.608887	0.3396
2056.862305	0.0333599
2057.882324	0.0023691
2058.710449	4.04944e-005
2059.255371	1.74226e-006
2060.619873	0.00275564
2062.094727	0.0670024
2063.418945	0.112202
2064.199219	0.0727042
2065.001465	0.0378266
2066.053955	0.0308052
2066.731689	0.0162563
2067.953369	0.0413377
2075.609619	0.208312
2076.853760	1.95193e-007
2077.245605	0.0183297
2078.057129	0.0808496
2078.564697	0.071394
2078.923828	0.000730198
2079.250488	0.000260109
2079.890137	0.0162492
2080.554443	0.0214353
2080.993408	0.0207121
2081.619141	1.89686e-007
2085.735840	0.0129962
2088.321777	0.417365
2089.808838	0.042537
2090.887207	0.967601
2092.416504	0.591019
2093.885742	0.391075
2095.308594	0.132405
2096.430176	0.0137643
2097.443604	0.00043859
2098.025146	3.04125e-006
2098.497314	3.28477e-008
2141.895508	3.8838e-008
2142.301758	0.00458204
2143.126221	0.0202127
2143.641846	0.0178487
2144.006592	0.000182542
2144.338379	6.50197e-005
2144.988281	0.00406259
2145.662842	0.00535923
2146.108887	0.00517842
2146.744385	4.14454e-008
2147.369629	1.00146e-005
2149.758301	0.263431
2150.543457	0.236314
2151.503662	0.240947
2152.534424	0.0129333
2153.311279	0.0576324
2154.227295	0.162612
2155.176514	0.125787
2155.884766	0.048214
2157.028564	0.0454928
2157.871094	0.0277423
2158.301514	0.0798031
2159.442627	0.276229
2160.241455	0.18308
2161.063965	0.0810735
2162.128174	0.0606599
2162.832520	0.0248774
2163.815918	0.0932043
2187.182373	0.220725
2192.179199	0.908093
2193.397217	0.00774544
2193.801514	0.00686837
2194.467773	1.21112
2198.231201	1.29877
2201.209961	0.0958072
2204.815186	0.0406972
2207.245117	0.384155
2209.985840	0.744329
2211.563721	0.404397
2213.099121	0.259184
2214.571533	0.0975564
2215.697510	0.00916763
2217.518799	0.0388509
2222.472656	0.128489
2223.728271	0.142587
2224.704102	0.139818
2225.664551	0.0892837
2226.478760	0.0428384
2227.262939	0.0640946
2230.507324	0.0594955
2231.385254	0.0260382
2232.057861	0.0192025
2232.507324	0.0042335
2232.888672	0.0047403
2234.043945	0.0153755
2234.614990	0.0135958
2235.057373	0.0367149
2236.187988	0.135022
2236.976807	0.0851624
2237.835205	0.03686
2238.947510	0.0256652
2239.630127	0.0123035
2240.581543	0.0647702
2254.904053	0.047185
2259.751465	0.125804
2262.309570	2.46624
2263.822021	0.864721
2264.477539	0.0711889
2265.731934	0.568103
2266.409424	0.38458
2268.072510	1.10128
2269.323730	1.23052
2270.987305	0.513776
2272.415771	0.371019
2273.434082	0.348441
2275.005859	0.149116
2277.631592	4.38616
2279.891357	0.260974
2281.269043	3.03804
2282.561035	0.210644
2284.274658	0.7591
2286.159668	0.247643
2287.546387	0.165963
2289.291260	0.127085
2290.247559	0.212843
2292.652588	0.000861834
2293.520996	0.522683
2294.846680	0.458324
2296.466797	3.02189
2297.650391	0.360119
2300.496582	0.962692
2301.739746	0.0223832
2302.235596	0.000622685
2302.706055	3.94425e-008
2303.235107	3.94425e-008
2303.802002	4.50771e-008
2304.406738	4.50771e-008
2305.276367	8.45196e-008
2306.032471	2.81732e-008
2309.209961	4.45137e-007
2312.352051	2.25386e-008
2312.579102	1.12693e-008
2312.768555	1.69039e-008
2313.185059	4.50771e-008
2313.753174	3.94425e-008
2314.132080	1.69039e-008
2314.765137	0.000695953
2315.456787	0.0250031
2316.161865	0.0213967
2316.618896	0.00502842
2317.493164	0.0019171
2318.204834	0.0141811
2318.746826	0.012859
2319.131104	0.000232942
2319.508057	0.000157329
2321.142578	0.0995456
2323.974365	0.249669
2325.534180	0.139426
2327.017822	0.0923452
2328.459473	0.00663091
2330.381836	0.226993
2332.212646	0.690757
2334.198242	0.650683
2335.482178	0.161668
2337.189697	0.0702841
2338.019043	0.00840583
2340.421875	0.00734757
2342.158203	0.000134682
2342.820313	2.59625e-006
2343.809326	3.30736e-006
2344.848145	4.24413e-008
2345.759277	6.1499e-008
2346.445313	3.94637e-008
2346.876953	2.51671e-008
2347.459717	0.0018145
2348.803955	0.0674445
2350.218018	0.126949
2351.042725	0.0807174
2352.049316	0.112337
2352.921143	0.0967294
2353.840332	0.0237981
2354.803467	0.0296697
2355.631836	0.297237
2356.878418	0.0973151
2357.822754	0.541364
2359.402100	0.301711
2361.216309	0.386988
2362.773438	0.0128882
2363.994141	0.00159668
2365.059326	7.77333e-005
2365.674316	1.31438e-007
2366.226318	4.72394e-008
2366.823730	3.39198e-008
2367.207031	2.25403e-008
2367.513428	2.25385e-008
2367.820068	2.25386e-008
2368.280029	4.50771e-008
2368.854980	3.94425e-008
2369.583496	6.76157e-008
2370.580322	7.8885e-008
2371.577637	6.76157e-008
2372.152832	1.69039e-008
2372.574951	4.50771e-008
2373.150391	3.94425e-008
2373.495850	1.12693e-008
2373.687744	1.69039e-008
2374.416748	9.01542e-008
2375.530029	7.32503e-008
2376.297852	3.94425e-008
2376.912109	5.07118e-008
2377.455566	7.7789e-006
2380.117432	0.624401
2384.587891	1.13825
2386.335693	0.256677
2388.459473	2.89809
2392.036133	0.78262
2393.431641	0.999742
2395.583252	1.11444
2396.585449	0.0369924
2397.020508	0.115482
2398.724609	0.195004
2404.757080	1.15971
2406.044678	0.307233
2406.904053	0.0692846
2409.088135	0.802385
2409.782959	2.76115
2412.749268	4.48083
2413.730469	1.35812
2415.658691	0.453787
2417.251465	0.399488
2418.310791	0.20715
2420.314453	0.0154622
2420.884766	0.0151005
2421.879883	0.0112313
2422.497070	0.00275252
2423.946777	0.649597
2449.567383	0.243313
2454.494141	0.0335969
2455.266602	0.112786
2455.842041	0.151816
2456.717041	0.019209
2457.997803	0.0927777
2458.784912	0.0945057
2459.722656	0.417894
2470.031006	1.0057
2472.192139	0.277463
2473.146484	0.343746
2474.005859	0.121484
2475.116943	0.0646263
2475.826416	0.290013
2477.775146	3.12557
2479.227783	0.68629
2480.101563	0.767767
2480.948242	0.659808
2481.961670	0.127031
2483.390869	1.18699
2492.712646	1.673
2507.043213	1.10093
2509.735596	0.174779
2511.124268	0.324102
2512.001953	0.195837
2512.872803	0.0579727
2514.112061	0.0510469
2514.790283	0.018396
2528.015137	7.5565
2547.349365	0.972306
2549.245361	0.0363775
2550.421387	0.415809
2550.957764	0.767149
2552.483643	2.70323
2553.947998	0.578145
2555.516602	0.475068
2556.418945	0.151437
2557.336182	0.0627318
2558.537598	0.0984763
2560.610840	4.45719
2568.991211	9.61146
2571.602539	0.041932
2575.740479	3.14846
2578.187500	0.211083
2579.592529	0.269509
2580.188965	0.973354
2584.104004	0.73388
2587.256104	0.200262
2588.807617	0.0262628
2589.711914	0.0894731
2591.040039	0.102417
2592.916748	0.0507565
2596.840088	1.9749
2604.906494	1.27951
2610.754150	0.483678
2616.166992	9.35929
2620.940918	0.636255
2622.879639	9.08774
2623.890381	1.83677
2625.776611	0.056454
2628.264893	1.43751
2629.360107	0.0659765
2631.041016	0.00114088
2631.634521	0.0108639
2634.712646	0.637722
2635.693604	0.320145
2636.448486	0.12986
2637.706787	0.100155
2638.552734	0.0994115
2645.206787	0.415479
2647.955078	0.166724
2649.315918	0.0888315
2650.082520	0.0348184
2651.385254	0.0929866
2652.196045	0.0633615
2653.393555	0.242933
2654.292480	0.162498
2655.204102	0.0573265
2656.386963	0.0408235
2657.328369	0.0697067
2663.770020	0.719998
2667.764404	1.18697
2671.707520	1.81473
2674.138428	0.7502
2675.906006	0.446239
2677.383545	0.803436
2681.950684	5.99983
2684.532959	1.46586
2685.516113	2.39352
2687.426514	0.151096
2689.564941	1.14925
2691.005371	1.35868
2692.483887	0.494702
2694.131592	0.553525
2698.572998	0.133601
2702.156006	1.10515
2703.271729	0.234551
2705.307617	0.0361081
2707.810059	0.280423
2711.966309	0.281682
2713.498291	0.495219
2714.741455	0.857571
2715.609131	0.0776479
2716.544189	0.449871
2717.748779	0.0724565
2719.658936	1.17196
2723.364990	0.122175
2726.154785	0.228607
2728.634521	0.0817643
2729.638428	0.05807
2731.748047	10.1296
2735.644531	4.99215
2737.000732	2.08455
2739.081543	1.09672
2740.390625	0.157645
2743.649658	0.633633
2748.817383	0.154027
2756.586182	0.127811
2758.413574	0.0561051
2759.572266	0.0466822
2760.332764	0.0176635
2761.592529	0.0240067
2763.312500	0.364507
2766.156982	0.312502
2766.875977	0.400301
2767.982910	0.646941
2769.982422	0.222087
2771.364990	0.144312
2772.646484	0.00901962
2777.607178	0.0166689
2783.165527	0.101862
2786.016602	0.0682979
2786.801025	0.15732
2792.158936	1.91122
2793.613037	1.00325
2797.581787	4.71739
2799.921143	1.24753
2801.200684	0.13647
2801.828613	0.0676268
2802.478760	0.447091
2803.351563	0.633214
2804.289063	0.128595
2805.540527	0.0886471
2806.126465	0.0310656
2806.602783	0.0688495
2807.055420	0.00370832
2807.676025	0.000263546
2808.166260	0.0168833
2808.943848	0.0129122
2809.448730	0.0175454
2813.556641	2.25443
2818.821045	2.96543
2822.044434	3.55266
2823.782715	0.0134693
2825.570068	0.184667
2826.040283	0.213971
2826.861572	0.27819
2827.745117	0.0658129
2828.366455	0.0035006
2829.036133	0.0421673
2829.895020	0.0183194
2832.652100	0.555289
2833.677002	0.292552
2835.041260	4.34146
2839.533691	0.727799
2840.937256	3.02723
2842.335938	1.46166
2843.901611	3.69863
2846.910156	6.57224
2848.021973	3.21988
2850.086426	0.538147
2851.784912	0.777202
2852.962891	0.451956
2854.682373	0.154186
2855.352539	0.180645
2856.311523	0.0909445
2856.967285	0.0202232
2857.646973	0.0404716
2858.376221	0.110971
2861.218018	2.3337
2864.566895	3.8564
2866.235840	0.0408759
2868.370850	2.71503
2874.664795	0.158098
2875.881104	0.997652
2879.541016	1.3084
2894.134033	2.17631
2902.197021	2.31928
2903.999756	0.841127
2905.239746	5.64884
2909.876465	11.5852
2914.756592	14.5576
2927.719971	21.8053
2935.635498	13.4819
2937.535645	0.547187
2938.314453	0.190321
2939.438965	0.627422
2941.287354	1.0672
2942.135986	1.26878
2942.976318	0.601914
2944.277100	0.325486
2945.246338	0.144761
2947.783447	0.713657
2949.183350	0.1404
2950.181152	0.0707376
2952.591797	0.13545
2957.061768	1.54488
2961.310791	0.509671
2962.919922	4.00818
2965.805420	6.1737
2968.853027	1.68445
2970.340088	0.18055
2972.356445	0.45791
2973.526367	0.0121865
2977.058350	0.558439
2978.577148	1.681
2980.896973	1.01588
2981.630859	0.117094
2982.528564	0.848091
2985.148193	0.903152
2986.510742	0.464088
2988.205811	0.542976
2990.178711	0.206843
2992.040771	0.289327
2993.527588	0.857335
2996.008545	0.264968
2997.369385	0.985481
2998.445068	0.974118
2999.705322	0.365626
3000.551758	0.23086
3001.500977	0.450078
3007.287354	2.45276
3011.122559	5.1496
3017.135742	8.0046
3020.742920	0.54679
3022.464844	0.859319
3024.248291	0.239022
3025.922363	0.221516
3027.213623	0.0510007
3029.565430	0.00790849
3030.542969	0.341062
3034.000732	0.766953
3035.659180	0.305831
3036.466553	0.159691
3037.607666	0.225634
3038.791992	0.0998112
3039.565186	0.0514091
3041.304932	0.296977
3045.347168	0.107498
3048.341553	0.444069
3049.531982	1.19641
3051.297852	0.714376
3053.334473	0.374691
3054.802246	0.263876
3055.798828	0.0258208
3059.559814	0.31778
3061.749023	0.849028
3063.891602	0.627207
3065.695801	0.259631
3067.624268	0.307118
3068.882080	0.146576
3069.775146	0.0759187
3071.097168	0.0706604
3074.443359	1.67595
3077.784180	0.234934
3079.772461	3.72181
3082.063477	0.492405
3083.810791	1.67886
3085.447510	0.661295
3088.371826	2.40364
3091.827881	0.423325
3093.963623	0.333961
3096.535889	15.4949
3099.476807	1.53758
3104.004395	4.35756
3105.334473	0.473663
3106.370605	2.14895
3112.028320	2.05833
3125.588623	0.798849
3128.117188	0.158875
3129.077637	0.111609
3130.108154	0.0478492
3131.352783	0.0412554
3132.144043	0.00736088
3133.598877	0.0965345
3134.451172	0.132678
3135.296143	0.142941
3135.607666	0.00943312
3136.753906	0.0520171
3137.548584	0.0300965
3141.343018	2.3521
3149.889648	17.8631
3159.646484	5.56722
3162.981445	5.21484
3167.368408	2.0249
3170.078613	5.01517
3171.531494	1.50846
3173.753418	0.995085
3175.393555	0.387115
3176.958252	0.60267
3178.646240	1.02112
3180.359375	0.328343
3182.331787	0.417173
3184.006104	0.264442
3188.828125	6.66962
3191.888672	1.97044
3194.014648	0.82812
3195.101807	0.0595003
3195.975342	0.455866
3197.399902	0.174072
3198.353027	0.0905222
3200.418457	0.294379
3201.481689	0.0179827
3202.353760	0.0430285
3207.079102	0.401146
3208.201416	0.989907
3210.561035	0.0258587
3212.744385	3.11552
3216.054932	3.51795
3217.298096	0.937014
3219.991455	1.00884
3224.929688	1.59316
3228.914307	0.101739
3229.577637	0.0826282
3230.038574	0.00956161
3232.144531	6.26475
3234.648926	10.9218
3236.179932	2.7871
3238.934082	2.43283
3240.275879	0.00899971
3242.992188	0.919859
3243.953125	0.135467
3245.092773	0.0706253
3246.330811	0.0852003
3247.209961	0.374196
3248.453369	1.20344
3250.871582	0.0471172
3254.326172	14.4585
3259.199463	2.6931
3261.894531	0.0685776
3263.021729	0.338197
3264.214600	2.45288
3265.144287	0.252056
3266.213379	0.507535
3267.281494	1.16005
3270.785156	7.17753
3275.161865	7.23806
3279.275635	1.15606
3280.832031	1.46899
3283.651611	15.8532
3292.262939	1.67161
3294.038818	0.158861
3294.913086	0.817309
3297.352295	0.394415
3298.936523	2.54082
3302.857666	2.07354
3306.373779	2.5592
3308.482178	20.5267
3316.215332	5.85893
3317.404541	5.42378
3318.352539	1.4008
3319.285400	2.525
3320.597168	5.61091
3326.413574	11.7796
3332.235840	27.2491
3335.659424	0.754186
3339.885254	22.62
3343.437012	5.18311
3345.041016	3.34115
3346.892822	0.836007
3348.323486	6.11548
3351.831299	1.49419
3353.311768	0.302501
3354.465576	4.48359
3361.282715	6.96827
3368.787598	2.44276
3371.094727	10.5693
3378.121338	10.342
3379.995117	12.8612
3383.368408	1.13769
3387.213135	0.591202
3388.352051	0.807979
3389.767334	2.85083
3396.376953	42.8751
3398.770020	68.2574
3405.259521	15.1979
3410.419922	0.933813
3415.691650	74.4653
3417.818848	6.89192
3419.765137	33.0276
3423.561035	0.836206
3428.472168	13.4179
3431.498047	5.49267
3438.000488	0.0788708
3441.488525	2.65798
3442.894775	1.81348
3445.848145	0.0894433
3446.489746	0.140107
3448.943359	0.480187
3449.886963	2.00625
3453.399170	7.38579
3458.313477	7.17086
3463.587891	11.5161
3466.703857	2.95229
3467.787354	6.08338
3472.182129	9.03083
3474.176270	2.08667
3477.802979	5.30455
3480.456055	0.267399
3481.672363	0.341548
3483.795410	0.0515944
3484.639648	0.0479149
3498.036621	7.64968
3500.063965	5.51381
3502.776855	0.157192
3503.867676	0.292277
3505.371094	1.0325
3507.364014	0.154287
3508.519775	0.569367
3509.138672	0.175083
3510.595703	0.186131
3511.975342	0.288733
3515.293213	3.4913
3524.450439	2.0255
3528.356445	0.299863
3529.730713	0.0572176
3530.373535	0.147774
3532.133789	0.0739473
3533.864990	0.183391
3537.321289	2.7263
3545.772949	2.31996
3548.358154	0.397689
3550.863281	0.227573
3551.687012	0.40566
3553.119873	0.308941
3554.096924	1.25353
3555.835205	4.98698
3557.385986	1.83033
3559.699707	1.1787
3561.004395	1.65196
3565.989502	0.156592
3567.211914	0.0803932
3568.114258	0.0355708
3569.586426	0.048906
3570.657471	0.0287733
3575.310303	6.79476
3585.503418	3.46127
3600.277344	9.06693
3602.053711	0.990804
3603.620117	1.32338
3605.905273	3.27189
3608.040039	3.49411
3609.767334	1.82083
3611.877930	1.84736
3622.141602	3.96428
3623.735352	6.69481
3628.909424	0.412577
3631.703369	6.93176
3635.204590	0.225755
3636.139404	0.106271
3637.171387	0.51127
3643.471680	0.964262
3649.491455	0.221679
3650.856934	0.14336
3652.152344	0.0279786
3653.126221	0.085778
3654.338379	0.10958
3664.080078	4.04445
3665.844727	0.817623
3667.097168	3.5246
3670.382324	1.55446
3671.473877	2.03361
3674.064209	1.11425
3676.600098	0.17631
3678.676514	0.115354
3679.742432	0.214085
3682.324463	0.15158
3684.518311	0.179755
3685.088379	0.00130199
3685.931641	0.345153
3687.888428	0.0848804
3689.250000	0.122217
3690.211426	1.45712
3694.162842	7.36526
3698.980469	3.82627
3702.102539	1.75636
3704.084961	1.42609
3705.780273	1.726
3707.952637	0.924806
3709.795654	0.503472
3710.836182	0.179324
3711.974365	0.229428
3713.337402	0.133367
3714.753418	3.1786
3721.753662	1.21906
3723.425293	2.40172
3726.237305	2.47149
3727.288330	0.178456
3728.438232	0.469612
3729.741699	0.617997
3731.958740	1.45504
3733.214355	0.212667
3734.610107	0.0759255
3736.458496	2.71896
3737.697510	2.42627
3739.295898	0.144813
3740.084229	0.240971
3741.429688	2.29532
3746.185059	0.171564
3751.041748	7.79332
3752.195313	8.15457
3756.837891	0.150755
3758.017578	2.52746
3760.060547	6.92997
3761.774414	1.58776
3764.045410	2.49881
3766.563232	2.68834
3767.968262	1.22552
3770.301025	0.157651
3771.844238	0.482177
3776.341064	0.212802
3777.532227	0.321666
3778.771484	0.491392
3781.086182	0.825222
3782.372314	2.98546
3788.215332	6.68631
3790.350586	0.106156
3792.770996	2.0265
3794.357666	4.07281
3797.087158	0.556349
3798.581787	2.60735
3800.417969	0.203016
3802.630615	0.868568
3804.527344	0.834305
3809.420166	5.67572
3825.495117	6.38224
3828.702637	1.79199
3833.531738	4.074
3835.176025	0.297158
3837.474854	8.04676
3843.017578	0.499631
3845.340332	1.52277
3847.175781	8.11332
3850.582764	35.1539
3853.801025	1.33248
3854.954590	1.85097
3856.024902	0.549868
3857.025146	0.0948642
3858.122559	0.247715
3859.030273	3.24713
3861.368652	2.68767
3863.113525	1.846
3864.854248	0.204876
3866.464600	2.22206
3871.560303	0.2117
3874.203369	2.52956
3875.733398	0.465287
3878.104736	1.20046
3879.654785	4.0187
3884.900391	6.26867
3887.357666	1.17772
3888.469238	0.493107
3889.445557	0.929172
3890.970947	0.0740044
3892.749756	0.781651
3894.684814	0.325307
3896.753906	0.260737
3898.296875	0.186959
3900.723633	9.91626
3904.459961	5.76923
3906.223389	2.05761
3908.239990	0.938062
3912.830811	10.305
3916.375732	4.44827
3917.427490	3.435
3920.828125	2.02099
3923.393799	0.304149
3925.672852	0.192751
3927.979736	1.38009
3930.869385	2.41398
3932.863770	8.34283
3934.437500	2.86845
3936.414795	2.97451
3940.298340	0.0861642
3941.388184	0.522892
3943.706055	0.847976
3945.462891	1.51177
3948.059326	2.65237
3949.347656	1.3412
3950.148193	3.73854
3952.642090	0.193325
3953.795898	0.635037
3954.732910	0.90151
3956.297119	1.66598
3958.282471	0.493374
3959.331299	0.0436747
3960.223145	0.533245
3962.029785	0.092799
3962.636230	0.839719
3964.728271	2.45432
3966.729004	0.448386
3968.587646	2.16426
3969.647217	0.123279
3970.655762	3.44416
3973.784424	0.183673
3974.876709	0.553688
3976.060547	3.14275
3981.393311	5.87474
3984.391357	0.0360076
3987.870850	2.99561
3991.744141	1.93647
3993.368652	0.734062
3995.333008	0.546466
3997.075928	0.0352183
3999.990723	0.575657
4002.560791	0.0330084
4006.230713	1.18221
4007.452881	0.309506
4008.563232	0.392738
4009.760742	0.124169
4010.936279	0.481878
4013.490479	0.779396
4015.647217	0.943057
4017.661133	1.62404
4019.378906	4.5927
4024.206299	0.282937
4026.645264	29.8397
4035.095215	12.6319
4039.664795	16.528
4044.316650	3.86423
4045.329102	0.593447
4047.429932	1.79019
4049.422119	1.20997
4051.338135	0.316357
4053.468994	1.06966
4055.251465	2.0188
4057.310303	1.05081
4059.006104	0.958616
4065.569824	4.00567
4071.272217	0.425368
4072.887207	0.349133
4074.940186	1.44767
4076.526123	1.3005
4078.943359	1.80026
4080.321533	4.5976
4084.019775	5.90473
4085.282471	0.973901
4086.369873	0.430363
4088.088379	0.577689
4088.963379	0.278576
4090.183105	0.221313
4092.050781	0.0372379
4093.575928	1.16815
4095.729980	1.20817
4097.402832	2.36451
4099.501953	0.420147
4101.021973	0.577243
4103.895996	1.39325
4105.195313	3.20758
4107.908203	1.16364
4109.583008	1.0054
4111.494629	0.0338152
4113.070313	7.9996
4118.443848	18.5246
4123.486328	5.63211
4125.775879	0.0582353
4127.834961	0.302652
4129.285156	0.339248
4130.684570	0.493889
4131.754883	0.428451
4133.326660	0.677231
4134.912109	1.28392
4137.020996	1.97225
4138.867188	0.500012
4142.125977	9.2074
4145.572266	11.4584
4153.617188	17.2221
4157.485840	5.35155
4158.910645	5.88402
4162.562988	11.9451
4173.436035	8.55438
4175.658691	6.57549
4177.253418	26.6515
4183.636230	20.7327
4187.836914	0.962586
4189.794434	0.633861
4193.979004	1.7713
4196.273926	0.626623
4198.216309	0.529513
4199.750977	0.437291
4202.098145	0.399875
4204.756836	0.392004
4205.963867	0.444547
4208.313477	1.54338
4210.106445	4.93384
4217.213867	13.2932
4221.639160	0.765603
4223.320801	0.411751
4224.328613	0.050284
4225.804688	0.181734
4227.115234	0.0890604
4228.134766	0.0590561
4228.980957	0.11552
4230.261230	0.190596
4231.681152	0.0810479
4232.832031	0.0896065
4234.903809	1.58306
4238.058594	1.47172
4240.198730	0.629291
4242.311035	0.69134
4244.112305	0.795025
4250.002441	2.71257
4254.528320	7.15344
4258.927246	25.4767
4262.342773	2.85538
4263.275879	6.34729
4272.409180	42.4948
4274.877930	1.70483
4276.527832	21.572
4285.629395	6.89269
4287.204590	0.985578
4288.344238	0.98907
4289.641113	3.05342
4290.496582	7.33345
4293.409180	0.609687
4294.848145	4.02252
4297.283691	0.127947
4299.567383	4.24581
4302.007813	0.936115
4303.519531	0.986835
4304.933594	1.00477
4306.243652	0.162192
4307.232910	0.394498
4309.265137	0.96829
4312.534668	0.457061
4314.925781	0.764985
4316.569824	1.58976
4320.961914	3.98844
4328.273438	2.86438
4329.776855	0.115802
4331.016602	0.447662
4332.576172	1.56563
4336.493164	0.668698
4339.593750	13.2404
4344.608887	6.37952
4351.007324	8.9163
4352.587402	15.4621
4358.403809	0.668798
4360.139160	4.92353
4361.868164	1.87822
4363.639648	0.20346
4366.577637	2.12903
4370.163086	1.3771
4372.698242	3.774
4375.412598	1.50586
4377.396484	6.1891
4379.478027	2.02386
4381.483398	3.19291
4383.168945	0.810789
4383.934082	0.765495
4385.470215	0.864371
4386.863281	0.151199
4387.909668	0.115639
4389.269043	1.08993
4393.543457	0.0942493
4396.640625	1.39346
4399.671387	3.15227
4401.922363	8.79375
4403.853027	2.76155
4406.128906	1.2766
4410.116699	8.54767
4415.043945	0.522326
4417.013184	7.8918
4420.754883	17.4846
4422.647949	4.27056
4423.801270	13.6578
4427.527832	2.75768
4430.435547	0.14935
4432.317871	0.284625
4434.863281	1.41225
4437.234863	0.908017
4438.865723	2.74417
4439.554688	0.139253
4440.781738	1.38204
4442.498535	0.768542
4448.135742	14.6024
4451.542969	0.688771
4455.134277	10.4863
4458.788574	13.0633
4463.035645	1.70333
4464.452637	1.28043
4469.493164	3.94673
4470.953613	4.48089
4473.254395	0.621291
4475.142090	5.50402
4477.254883	2.37903
4479.169434	7.80116
4482.554688	9.1155
4484.619629	6.91652
4486.883789	7.49375
4488.768066	32.275
4500.007813	13.5116
4502.729004	0.774254
4505.041504	2.60445
4509.484863	24.1533
4516.972168	72.2134
4518.974609	211.697
4525.871582	14.22
4528.235840	8.3523
4535.737305	1837.01
4550.280273	136.898
4555.502930	2.81601
4557.358398	8.80226
4559.378906	5.74047
4562.266602	1.95008
4564.885742	26.887
4569.354004	19.5707
4573.821289	28.7435
4577.440430	4.84806
4580.964844	6.79547
4584.253906	3.13403
4586.378418	1.2359
4588.753906	1.88499
4590.563965	0.770187
4591.849121	1.83327
4595.950684	1.33699
4597.195801	1.2825
4598.024902	1.21924
4599.911133	0.44152
4601.485840	0.761387
4603.020020	4.33362
4608.961426	20.0079
4613.369629	7.49835
4615.666016	5.60379
4617.729980	1.72463
4619.885742	9.1083
4621.981445	2.48715
4624.309570	2.67957
4625.749512	0.285013
4628.510254	1.43145
4630.536133	11.2187
4633.408691	33.3102
4634.833984	43.4251
4643.351563	3.93238
4649.010254	12.7913
4651.113770	3.12202
4652.571777	32.1356
4657.270020	2.9773
4659.652832	6.92257
4661.245605	4.22024
4664.152344	30.4887
4671.097656	48.4375
4678.843262	16.1461
4680.998047	5.77981
4683.357422	1.15875
4686.250977	1.85562
4688.248047	1.97925
4689.683594	1.1052
4690.661133	1.04864
4692.866211	0.881767
4694.385742	7.03494
4696.767090	5.55121
4698.008789	0.469467
4699.104492	1.53518
4700.768555	0.695519
4701.545898	1.91292
4704.472656	0.60121
4706.015137	2.93526
4707.381348	3.00107
4710.575684	21.6665
4712.751465	9.00065
4714.391113	3.0574
4715.922363	62.3434
4719.838379	1.60995
4721.650391	1.12098
4724.077148	13.589
4732.653809	16.0588
4737.672852	6.60964
4740.963379	2.13966
4742.933594	4.56881
4744.232422	1.39408
4745.638672	2.24596
4747.105469	4.2538
4748.632813	8.9474
4752.376465	13.5641
4755.180176	1.83755
4757.539063	1.02741
4759.955078	6.25596
4765.096680	10.5039
4767.736816	3.28596
4768.588379	0.25866
4769.906250	1.5004
4770.538086	0.155252
4771.283691	0.0970109
4772.488281	6.94616
4774.935547	0.461522
4777.011719	25.2255
4781.746094	0.936615
4786.600586	103.147
4788.702637	81.9663
4796.670898	12.763
4798.321777	4.36545
4803.923340	206.952
4805.984863	154.279
4813.720703	20.7967
4818.714844	15.5385
4820.543457	21.0632
4825.290527	27.3729
4829.987793	1.60342
4831.539063	0.952363
4833.531250	2.79229
4834.536133	0.296293
4835.840332	3.15545
4839.507813	3.98778
4841.032227	0.1765
4841.687988	0.350031
4843.663086	0.882144
4846.261230	2.88428
4847.934570	1.60943
4849.316406	8.6227
4853.641113	0.892241
4856.134277	11.4206
4861.437012	12.6067
4864.467773	0.415382
4865.989746	4.41384
4866.971680	0.607585
4868.549316	0.252972
4869.697266	0.285617
4874.291016	16.8301
4878.440918	0.578411
4879.990723	0.491134
4882.117188	13.0516
4883.605957	11.1001
4886.192383	3.32555
4888.679688	13.4857
4892.112793	0.551318
4893.530273	1.68213
4894.582520	1.0273
4900.970215	94.0105
4902.308105	59.962
4907.585938	21.6765
4911.089355	1.72925
4911.991211	3.87214
4918.988281	125.685
4920.738770	16.1326
4922.865234	65.7426
4929.316406	19.1628
4933.101074	0.991911
4937.469238	3.51074
4938.954590	1.25281
4941.301270	0.642795
4944.343262	2.97071
4947.114258	4.00921
4949.008789	2.78748
4952.150391	8.00833
4958.696289	9.12054
4963.673340	0.850535
4965.557617	12.7375
4969.859863	9.28201
4971.537598	3.20065
4974.033691	8.79421
4979.135254	14.6175
4980.498535	1.64262
4983.072266	8.88097
4987.441895	0.421096
4989.282715	1.10978
4990.411133	0.305318
4991.642578	0.42374
4993.108398	0.330262
4999.141113	21.0106
5001.283203	6.65357
5003.610840	7.22876
5005.238281	42.1155
5016.540039	116.026
5018.792969	6.55964
5020.929688	28.7199
5032.091797	80.5745
5036.669434	0.60107
5038.681152	3.56835
5040.500977	3.60817
5043.469727	8.93688
5050.738770	14.2082
5053.396484	9.05505
5057.925781	0.60595
5061.065918	3.50713
5062.963867	9.15989
5067.393066	20.8703
5069.363281	3.43111
5071.684570	3.31922
5073.554688	1.36826
5076.336914	0.772796
5077.758789	0.478201
5078.914063	0.558621
5080.303711	0.214909
5083.528809	0.802192
5084.578613	0.371915
5085.624023	0.392412
5086.551758	0.510573
5088.422852	0.734378
5091.267090	9.58839
5095.340332	0.210656
5098.441406	32.1222
5102.229004	0.722462
5103.213379	2.19713
5104.837402	12.7393
5111.021484	5.58413
5112.150391	0.975608
5115.433105	1.46653
5117.730957	2.12885
5120.229980	2.22678
5122.138672	7.91437
5126.522949	2.21022
5128.000977	5.22636
5132.316895	1.56446
5140.229980	20.1666
5142.470215	0.57326
5144.005859	2.087
5145.890137	12.8142
5153.577148	4.64307
5156.403809	7.23089
5158.545410	6.91208
5160.490723	2.20437
5162.718750	12.4425
5167.449219	0.111566
5169.617188	4.53512
5173.270996	8.16517
5175.148926	1.52751
5177.553223	3.16656
5180.785156	2.9357
5183.541016	6.81871
5185.532227	2.13709
5187.342773	1.14757
5188.217773	0.426862
5189.230957	0.050361
5190.170410	3.75211
5194.842285	1.79907
5196.509277	0.722601
5197.963379	6.9986
5202.760254	9.48948
5207.055664	0.92688
5208.251953	0.906261
5212.323730	1.35666
5214.263184	1.6987
5215.358887	1.00329
5217.052246	4.6931
5224.275879	21.2321
5228.559570	0.476304
5231.114746	1.94321
5234.482422	9.78385
5236.904785	3.91435
5241.275391	1.55558
5243.094727	0.966325
5246.979980	0.949068
5248.919434	6.93193
5254.748047	1.30466
5257.066406	13.9229
5263.570801	5.67958
5265.937500	1.85834
5268.081055	1.04809
5269.689453	0.280861
5270.766113	0.888227
5272.351563	0.4029
5273.869629	0.0379106
5275.467773	0.722779
5276.782715	0.208692
5278.453125	0.690764
5280.595215	1.17028
5282.998535	0.716658
5285.434570	1.61619
5287.783203	1.05993
5289.770508	0.645116
5290.712402	0.115045
5291.798340	1.16112
5293.782715	0.0207115
5294.807617	1.80636
5298.804688	2.46109
5300.152344	2.68892
5302.535156	1.87402
5303.886719	0.760191
5305.125977	0.590447
5306.556152	6.12635
5310.799805	2.40574
5312.422363	5.98551
5320.294434	6.71654
5321.423340	4.47946
5326.400879	6.14576
5329.397949	0.703222
5331.066895	3.02751
5333.767578	0.494504
5336.746094	1.72273
5340.296875	7.73083
5344.719238	2.90247
5346.530273	2.16794
5348.617676	0.0605784
5350.849609	8.76419
5352.459473	4.90212
5354.778320	0.603938
5356.158203	0.043429
5357.859375	0.88874
5359.880859	7.07575
5362.529785	1.76894
5364.461426	3.60573
5367.367676	0.124295
5370.593262	8.8578
5373.074707	7.93629
5378.402832	24.6514
5382.596191	0.826216
5385.079590	33.7535
5388.939453	0.128157
5391.045410	0.0899178
5394.234375	4.193
5396.170898	5.00843
5397.631348	3.50662
5398.980469	3.46618
5400.397461	1.19004
5401.710449	1.13554
5403.863281	34.7155
5412.631836	33.035
5417.240723	0.788307
5419.184082	2.90107
5421.561035	2.9305
5424.508789	6.95983
5426.236816	2.84261
5427.995117	0.469125
5429.260254	0.202989
5431.140625	2.13043
5432.340332	7.40341
5437.050781	0.0981003
5438.912109	0.119017
5440.414551	0.0573351
5441.395020	0.648023
5444.279785	16.271
5446.099609	9.15106
5448.592773	2.71258
5450.989258	1.01276
5454.419922	10.6442
5455.960449	17.4323
5462.106445	27.2477
5465.067383	0.449539
5466.675293	5.64224
5467.999023	6.55702
5470.567871	5.06685
5472.442871	6.46367
5477.871582	32.6238
5483.053223	2.79706
5485.130859	14.5181
5487.056152	19.1911
5489.592773	39.7912
5496.100586	20.1742
5497.281738	13.8085
5500.433105	1.7308
5503.074707	36.4026
5506.172363	0.162205
5508.538574	23.2591
5514.552734	3.72484
5516.211426	6.20979
5517.623047	12.299
5521.359863	10.6697
5523.074707	24.3133
5532.536621	57.7085
5539.648926	33.8755
5547.056641	4.33849
5548.812500	12.428
5555.128906	0.683119
5555.982910	0.0192639
5556.983398	1.58127
5558.133301	0.667019
5559.970703	0.353033
5561.044922	0.573417
5563.444824	3.4975
5565.605957	0.523793
5568.791016	1.8644
5570.308105	0.0380217
5571.767578	2.57452
5577.084473	9.47345
5585.130859	0.71075
5588.075195	0.0723178
5590.126465	0.739095
5592.844238	0.420837
5594.280273	0.797654
5595.945801	5.52265
5598.075684	2.2939
5600.729492	4.199
5602.444336	5.42069
5608.551758	0.729957
5610.437012	2.68077
5611.419434	3.50623
5615.645020	3.74209
5616.949219	1.6792
5620.396973	3.86937
5626.041992	0.0174395
5628.342773	0.463959
5630.883789	1.63363
5633.271484	18.5186
5637.524902	0.0198207
5640.240234	32.2247
5645.165039	3.01542
5646.384766	1.82808
5648.811035	1.61295
5650.683594	0.634862
5651.378418	0.276782
5657.177734	25.5041
5663.600586	0.776505
5665.820801	0.91096
5667.839355	0.157795
5669.352051	0.633637
5670.484863	0.207805
5672.167969	0.0392628
5675.589355	8.42094
5681.375488	21.063
5686.530762	8.34378
5687.471191	13.1505
5694.068359	14.7367
5697.040039	0.278514
5698.792969	0.35012
5700.405762	0.482514
5701.256348	0.127414
5702.228027	0.035372
5703.177246	0.45115
5704.359375	5.01475
5709.071289	2.65773
5711.530762	2.30703
5714.285156	0.231102
5716.918945	2.64809
5719.908691	0.452361
5721.532227	2.41915
5723.095703	9.72997
5728.906250	12.5563
5732.181641	0.940566
5733.789063	0.394696
5734.891113	1.73003
5738.241699	0.486738
5740.442871	1.90107
5745.326172	86.4602
5752.386230	0.318566
5756.051270	29.6998
5759.326660	0.11516
5761.746582	3.33436
5764.565430	1.03137
5766.424805	2.66144
5768.587891	0.880165
5770.074219	1.741
5770.983887	0.734396
5772.961914	0.428693
5776.084961	2.99157
5777.582031	5.77697
5781.132324	1.83694
5783.854980	7.97068
5785.755859	3.36322
5788.092773	0.468794
5790.078125	2.74258
5792.406250	0.186628
5795.178223	4.9972
5801.590332	1.75595
5803.568848	1.39194
5804.942383	0.600084
5806.726563	0.862652
5808.454590	0.990971
5811.452637	14.5608
5814.775391	20.3689
5821.375000	25.363
5825.336914	0.196213
5826.219238	0.179656
5829.569824	20.4051
5831.721680	11.5103
5836.653320	8.78001
5838.081055	2.96543
5842.017578	2.68915
5843.799316	1.30001
5846.086914	19.6379
5851.356445	10.0534
5854.178711	62.7785
5860.067871	25.1789
5864.338379	2.04445
5866.806641	21.4986
5869.292969	6.25507
5872.821289	37.6893
5877.485352	3.93427
5881.000000	17.3078
5885.538574	9.97283
5888.638184	2.26995
5891.523926	1.81493
5893.726563	23.2327
5903.683105	1.39892
5905.987305	6.33839
5908.518555	0.422009
5911.396484	6.24783
5919.058594	25.4162
5921.183594	6.64909
5922.446777	4.91715
5926.427734	13.8524
5927.480957	22.2169
5934.644531	68.3635
5939.766602	90.6032
5950.450684	214.907
5952.029785	234.155
5968.441406	1008.07
5985.098145	1755.42
5998.397949	40.7753
6003.284180	120.524
6009.826660	2.4261
6012.095215	22.1667
6022.439453	40.9447
6025.605957	0.106818
6034.272461	39.2649
6036.476074	27.6714
6043.353516	4.40067
6047.458984	25.1514
6049.450195	16.0703
6057.225098	28.0109
6065.193848	330.452
6074.628906	11.1743
6077.141602	1.79429
6082.075195	121.116
6084.464844	6.79615
6085.982910	135.352
6093.491211	1.77733
6097.603516	69.6067
6099.580566	20.6556
6102.425293	64.8408
6110.747070	0.245007
6112.983887	2.82867
6115.413086	2.03202
6118.194824	2.64655
6122.563965	40.5676
6137.542480	17.9657
6143.997070	3.63609
6149.795898	2.67432
6151.479004	1.20616
6155.575195	1.37546
6163.146484	21.8111
6172.150391	19.5825
6173.616699	20.6676
6179.674316	1.62699
6181.832031	3.86765
6185.252930	14.1337
6192.944824	4.51699
6195.710449	6.03871
6197.738770	4.37446
6200.837402	39.8375
6205.695801	0.876932
6209.546875	20.9764
6214.518066	10.4703
6220.334473	9.16644
6228.810059	15.8084
6233.512695	2.12474
6235.875488	7.64315
6240.902344	1.60571
6243.566895	2.95581
6245.709961	17.3813
6249.963379	0.490291
6254.565430	47.2299
6260.604492	0.876489
6264.128906	2.56328
6265.945801	1.10735
6268.124512	1.07243
6270.181641	5.99676
6274.497559	2.9126
6276.943848	9.02628
6282.058594	19.2157
6288.458984	3.44255
6291.000488	0.79432
6293.687012	1.03226
6295.589355	0.695518
6297.407227	1.54797
6300.354004	0.197765
6302.604980	1.67427
6304.896973	0.763093
6307.407227	1.15641
6311.004395	1.86908
6313.192383	0.0683556
6315.166992	0.638197
6317.398926	15.9662
6322.667969	9.01702
6324.156738	9.43138
6330.859863	5.24169
6332.356934	1.01824
6333.775391	0.742107
6337.556641	5.95172
6339.567871	5.5237
6342.350098	19.769
6348.812012	14.4287
6350.840332	7.00065
6353.820313	1.60003
6355.282715	1.33831
6358.198242	9.19769
6360.388672	14.8616
6364.520020	1.84004
6366.384766	0.773477
6368.947754	12.6195
6370.859863	29.711
6382.051758	34.004
6386.510254	1.0647
6390.415039	14.0525
6394.112793	12.8933
6396.622559	3.91378
6400.508301	46.5796
6407.796387	67.9963
6413.915527	9.43226
6416.217285	2.8428
6418.748535	2.57468
6420.903320	3.91484
6423.440918	2.69098
6429.684082	19.3131
6431.889648	2.80269
6434.900391	16.5399
6438.812988	8.52012
6440.104004	3.74234
6442.646973	5.72876
6444.853027	9.48383
6448.425293	2.43697
6450.684082	4.84532
6454.098145	4.62967
6457.036133	5.42612
6459.042480	14.838
6466.248047	15.5733
6471.751953	24.0693
6479.888672	1.30331
6481.655762	0.322881
6485.025879	1.22526
6488.230469	11.0184
6493.362793	1.44365
6496.826660	26.3612
6501.965332	19.7755
6516.564941	86.2238
6527.750488	51.5416
6534.834473	28.5786
6541.537598	28.569
6546.984375	9.88198
6552.177734	15.168
6557.845215	10.2589
6560.722656	35.1263
6569.113770	8.36213
6571.235840	5.13089
6574.377441	2.42665
6577.186035	17.7999
6582.712891	41.2887
6591.799316	44.0701
6596.488770	4.43314
6598.627441	2.51284
6600.892578	0.771093
6603.831055	1.30521
6605.712402	3.49437
6610.421875	2.25693
6612.249512	1.07338
6615.201660	0.21675
6619.126953	6.21428
6625.750488	7.5523
6630.778320	8.32167
6634.935547	0.202294
6636.807129	1.17111
6638.607910	3.08794
6639.994141	11.0166
6645.111816	0.10716
6647.325195	6.54513
6649.263672	18.0694
6654.771484	5.3286
6656.705078	2.34785
6659.117188	10.6948
6667.473145	8.56912
6669.652344	17.9673
6677.731934	7.20764
6680.295410	4.89888
6682.566406	4.55177
6684.997559	5.29122
6687.247070	18.0197
6692.004395	1.00296
6699.212891	7.15539
6702.684570	4.52675
6705.210938	1.4815
6706.888184	1.36984
6708.241699	2.51687
6710.638184	4.36513
6711.746582	3.99659
6715.002441	0.297455
6716.554688	1.03192
6717.441406	1.07942
6720.146484	0.924696
6722.951172	0.921067
6726.397461	4.23116
6728.462891	3.04114
6732.855469	9.26278
6734.726074	48.279
6745.180176	0.505147
6746.690430	1.08181
6748.636719	7.05949
6751.016602	6.27287
6753.312012	5.9419
6755.964355	0.410332
6757.781738	0.787048
6761.159180	3.94418
6764.741699	7.756
6765.996094	2.96427
6768.441895	9.31544
6771.416504	2.09869
6773.795410	7.28378
6782.445313	22.1041
6786.817383	0.209145
6788.524902	2.20295
6791.098145	3.17025
6793.326660	3.13798
6795.819336	0.975789
6798.604492	0.960282
6801.336426	1.838
6806.581055	40.2458
6810.091797	1.2912
6812.293945	19.9925
6822.217285	31.889
6824.063477	10.4945
6827.028320	1.76496
6828.873047	0.262985
6832.348145	3.11158
6835.638672	6.80005
6836.842285	2.58005
6839.859375	1.2116
6842.368164	12.7139
6848.052734	15.728
6853.656250	1.0586
6856.146973	5.10656
6858.499023	16.8769
6865.039551	12.9081
6874.452637	20.6381
6877.580078	0.926742
6879.783203	22.6207
6889.831543	32.5341
6892.028320	54.4458
6903.193848	22.3225
6905.493164	3.17645
6908.768066	8.50703
6910.672852	11.0918
6915.804199	7.92847
6917.691406	2.95549
6920.780762	8.08078
6923.366699	1.89829
6925.930664	6.36397
6932.817383	65.8597
6944.825684	10.4963
6947.121582	8.20719
6954.177246	18.1377
6958.945313	8.40681
6968.105469	30.8762
6972.201660	4.27803
6978.166016	13.2303
6986.204102	28.5691
6997.540527	7.31345
6998.700195	0.621084
7000.221680	4.87596
7004.751465	3.44377
7007.479980	13.7152
7010.329102	0.696423
7012.109375	0.823427
7014.062012	2.11939
7016.549316	2.38653
7018.375488	1.89673
7020.161133	1.1469
7021.479980	0.542432
7023.384277	0.807311
7025.511719	2.10729
7031.018066	32.3198
7036.106934	2.69739
7037.902344	7.69286
7042.575195	1.42802
7045.765137	38.5687
7052.423340	29.4211
7059.565918	15.5986
7063.792969	4.39244
7068.581543	30.7273
7072.166016	5.1438
7074.476563	5.17545
7077.660156	3.17039
7080.741699	3.943
7083.155273	2.64825
7086.378418	0.909785
7090.449219	14.564
7094.637207	0.265281
7097.692383	0.554612
7100.514160	1.34694
7104.523926	3.55321
7107.796387	2.18655
7110.702637	3.12582
7113.674316	1.71839
7116.383301	2.21255
7124.347168	5.9472
7128.298340	10.2413
7129.796387	18.9255
7137.873047	24.9622
7142.655762	13.0447
7147.106445	2.22575
7148.405273	0.882215
7150.337402	0.977035
7152.258301	1.14578
7153.924316	5.83122
7159.236816	4.52726
7165.955078	21.3306
7172.831543	27.5682
7179.037109	8.01555
7186.064941	14.1484
7190.819824	53.2185
7195.757324	2.16529
7199.169922	25.3217
7201.446289	0.893354
7203.289551	8.48639
7205.586914	27.8245
7214.621094	39.8872
7216.996094	4.75267
7222.886719	38.9875
7227.712402	0.179927
7230.249023	2.51604
7233.539551	1.62123
7235.889648	1.80473
7238.759277	3.47544
7242.458984	7.65629
7246.623535	1.62177
7252.726563	78.0513
7265.163086	20.7092
7271.758301	58.9721
7275.256348	3.85224
7277.921387	77.2173
7292.374512	147.369
7297.332031	56.1341
7299.229492	133.563
7306.884277	0.0598433
7314.810547	558.601
7330.702637	623.901
7339.375000	13.6624
7346.508789	89.3193
7349.970703	194.63
7357.395508	17.9881
7366.021973	157.319
7373.520996	55.3527
7376.567871	4.61444
7378.446777	2.48016
7380.928711	0.398268
7383.009766	14.4661
7392.265137	41.2151
7394.897461	197.734
7409.921387	237.745
7411.672852	294.653
7418.486328	1.23356
7419.915527	0.355157
7428.128418	616.566
7445.995605	606.919
7457.123535	5.3779
7459.959961	5.26675
7465.425781	78.6653
7472.079102	1.10737
7475.190918	9.02092
7483.773926	1.02749
7486.533203	4.45491
7493.551270	20.5875
7502.903320	4.0895
7505.267578	1.14448
7508.561523	4.00923
7510.173340	0.399815
7511.638672	0.369733
7516.826660	12.2173
7521.984375	21.253
7525.538574	2.90573
7527.963867	2.83677
7531.149902	12.951
7536.141602	2.72757
7538.371582	3.70211
7542.913086	35.1705
7550.580078	39.5563
7559.000488	5.04816
7561.279785	2.58362
7564.293457	59.1068
7575.722656	11.5481
7579.495605	28.8952
7585.974121	2.27802
7593.937012	6.0026
7596.743164	0.899412
7599.504395	2.27024
7604.280762	8.18623
7607.057617	1.36297
7610.830078	18.1668
7619.854492	2.41091
7622.838867	5.35542
7625.520996	15.8848
7629.637207	1.03184
7632.871582	2.40375
7635.249512	5.27139
7639.389160	9.7864
7646.760742	22.9377
7649.116699	15.366
7653.940918	0.275327
7657.958008	16.6603
7663.208984	15.0495
7671.054688	14.2129
7675.864258	5.84621
7678.670898	4.16757
7681.103027	0.881786
7682.958984	2.25248
7685.814941	2.90752
7689.016113	10.6541
7695.585449	8.06592
7696.764648	6.19716
7700.394043	0.0354425
7702.531738	1.02893
7708.587891	4.24237
7711.568359	8.63307
7721.373047	0.175823
7727.091309	10.2664
7728.716309	14.0962
7734.033691	1.69178
7735.928223	2.71047
7740.246094	0.792533
7743.656738	3.8622
7744.675293	1.83726
7746.920410	4.45224
7749.911621	2.11496
7752.821777	0.724507
7757.892090	4.52975
7761.170898	1.7895
7763.604492	3.47922
7771.692383	19.9474
7776.446289	14.5177
7779.418945	2.72624
7781.801270	1.672
7783.375000	0.672244
7784.817871	0.738712
7787.233398	0.487378
7790.557129	17.7291
7797.146973	6.37563
7801.409668	2.23523
7804.282715	0.410938
7807.429688	2.12105
7810.193359	1.89292
7812.943359	7.20176
7819.628906	3.15509
7822.839844	24.4238
7829.407227	14.8839
7835.237305	15.8036
7840.602051	2.92048
7842.711426	1.97382
7844.242676	0.24743
7846.006348	0.64612
7847.924316	0.153274
7849.890625	2.32989
7851.687988	1.08865
7853.109863	0.596355
7855.101563	3.38003
7859.575195	0.720408
7864.842773	19.3274
7870.588867	0.692725
7874.665039	2.3541
7876.554199	7.89151
7885.912598	12.7463
7893.013672	4.60257
7895.724121	0.546586
7899.866211	9.08646
7902.775391	0.462116
7905.147461	14.2005
7911.226074	16.4209
7912.948730	2.47147
7916.010742	11.1364
7921.980469	7.59833
7926.156250	0.512523
7930.013672	2.444
7932.084473	8.93774
7939.814941	22.8885
7943.785156	1.20809
7945.142090	0.79847
7946.933105	1.54636
7950.540039	0.953216
7954.861816	3.32299
7957.910645	1.89642
7960.749512	0.755352
7963.571289	1.98914
7970.400879	1.77752
7973.017090	2.61311
7976.854492	14.0194
7982.105469	1.00309
7983.720215	2.64788
7986.092285	2.15751
7991.175293	27.687
7997.912109	8.45107
8012.579590	12.224
8015.348633	1.15006
8016.785645	0.249765
8018.248535	2.80525
8022.411133	13.0638
8036.541016	3.05854
8043.060059	39.4924
8050.215820	14.0913
8057.770508	17.359
8060.703125	0.0849874
8062.479492	0.703448
8064.184082	2.77126
8069.225586	6.63934
8076.290039	7.23755
8079.310059	0.0549415
8082.568848	1.83724
8088.224609	0.378416
8089.261230	0.113495
8092.108398	0.461024
8093.931152	0.484905
8096.379395	0.808741
8098.195801	0.186693
8099.582031	1.90248
8104.666504	4.19202
8108.697266	0.760227
8110.941895	4.65066
8116.502441	1.71089
8117.713867	1.18148
8124.236328	4.56299
8131.449707	2.11759
8135.467773	1.49253
8138.429199	0.552427
8141.717285	0.508867
8144.123535	0.0438995
8163.661133	1.06165
8166.765625	0.202174
8168.510254	0.256057
8169.902344	0.216462
8171.710449	1.51376
8179.361816	2.57846
8183.482910	1.01207
8185.728027	5.1048
8193.943359	1.18614
8195.800781	0.2022
8203.503906	25.8004
8212.602539	5.36404
8215.119141	2.04322
8217.975586	0.804812
8220.650391	0.186495
8222.710938	0.0853179
8224.161133	0.0449146
8226.194336	0.281194
8229.085938	0.208964
8230.792969	0.19076
8234.308594	0.66994
8237.124023	0.699566
8241.001953	0.926335
8243.507813	0.180704
8245.705078	0.42843
8249.275391	0.481577
8252.126953	0.463915
8255.334961	0.493344
8257.283203	0.463623
8260.958008	0.531814
8263.876953	1.16083
8267.227539	0.66378
8268.772461	0.871456
8272.373047	1.61435
8274.318359	1.85187
8279.653320	4.97019
8282.940430	6.86677
8290.752930	0.0820248
8292.865234	0.113321
8298.499023	1.60275
8301.487305	4.42535
8304.182617	1.62704
8306.992188	1.26115
8309.506836	6.58054
8317.356445	1.42881
8318.906250	0.67985
8320.564453	0.524373
8323.124023	6.33957
8332.738281	13.6074
8342.699219	2.92737
8351.635742	6.19631
8354.977539	0.40888
8356.738281	1.61011
8359.755859	6.67275
8362.196289	1.93504
8365.869141	1.22088
8368.250000	1.17937
8371.017578	0.126087
8372.886719	0.358794
8374.893555	2.63733
8377.736328	3.3441
8380.197266	4.28629
8387.478516	9.05446
8394.826172	6.10477
8396.565430	0.296528
8398.769531	14.476
