TITLE "<<210528_CED_CKF_A8_PM_7776_XF_M23_ThermoSIN_MSMS1kVPos_Sen_MetON_AlkTrx_XCal_TIS_100Da_10K_6800hv>> 4700 MS/MS Precursor 7776 Spec #1=>AdvBC(32,0.5,0.0)=>NR(2.00)=>SM31=>CT[BP = 5678.0, 1071]" CENTROID
TYPE MASSSPEC
9.980823	14.9499
11.820685	2.94846
15.436687	0.0185023
15.789356	2.09287
16.071308	0.211174
16.198633	0.0677512
16.258913	0.0228901
16.336315	0.0582395
16.425755	0.0118469
16.517025	0.433419
20.938974	11.5346
21.638018	0.0806905
21.904533	0.269531
22.039690	0.106745
22.115086	0.0233602
22.188429	0.0225118
22.227901	0.0282107
22.306170	0.0197236
22.376713	0.168946
25.271431	17.7113
30.642611	3.5569
31.181734	2.90871
31.682009	1.40818
32.828403	2.12386
34.670231	2.76573
34.925026	0.734755
35.139141	0.661348
35.306370	0.180667
35.555485	1.17582
37.564541	3.77306
38.439529	10.8654
38.996902	2.14623
39.263084	9.72719
39.385571	17.8487
40.229351	20.7503
40.600452	1.88403
41.290058	2.9842
42.575123	19.0407
44.448029	3.79254
44.785889	0.652197
44.924183	0.917294
45.163925	0.286838
45.382046	0.218836
45.536243	1.68301
46.591003	0.160078
48.334248	40.0727
48.540115	1.49405
48.775433	2.68825
48.912926	0.823696
49.438343	55.4757
50.084057	3.29939
51.016197	36.3511
51.262455	100.107
51.418865	68.0141
51.552349	10.2309
51.638046	24.1586
51.809113	53.4384
51.966133	4.80575
52.087620	58.8897
52.355190	31.6877
52.520981	8.39107
52.694073	29.3039
52.765438	3.33107
52.877346	64.4068
53.178600	0.913711
53.250668	1.4909
53.412907	13.0559
53.494858	38.6258
53.829113	2.38816
53.964420	4.636
54.203667	44.5686
54.484760	8.09652
54.662254	3.88789
54.794495	48.943
55.224430	10.1675
55.376213	30.771
55.759537	4.34656
55.932404	6.04671
56.166019	1.29082
56.404770	3.00502
56.728825	20.9272
57.393169	19.8712
57.954937	12.1103
58.434238	5.5766
58.642231	1.36169
58.902802	1.221
59.148830	0.401856
59.399620	7.25223
59.970963	20.7887
60.550091	21.4341
61.229099	20.9165
62.073376	2.89439
62.630898	8.80366
63.338268	12.5359
63.953552	5.79156
64.740601	5.18414
65.422783	3.54376
66.016251	2.13873
66.296646	0.305441
66.437874	0.260516
66.604729	0.168726
66.764290	0.144808
67.195984	0.795484
67.401840	0.290692
67.553261	0.165027
67.701965	0.0933621
67.904549	0.165197
68.265259	1.65253
68.876045	13.5866
69.831169	10.1763
70.532211	24.59
71.294121	19.3882
71.814072	1.23101
73.028748	3.02144
73.213783	7.93449
74.098160	9.97303
74.696381	3.87362
75.142380	1.02845
75.320114	0.121656
76.279564	7.1091
77.157463	5.30897
77.504539	1.08029
77.741821	10.7757
78.433464	4.09018
78.604935	0.242744
78.693954	0.0411358
78.959610	0.200382
79.304459	0.559678
79.525276	0.268473
79.740677	0.0281445
79.893723	0.506366
80.098137	0.684224
80.245583	2.0787
80.649834	1.58802
80.924271	8.56293
81.471611	6.32441
81.908035	0.179504
82.356140	26.2684
83.565910	40.7818
84.674103	39.2532
85.824921	13.1053
86.675713	2.67871
87.532227	0.192306
87.755486	0.0998199
88.144379	2.29501
88.987152	1.41687
89.997597	0.136942
91.218323	7.07391
91.614273	3.73052
91.803452	15.3405
92.802200	0.148928
93.606125	6.69599
93.804008	0.796934
93.955620	0.240983
94.127563	0.833492
94.329239	0.0576468
94.467659	0.252824
94.692390	2.76947
95.429092	4.10983
96.122772	6.76201
96.493080	0.456178
96.773361	3.45779
97.446068	9.61004
98.215256	14.4663
98.992256	10.2463
99.396278	0.284921
99.683876	7.84439
99.944466	0.543701
100.255089	0.375461
100.472374	3.54767
101.035789	17.7414
101.713516	12.0743
101.954185	0.542581
102.325760	1.26565
102.805519	9.35224
103.754631	13.466
104.424370	10.6261
105.200447	7.09023
105.861885	3.42698
107.246338	19.9386
107.532104	4.4935
107.953003	0.101901
108.136032	1.22251
108.497887	2.54821
108.742470	2.01185
109.388306	2.93844
110.056854	5.32265
110.647064	1.54005
110.953926	9.36546
113.144928	2.89514
113.692413	0.747865
114.075897	1.57824
114.442093	6.56797
114.749504	3.63556
115.082291	3.71827
115.367134	0.874934
115.601776	1.24158
116.185066	0.921537
116.493553	1.37425
116.804031	2.19724
117.895828	0.880055
118.808487	12.9088
121.065254	5.97628
121.684814	5.73114
121.995415	2.01501
122.301163	0.321858
123.075668	20.1105
124.028008	4.56294
124.453873	0.445986
124.850685	1.3664
125.112648	0.0972153
125.415474	0.169657
125.566010	0.0123886
125.743279	0.0179859
126.232086	0.787401
126.480621	0.293375
127.115128	3.45751
127.485260	1.3424
127.747978	8.63562
128.705658	11.1214
129.018082	1.53084
129.418549	2.55593
129.672165	0.0389767
129.790665	0.848596
130.122223	4.82909
130.698456	0.449073
130.933685	1.17745
131.206299	11.7761
132.016327	4.15151
133.027695	10.3986
133.918579	11.9044
134.657135	11.4962
135.330948	0.690983
135.656784	1.55216
136.012177	0.325862
136.497330	1.23656
136.889893	1.30641
137.154846	0.190525
137.285553	0.445839
137.619354	0.0521735
137.794617	0.0584467
137.994202	0.391022
138.262741	0.721826
138.489166	0.0378271
138.681213	0.185646
139.023636	0.686696
139.446121	0.792881
139.723068	1.04383
140.483231	2.29611
140.915024	0.661894
141.266907	0.759658
141.606262	0.0760019
141.855789	0.151578
142.000214	0.421576
142.552963	0.283861
142.916870	0.544666
143.262146	0.148703
143.743668	2.77819
145.990784	22.2413
146.504517	1.4214
146.799316	3.25318
147.200623	0.482838
147.512207	0.868651
148.124969	0.108826
148.410034	4.84029
150.348602	10.9982
150.701767	5.68493
151.019501	8.13033
151.404465	4.66073
151.616272	23.5313
152.709579	6.73941
152.966675	0.998848
153.296402	2.33833
154.106293	1.15822
154.529587	1.42306
154.869659	2.27817
155.039566	0.401275
155.219330	6.24554
156.042679	0.0897211
156.740952	1.33312
156.965164	2.52489
158.309006	0.960556
158.644943	1.73176
159.096909	0.254667
159.675110	6.78566
160.249908	0.0299052
160.626205	15.2287
161.233002	6.3983
161.586166	3.48131
161.961197	7.96266
163.610779	4.10078
163.919815	1.62664
164.657669	0.650703
164.974518	1.65134
165.110168	0.538361
165.662781	1.1369
166.011185	2.29695
166.546036	2.23226
166.733505	0.769873
167.062241	0.262612
167.276703	0.11472
167.507736	4.45846
169.069382	1.54322
169.932251	13.1883
170.819443	3.18235
171.519089	0.628015
172.476181	4.58854
173.265930	0.559733
173.455643	1.13494
173.974655	0.073777
174.252701	1.447
176.838074	1.972
178.009720	3.42065
178.360870	0.280159
178.577347	0.26028
178.823196	1.00303
179.280884	0.481692
179.589386	0.154198
179.717484	0.210511
180.099518	0.999109
180.918854	11.0008
182.556503	2.55379
183.016678	0.188681
183.444107	0.563939
183.911194	0.656898
184.301636	4.59475
185.095718	6.54944
187.068619	1.166
187.485779	2.66861
188.110367	2.64554
188.273560	0.101043
188.554291	0.715972
188.933105	0.498646
190.100449	4.70809
190.783951	1.19267
191.231384	2.4243
192.314636	14.5886
196.252411	2.60947
196.564041	0.790847
196.934830	0.889738
197.197861	3.11916
197.376465	1.57717
197.706573	0.736036
198.407730	10.5564
200.709061	0.0343196
203.710159	7.62215
205.035583	0.180691
205.417313	0.279935
205.746475	0.316413
206.005234	0.0714553
206.242416	0.0899923
206.590088	0.0424731
206.970093	1.57426
208.208603	0.5101
208.710876	0.172372
209.119598	0.231722
210.096939	0.984932
210.710495	0.876142
211.143921	1.35366
211.542282	0.92577
211.784042	0.0963567
212.254837	15.0906
213.005508	2.06226
213.344910	3.1075
213.868240	1.38262
214.925827	0.684917
215.889297	0.115546
216.652771	0.407291
217.165176	0.630972
217.409958	0.478231
218.312851	7.97161
219.130707	2.60935
219.517197	1.46838
220.029922	0.44673
220.623062	3.01211
224.109665	0.494299
225.738907	0.0310905
226.055923	0.0536556
226.264404	0.0536599
227.063538	2.75202
229.961746	1.30731
230.642365	0.0844242
230.893860	0.0807849
231.324585	0.0947259
231.714340	0.131258
232.070648	0.297979
232.314499	0.0427412
232.609238	0.0962615
233.001633	0.0914599
233.463257	0.0544414
234.066864	2.809
235.414612	2.43501
236.409363	0.941267
236.747879	0.0469854
238.356949	1.09573
238.793091	0.0981543
239.015839	0.0757447
239.227478	0.371914
239.490753	0.20544
239.836227	0.0577105
240.155273	0.218352
240.628967	3.22872
243.067551	0.113912
243.462524	0.469635
243.798309	0.304115
244.045624	0.356132
244.374680	0.424776
244.663498	0.104012
244.941101	0.0970381
245.161331	0.0206442
245.315659	0.018582
245.507736	0.0100439
245.676361	0.037605
246.159348	0.00925739
246.516693	0.27494
247.768356	0.0828551
248.074677	0.113509
248.314758	0.15165
248.670212	0.0661552
248.950058	0.0468662
249.206390	0.0559334
249.661224	0.0454438
250.121597	0.0724713
250.400711	0.0527997
250.691574	0.0310478
251.055099	0.0253106
251.334518	0.0312201
251.644730	0.0475943
251.976395	0.304852
252.975891	4.29764
253.998962	7.02167
254.548264	5.30788
254.947479	5.748
255.462982	1.97687
256.670868	0.49763
257.008179	0.569701
257.307678	0.36305
257.628479	0.550969
257.959045	0.277609
258.233398	0.191064
258.668762	6.07297
261.742279	1.62947
264.303345	3.10888
264.709045	0.633453
264.883850	0.0241056
265.190125	0.484782
265.649414	0.910789
266.457458	0.61807
266.910309	0.561925
267.479309	0.327015
267.950256	0.146003
268.987823	2.43682
270.109070	0.338215
270.446838	4.71653
271.757935	14.0453
273.546753	5.76535
274.561157	1.46131
277.261353	0.834742
277.593658	0.333413
278.129669	0.585236
278.565918	0.285203
279.003571	0.431141
280.153412	0.906682
281.661835	4.50925
284.801331	1.1901
286.083984	5.62719
287.335846	2.64802
287.708862	0.901719
288.383850	0.37048
289.237305	0.735295
290.528748	0.0773611
291.300720	0.00823676
291.523590	0.0299579
293.180786	5.5965
298.874878	0.414791
299.251495	0.0790709
299.603058	0.347198
299.988739	0.09265
300.201416	0.0427331
300.650452	0.123342
301.322906	5.50524
304.757843	3.85472
305.647949	9.9454
306.380829	1.79546
306.852692	2.73433
307.411407	2.79463
308.917267	0.253714
310.735748	4.01729
313.551758	0.208228
314.197815	0.00957744
314.426605	0.0158858
315.152222	0.0877121
316.063354	2.10671
318.137421	0.0148551
319.199219	0.250745
319.669006	1.24413
320.220612	0.310431
321.694489	2.71206
322.530518	0.0132747
322.766357	0.0150269
322.976288	0.0292002
323.455170	0.0135778
323.947449	0.171716
324.794220	0.985776
325.336243	0.541022
325.944183	2.37086
326.263489	1.897
326.608673	13.6861
327.887360	1.93878
328.872284	20.5797
330.369873	12.7795
331.987061	4.09524
333.373291	5.75672
334.295929	1.09343
334.770752	2.72018
335.343994	0.442874
335.888123	0.670196
337.005188	0.196701
337.255585	0.0101055
337.522186	0.0196455
338.116943	3.83892
339.774353	3.3965
340.543335	0.505204
340.921783	0.0421798
341.361816	6.7803
342.714172	7.85329
343.294067	3.57594
343.868896	2.59381
344.529236	0.624525
345.050720	2.54374
348.770630	1.08372
351.163116	2.28403
351.507111	0.219121
351.774414	2.50787
352.967529	6.61913
354.314056	1.87671
356.381439	0.982592
356.760773	0.222594
357.252869	0.438979
357.838501	1.27932
358.556671	0.404544
359.125702	0.309075
359.861145	0.106846
360.286713	0.077886
360.587524	0.220848
360.913788	0.239657
361.114319	0.0295487
361.315826	0.0673051
361.648834	0.056259
362.054565	0.791186
363.599670	0.825084
365.160309	0.195423
370.194427	4.44044
371.396027	0.35075
371.897827	5.24231
373.478241	1.8221
374.366974	0.0790192
375.305511	3.03639
376.698395	8.03011
378.707855	11.2984
380.187836	0.632104
381.328094	0.48249
382.963715	1.36424
390.378815	0.7601
392.393219	0.384206
393.812408	0.168611
394.665131	0.269818
398.189728	0.152076
398.734467	0.0684234
399.189148	0.119203
399.469421	0.118092
399.852081	0.0600903
400.056122	0.0081834
400.313293	0.0337183
400.684357	0.273408
401.951874	0.291403
402.688599	0.229285
403.347565	0.183206
403.991425	0.0824444
404.618286	0.0329546
405.096710	0.00358428
405.770569	0.00587833
406.256561	0.0153871
406.477631	0.0134551
406.622223	2.7015e-005
406.748077	4.47647e-005
407.061127	0.00273291
407.357025	0.00232619
407.530243	0.000192912
408.265198	0.0550162
410.208252	0.108351
410.782745	0.19349
411.125305	0.118339
411.500519	0.0524298
411.949493	0.100646
412.567230	0.122085
413.245422	0.0493219
413.766205	0.0164243
413.949463	0.00848784
414.816895	0.581059
425.553040	1.65538
428.223480	3.16697
430.461639	1.44992
431.233582	0.144642
431.529480	0.126027
431.793396	0.377564
432.144836	1.28108
433.041534	0.623495
433.614716	0.229122
434.300690	0.0867736
434.684998	0.0054207
435.708771	0.0208435
440.527710	2.08073
454.107758	0.0280792
454.427124	0.0304636
454.740448	0.00190038
454.953125	0.00519229
455.294220	0.0159694
455.534027	0.0131535
457.693146	3.16606
460.967651	0.452679
462.373047	0.0702267
462.948456	0.107145
463.296967	0.0711787
463.595795	0.0341098
463.775726	0.0058012
464.179260	0.0186437
464.479095	0.0183181
464.726898	0.00404605
464.916138	0.00411036
466.755798	1.02425
469.223846	4.37391
470.718384	1.47173
471.273071	0.331836
471.815552	0.250269
472.530396	0.462091
473.104004	0.0706322
473.296539	0.0695701
474.027893	0.12293
474.659332	0.00603716
475.316101	0.184104
475.953918	0.0488122
476.407867	0.263483
477.111694	0.137021
477.857300	0.0997631
478.650635	0.105112
479.032288	0.0617841
479.404602	0.0253923
479.938416	0.0150884
480.450897	0.122011
482.503326	0.0401827
482.765442	0.0326675
483.021942	0.0220324
483.710663	0.00391209
483.928711	0.00296037
484.196381	0.0171893
485.235504	0.00783762
485.536041	0.00588333
485.724060	0.001651
485.959900	0.00338805
486.444733	0.00549691
486.703888	0.00402023
487.099121	0.0876958
490.708099	0.121821
491.697449	0.0800342
492.336823	0.0545884
493.258209	0.0692208
493.687469	0.159006
494.004730	0.189149
494.338867	0.0520843
494.599579	0.0180305
494.934326	0.0717989
495.252625	0.0835289
495.653900	0.250579
503.229034	0.449306
504.571136	0.0767816
504.817627	0.0673885
504.978790	9.61074e-005
505.119171	7.72277e-005
505.454437	0.0148895
505.798340	0.011773
505.991516	0.000865932
506.137360	1.01393e-005
509.370728	0.155641
513.729187	0.0159938
513.980164	0.013078
514.157776	0.00129981
514.659119	0.00271216
514.968140	0.00176279
515.918457	0.558481
530.185791	1.93517
545.793030	2.94958
567.877991	1.31467
572.261597	0.0987604
574.140442	0.00244666
574.968140	1.57999e-005
575.787415	2.27234e-005
576.822876	3.21735e-006
577.393433	2.76262e-007
577.818848	3.84835e-007
578.100525	5.86325e-008
578.336609	0.000655406
579.017639	0.0223188
579.714417	0.0375042
580.121643	0.0242767
580.546387	0.0126237
581.101868	0.0101476
581.426758	0.00357599
581.690552	0.0138574
581.953552	0.013441
582.126770	0.000169426
582.399048	3.45158e-005
582.651917	0.00276889
583.007019	0.00231324
583.214600	0.000187154
583.371338	1.0452e-005
583.522278	6.18018e-007
583.729858	8.66238e-008
584.258423	7.38865e-007
584.900574	2.65991e-007
585.259583	1.18218e-007
585.127319	8.86637e-008
586.431885	1.71417e-006
588.742065	1.89149e-006
590.316345	5.61537e-007
590.734009	8.86637e-008
590.980835	2.95546e-007
592.173584	0.0200234
596.975708	1.25409
602.359497	1.3714
603.996277	0.595488
604.984741	0.111808
605.619934	0.561543
606.097595	1.65702
606.453369	0.364315
606.994507	0.335847
607.531982	0.185257
608.250061	0.285229
608.756348	1.34902
609.803101	1.15639
610.433777	0.418876
611.312073	0.182552
611.711975	0.0394228
612.071777	0.0426191
612.351868	0.0729455
612.786499	0.0309732
613.111572	0.0106699
613.401917	0.0109548
613.917664	0.11792
614.894714	0.0964077
615.233337	0.00493725
615.679932	0.0467229
616.503479	0.047528
617.168213	0.00571885
623.592712	1.94226
638.202148	0.0226469
638.933594	0.190428
639.481750	0.133785
639.864807	0.0647354
640.470459	0.0665568
640.910583	0.0462512
641.229797	0.00377979
642.179626	0.0193693
645.290649	0.712927
648.060425	0.767956
663.695007	3.96054
687.833618	0.916539
705.578552	2.98039
725.425659	0.0353739
725.825317	0.0450313
726.145691	0.0825799
726.727722	0.0305721
727.019165	0.00361655
727.255676	0.00914187
727.767456	0.0168034
728.243530	0.0109954
728.582336	0.00102479
730.859192	0.396232
734.151794	2.33642e-007
734.617981	3.37483e-007
735.275146	4.67285e-007
735.762878	1.29801e-007
735.932617	7.78808e-008
736.165955	2.07682e-007
736.675232	4.15364e-007
737.121033	1.29801e-007
737.290833	7.78808e-008
737.524414	2.07682e-007
738.034180	4.15364e-007
738.480347	1.29801e-007
738.650391	7.78808e-008
738.905457	2.33642e-007
739.330627	2.85563e-007
739.777222	2.59603e-007
740.032471	5.19205e-008
740.117554	5.19205e-008
740.202637	5.19205e-008
740.287720	5.19205e-008
740.372864	5.19205e-008
740.457947	5.19205e-008
740.543091	5.19205e-008
740.628174	5.19205e-008
740.713318	5.19205e-008
740.798462	5.19205e-008
740.883606	5.19205e-008
740.968750	5.19205e-008
741.053894	5.19205e-008
741.139038	5.19205e-008
741.224182	5.19205e-008
741.309326	5.19205e-008
741.394531	5.19205e-008
741.479675	5.19205e-008
741.564880	5.19205e-008
741.650024	5.19205e-008
741.735229	5.19205e-008
741.820435	5.19205e-008
741.905640	5.19205e-008
742.161255	2.59603e-007
742.416931	5.19205e-008
742.502136	5.19205e-008
742.800476	3.11523e-007
743.098877	5.19205e-008
743.184143	5.19205e-008
743.269409	5.19205e-008
743.354736	5.19205e-008
743.440002	5.19205e-008
743.525269	5.19205e-008
743.610596	5.19205e-008
743.695862	5.19205e-008
743.781189	5.19205e-008
743.866516	5.19205e-008
744.165100	3.11523e-007
744.463806	5.19205e-008
744.549133	5.19205e-008
744.634521	5.19205e-008
744.719849	5.19205e-008
744.805237	5.19205e-008
744.890625	5.19205e-008
744.975952	5.19205e-008
745.061340	5.19205e-008
745.146729	5.19205e-008
745.232117	5.19205e-008
745.317505	5.19205e-008
745.402954	5.19205e-008
745.488342	5.19205e-008
745.573730	5.19205e-008
745.659180	5.19205e-008
745.744568	5.19205e-008
745.830017	5.19205e-008
745.915405	5.19205e-008
746.000854	5.19205e-008
746.086304	5.19205e-008
746.171753	5.19205e-008
746.257202	5.19205e-008
746.342651	5.19205e-008
746.428101	5.19205e-008
746.513550	5.19205e-008
746.598999	5.19205e-008
746.684509	5.19205e-008
746.769958	5.19205e-008
746.855469	5.19205e-008
746.940918	5.19205e-008
747.026428	5.19205e-008
747.111938	5.19205e-008
747.197449	5.19205e-008
747.282959	5.19205e-008
747.368469	5.19205e-008
747.625000	2.59603e-007
747.881653	5.19205e-008
747.967163	5.19205e-008
748.266663	3.11523e-007
748.566162	5.19205e-008
748.651733	5.19205e-008
748.737305	5.19205e-008
748.822937	5.19205e-008
748.908508	5.19205e-008
748.994141	5.19205e-008
749.079773	5.19205e-008
749.165344	5.19205e-008
749.250977	5.19205e-008
749.336609	5.19205e-008
749.636353	3.11523e-007
749.936096	5.19205e-008
750.021790	5.19205e-008
750.107483	5.19205e-008
750.193115	5.19205e-008
750.278809	5.19205e-008
750.364502	5.19205e-008
750.450195	5.19205e-008
750.535889	5.19205e-008
750.621582	5.19205e-008
750.707275	5.19205e-008
750.793030	5.19205e-008
750.878723	5.19205e-008
750.964417	5.19205e-008
751.050171	5.19205e-008
751.135864	5.19205e-008
751.221619	5.19205e-008
751.307373	5.19205e-008
751.393127	5.19205e-008
751.478882	5.19205e-008
751.564636	5.19205e-008
751.650391	5.19205e-008
751.736145	5.19205e-008
751.821899	5.19205e-008
751.907654	5.19205e-008
751.993469	5.19205e-008
752.079224	5.19205e-008
752.165039	5.19205e-008
752.250854	5.19205e-008
752.336609	5.19205e-008
752.422424	5.19205e-008
752.508240	5.19205e-008
752.798950	0.00141768
753.598633	0.0445192
754.394226	0.0742598
754.863525	0.0479882
755.345032	0.0251797
755.978760	0.0202614
756.385681	0.0106694
756.693604	0.000386747
757.045959	1.86502e-005
757.219666	1.52332e-007
757.472168	7.7646e-008
757.622742	1.03841e-007
757.751892	5.19205e-008
757.838013	5.19205e-008
757.924133	5.19205e-008
758.010254	5.19205e-008
758.096375	5.19205e-008
758.182556	5.19205e-008
758.268677	5.19205e-008
758.979492	8.04768e-007
760.057190	4.93245e-007
760.639465	2.07682e-007
760.855164	5.19205e-008
761.286682	4.67285e-007
761.783081	1.29801e-007
761.955750	7.78808e-008
762.193237	2.07682e-007
762.711548	4.15364e-007
763.165161	1.29801e-007
763.338013	7.78808e-008
763.575745	2.07682e-007
764.094482	4.15364e-007
764.548584	1.29801e-007
764.721558	7.78808e-008
764.959534	2.07682e-007
765.478760	4.15364e-007
765.933228	1.29801e-007
766.106384	7.78808e-008
766.344543	2.07682e-007
767.005859	0.00188333
768.626770	0.0644802
770.231689	0.0623338
770.641785	0.0606773
770.970642	0.0886093
771.212219	0.0182962
771.871155	0.016333
772.161987	0.0135471
772.430237	0.00252378
772.896973	0.0128045
773.590393	0.00153341
774.202148	5.0489e-005
774.551697	2.47599e-007
774.917725	1.86531e-007
775.203857	1.5579e-007
775.421631	1.0384e-007
775.574097	7.78808e-008
775.682983	5.19205e-008
775.835510	1.29801e-007
776.118713	2.07682e-007
776.489319	0.0750755
778.975891	2.34233e-006
780.373657	9.88985e-007
781.072998	6.76674e-007
782.669617	3.12311e-006
784.180237	4.68467e-007
785.758118	3.27927e-006
787.403442	6.24622e-007
788.778320	0.00177236
790.170654	0.00824673
790.584290	0.00691031
790.830261	0.000879858
791.352112	0.000620158
791.766846	0.00446834
792.079834	0.00402807
792.302063	5.38984e-005
792.746277	1.48077e-007
792.988525	4.16415e-007
793.274902	2.60259e-007
793.980103	1.4054e-006
794.641479	1.56156e-007
795.435547	1.71771e-006
796.428650	6.24622e-007
798.262024	3.69568e-006
800.717163	2.08207e-006
801.735779	3.12311e-007
803.885742	4.73672e-006
805.972046	1.56156e-007
806.327454	6.76674e-007
806.816223	4.68467e-007
807.683044	1.56156e-006
808.995361	1.5095e-006
809.907898	6.24622e-007
810.308716	3.12311e-007
810.843262	9.36933e-007
811.311157	1.56156e-007
811.734558	8.3283e-007
812.247314	3.64363e-007
812.849426	1.04104e-006
813.697205	9.36933e-007
814.165894	1.56156e-007
814.590088	8.3283e-007
815.103760	3.64363e-007
815.706909	1.04104e-006
816.377380	5.20519e-007
817.406006	1.87387e-006
818.479980	6.24622e-007
819.263550	1.19719e-006
819.957886	4.16415e-007
820.518066	8.84882e-007
821.033569	3.12311e-007
821.369873	4.68467e-007
821.773621	0.0750718
868.354187	0.0750729
916.121338	0.0117702
916.815613	2.66076
918.223145	2.73958
919.172424	0.49012
920.278198	0.762996
920.922485	0.00208785
921.950012	0.017668
922.948975	0.000420921
926.635986	0.233471
933.517273	0.722275
937.710022	1.09053
940.895996	0.454851
941.316895	0.306867
944.601929	0.335812
947.325073	0.0251511
949.751709	0.000617341
950.807617	4.01944e-006
951.875671	6.51946e-006
953.215881	1.52497e-007
953.941040	1.06352e-007
954.492004	1.44682e-007
955.145447	1.55591e-007
955.822937	1.55636e-007
956.331299	7.78213e-008
956.670349	7.78213e-008
956.985229	6.67039e-008
957.178955	2.22346e-008
957.275879	2.22346e-008
957.372803	2.22346e-008
957.469666	2.22346e-008
957.590820	3.3352e-008
958.388306	0.0154648
961.596680	0.897369
965.015747	0.998701
966.969299	0.0288008
967.648376	7.81387e-007
968.452332	4.46507e-007
968.988525	3.72089e-007
969.646729	6.32551e-007
971.037048	1.48836e-006
972.233093	3.3488e-007
973.625305	1.78603e-006
975.018494	3.3488e-007
975.360840	1.86045e-007
975.654358	2.60462e-007
975.874512	7.44178e-008
977.097961	1.78603e-006
978.493713	3.3488e-007
978.934692	1.11627e-007
978.787659	1.11627e-007
979.130676	1.86045e-007
979.326721	1.11627e-007
979.988464	8.93014e-007
980.773132	2.97671e-007
981.165527	2.97671e-007
981.754333	5.95342e-007
982.343262	2.97671e-007
982.736023	2.97671e-007
983.325256	5.95342e-007
983.914734	2.97671e-007
984.307800	2.97671e-007
984.922119	6.32551e-007
985.585754	3.72089e-007
985.905396	1.11627e-007
986.077515	1.48836e-007
986.372620	2.97671e-007
987.061401	7.44178e-007
987.799683	3.72089e-007
988.464294	6.32551e-007
989.646484	1.15348e-006
990.607544	2.97671e-007
991.223816	6.32551e-007
991.889648	3.72089e-007
992.210327	1.11627e-007
992.382996	1.48836e-007
992.679077	2.97671e-007
993.370056	7.44178e-007
994.110657	3.72089e-007
994.777466	6.32551e-007
995.963440	1.15348e-006
996.927612	2.97671e-007
997.545837	6.32551e-007
998.213806	3.72089e-007
998.535522	1.11627e-007
998.708740	1.48836e-007
999.005798	2.97671e-007
999.698975	7.44178e-007
1000.442017	3.72089e-007
1000.887939	2.97671e-007
1001.210083	1.86045e-007
1004.607971	4.91158e-006
1008.061462	2.60462e-007
1008.832458	8.93014e-007
1009.678406	3.72089e-007
1010.126404	2.97671e-007
1010.923157	8.93014e-007
1011.759705	0.000602562
1012.637451	0.0223167
1013.561218	0.0375044
1014.101257	0.0242767
1014.664124	0.0126239
1015.400452	0.0101259
1015.897095	0.074754
1042.057007	0.00145726
1043.794434	0.064496
1045.677002	0.121494
1046.756836	0.0683415
1047.793213	0.0443496
1048.795044	0.014674
1049.586426	0.00154754
1050.299561	5.09663e-005
1067.661499	0.0750723
1116.930664	0.00022179
1117.410400	0.00848775
1117.905029	0.00697394
1118.190430	0.000489494
1118.406250	2.87084e-005
1118.793823	0.00071557
1119.312866	0.00454482
1119.683350	0.00407121
1119.926758	1.05217e-005
1120.136597	3.19808e-006
1120.637085	0.0258992
1122.725464	0.109065
1123.465576	0.00162071
1124.028076	2.00657e-005
1124.706421	0.0669941
1125.839478	0.411927
1126.605225	0.343986
1127.232300	0.0752656
1127.884033	0.154953
1128.576294	0.140907
1129.135376	0.0118727
1129.508423	0.00056108
1129.942261	2.87222e-005
1133.648071	0.000603345
1134.577637	0.0223177
1135.556030	0.0375034
1136.128052	0.0242761
1136.724121	0.0126228
1137.504028	0.0101252
1138.001709	0.00540751
1138.374023	0.000181967
1138.810913	9.144e-006
1147.478394	0.00596973
1148.079224	0.0309029
1148.453125	0.026849
1148.697144	0.000338984
1149.080933	6.85859e-005
1149.437378	0.00553809
1149.937744	0.00462672
1150.230347	0.000373863
1150.451050	2.05484e-005
1150.663696	8.80331e-007
1158.993896	0.00285758
1159.635376	0.00214399
1159.847900	0.0216955
1160.174927	0.0272599
1160.415405	0.000375879
1161.021973	0.0011146
1161.441406	0.000283401
1161.957153	0.000974963
1162.628296	0.0223036
1163.618286	0.0375034
1164.197388	0.0242761
1164.800903	0.0126228
1165.590454	0.0101252
1166.094360	0.00540751
1166.471191	0.000181967
1166.913574	9.144e-006
1170.182251	0.117597
1172.445557	0.852263
1174.068970	0.561885
1175.119385	0.304241
1176.212524	0.103302
1176.820313	0.000210983
1212.367188	0.00966425
1216.010620	0.441578
1220.025757	0.733507
1221.175537	0.346573
1222.284180	1.26267
1223.213379	0.107605
1224.619629	0.904586
1226.939575	0.110773
1228.656250	0.0102764
1229.915283	0.000175368
1230.350098	7.67269e-007
1230.527222	2.53844e-007
1231.848633	0.394025
1244.361938	0.775805
1247.349731	0.103715
1249.338013	2.18628
1250.818726	1.44097
1251.985840	0.398864
1253.159302	0.449601
1254.147705	0.0300667
1262.910034	4.15343
1286.834473	1.41013
1289.239624	0.0296936
1289.648682	0.0264043
1289.931274	0.000559786
1290.237549	0.000416429
1290.732422	0.00495507
1291.221924	0.00402007
1291.532593	0.00115593
1293.093750	0.429051
1311.039063	0.00541516
1311.654785	0.0308573
1312.054565	0.0268905
1312.315674	4.89287e-005
1312.542969	3.52985e-005
1313.087036	0.00586062
1313.643066	0.00480449
1313.955811	0.000285529
1337.354370	2.10546
1350.164307	0.708751
1397.326172	2.36407
1407.609985	3.07843e-005
1466.370483	6.23721e-006
1472.441284	1.56802
1482.585083	0.0931406
1483.425659	0.0660568
1484.006592	0.00875093
1484.466064	0.000868321
1484.977295	0.00725011
1485.621094	0.00541144
1486.262817	0.00345509
1519.432007	2.22478
1533.175903	0.708769
1570.810547	2.4045
1577.983765	0.602526
1578.733887	1.36141
1581.259521	2.62615
1583.889648	0.394013
1585.244385	0.031706
1585.751587	0.00207325
1587.950439	0.0353817
1594.155640	0.101769
1656.949463	6.02995e-006
1662.266602	1.15411
1672.098633	1.3312
1678.344238	0.855057
1683.024658	0.300616
1686.558105	0.0230072
1689.413208	0.026544
1690.230225	0.00750674
1690.619751	0.00192358
1691.487793	1.0536e-005
1691.982178	0.00452149
1692.435181	0.00483225
1713.833130	1.54124
1729.026489	1.23301
1737.199707	0.350257
1741.624023	0.33866
1743.055908	0.537169
1744.839233	0.690793
1745.838379	0.176888
1747.423096	0.0903107
1748.033325	0.0116747
1750.034912	0.00832857
1780.636353	2.23008
1797.307495	2.10869
1833.744995	0.326002
1835.915527	0.0353056
1836.649658	0.0249178
1837.428833	0.0105083
1838.396851	0.0111161
1838.926270	0.0110307
1839.441772	0.0151722
1839.847778	0.00365507
1840.694824	0.000851285
1841.263672	0.00896457
1841.741455	0.00898799
1851.088745	0.117161
1861.548340	0.207436
1929.435669	9.77314e-006
1938.843872	3.88218
1981.326538	0.864734
1984.754639	0.0655729
1986.049927	0.111352
1986.815552	0.0725183
1987.602417	0.0375802
1988.635010	0.0307273
1989.301025	0.0162952
1989.811768	0.000697682
1993.813477	0.080508
2004.154541	0.854625
2008.057861	1.7679
2014.208252	0.0241324
2014.794556	0.0412752
2016.602661	0.485378
2017.378296	0.690808
2020.793213	5.59086
2024.435303	4.30243
2025.678101	1.05924
2029.273926	4.42307
2033.787476	1.10394
2050.253662	1.08559
2051.894043	0.245873
2052.760254	0.725303
2053.877197	2.00344
2055.660645	0.97275
2056.050537	0.0608221
2057.095215	0.581232
2058.749756	0.356732
2059.748535	0.05576
2061.031494	0.0141684
2062.393311	0.0840148
2063.647217	0.157749
2064.425049	0.093227
2065.215088	0.0558002
2066.285889	0.0388304
2066.958496	0.0207175
2068.744385	0.308072
2075.941895	0.0973613
2076.761230	1.46448e-007
2077.371094	1.64753e-007
2078.160156	2.37977e-007
2079.021240	2.01365e-007
2079.774902	1.83059e-007
2080.528564	2.01365e-007
2081.246582	1.64754e-007
2081.785156	1.09836e-007
2082.323730	1.64754e-007
2083.832275	6.04096e-007
2085.305420	1.46448e-007
2086.060059	2.37977e-007
2087.066650	2.74589e-007
2088.073486	2.37977e-007
2088.828857	1.46448e-007
2089.404297	1.46448e-007
2089.835938	7.31989e-008
2091.055908	0.00618415
2095.818848	0.378332
2100.587402	0.29821
2102.422852	1.19388
2104.247803	1.04461
2105.574951	0.261528
2107.234375	0.151354
2107.959961	0.0108441
2110.211426	0.0104355
2112.150391	0.00221301
2114.998779	0.0685444
2117.379639	0.0421811
2118.217041	0.155385
2119.170410	0.161533
2120.194336	0.00795949
2120.975342	0.0354036
2122.116211	0.0376546
2123.280273	0.00152615
2124.300049	4.88261e-005
2124.883545	1.892e-007
2125.489746	1.33319e-007
2125.969971	1.0991e-007
2126.333008	7.3225e-008
2126.623291	7.32237e-008
2126.841064	3.66119e-008
2126.986328	3.66119e-008
2127.240479	9.15297e-008
2128.837891	7.13932e-007
2130.981201	3.66119e-007
2131.998779	1.46448e-007
2132.761963	2.37977e-007
2133.489014	1.28142e-007
2134.107178	1.83059e-007
2135.016357	2.74589e-007
2135.816406	1.28142e-007
2136.325684	1.28142e-007
2136.762451	9.15297e-008
2137.381104	2.19671e-007
2138.145264	1.64754e-007
2138.691162	1.09836e-007
2139.091553	9.15297e-008
2139.528564	1.28142e-007
2140.001953	1.09836e-007
2140.584473	1.83059e-007
2141.094482	7.32238e-008
2141.422119	9.15297e-008
2142.077881	2.37977e-007
2143.025146	2.37977e-007
2143.790527	1.46448e-007
2144.446533	1.83059e-007
2145.321533	2.56283e-007
2146.123779	1.46448e-007
2146.816650	2.01365e-007
2147.624512	1.31962e-005
2155.798340	3.07993
2163.468018	0.0155662
2164.123291	0.0136726
2164.564941	0.00305437
2164.939941	0.00304068
2166.092041	0.00940677
2166.620361	0.00782499
2167.019043	0.0212078
2190.923096	3.23084
2201.063232	0.475682
2201.858398	0.247371
2202.530762	0.321363
2203.380859	0.24156
2204.435547	0.103071
2205.182617	0.781593
2208.355957	0.497097
2209.256836	1.0465
2209.948975	1.94802
2211.750977	0.0669108
2215.124756	2.17638
2220.226807	0.226197
2227.740479	1.45606
2231.666016	0.167019
2232.679688	0.108625
2233.442139	0.0277574
2234.632568	0.0219191
2235.395020	0.015644
2236.737549	0.269771
2250.981934	0.0589135
2252.630371	0.197931
2253.407471	0.126451
2254.259766	0.0418044
2255.389404	0.0332089
2256.032227	0.0120433
2256.656250	0.000893919
2274.802979	1.03263
2278.407715	0.0362996
2279.520020	0.0831905
2280.761230	0.325893
2281.531494	0.30003
2282.215576	0.0297521
2282.719482	0.0364966
2283.494385	0.0748733
2284.280518	0.060746
2284.802002	0.00855731
2285.950195	0.0067039
2289.882813	0.110974
2294.020020	0.155637
2295.113281	0.128259
2295.998291	0.0268331
2296.947021	0.0568
2297.928955	0.0489748
2298.738037	0.00483466
2302.293457	0.699457
2305.463623	0.00665512
2308.075195	0.479403
2314.019531	0.0380279
2314.899414	0.0319479
2316.855225	0.10011
2318.489746	1.21993
2323.203857	0.0139244
2323.769775	0.0360884
2326.741943	5.42556
2332.487549	4.87238
2339.086426	7.23672
2344.837402	0.117371
2348.197266	0.0590669
2349.351074	0.0866866
2350.325684	0.101806
2351.240723	0.0392498
2352.222168	0.0527162
2353.158936	0.0367392
2354.500488	1.92901
2362.318115	1.49469
2366.757324	5.25992
2371.230957	0.507131
2373.404053	0.384646
2380.650391	1.67584
2384.477295	0.558924
2389.374023	0.422672
2391.291016	1.6178
2393.259033	1.24287
2394.738281	0.484411
2396.419189	0.282801
2397.306152	0.0166491
2399.300293	0.0591346
2411.466309	0.330361
2417.189941	1.51073
2420.665527	0.575568
2421.740723	0.143972
2424.333984	0.198864
2434.466797	0.466769
2437.298584	0.0369244
2439.824219	1.14915
2442.121094	0.569858
2443.429199	0.18143
2445.226807	0.0715355
2446.364258	0.019419
2447.452393	0.0387626
2448.313965	0.0249873
2449.179443	0.0131011
2450.333740	0.0100935
2451.067383	0.00524992
2452.082031	0.0130555
2454.775391	0.0662889
2456.198486	0.114098
2457.151123	0.32118
2459.026123	0.261478
2462.012207	0.067161
2463.209717	0.630902
2463.985840	0.406964
2464.944580	5.12861
2470.996826	5.37003
2476.095459	0.728154
2480.886963	0.850415
2487.062256	2.15645
2490.917725	1.54757
2495.298828	0.868629
2497.484863	0.496594
2499.632324	1.70793
2502.130127	3.97112
2503.466064	0.456709
2505.737793	1.22479
2509.236328	0.468292
2511.882813	0.0294164
2512.484863	0.00871794
2513.073486	0.0108366
2513.619385	0.00340162
2514.568848	0.00527205
2516.240967	0.698126
2522.520996	1.3191
2525.082275	0.404768
2526.915283	1.43596
2528.022705	0.632919
2529.304688	2.09385
2530.388916	2.90994
2531.418213	0.784152
2532.397217	0.541706
2533.394775	0.567503
2534.109131	0.0357472
2535.515137	4.66724
2539.287842	2.28457
2540.211914	2.33722
2542.757568	0.52795
2543.800781	0.111333
2546.882568	0.358038
2548.236084	0.14931
2549.406006	0.0741117
2550.111328	0.0379071
2551.307861	0.0523589
2552.260498	0.0312328
2554.760010	0.481862
2559.536621	0.376753
2562.069580	0.906923
2564.023438	0.736981
2565.586670	0.291822
2567.266602	0.175114
2568.438477	1.50082
2571.864258	0.0527312
2573.001221	0.352423
2574.201416	0.530052
2576.236816	1.06228
2577.341553	7.9923
2583.596680	4.91019
2584.570068	3.59292
2590.397217	2.4044
2592.803467	0.843592
2594.648926	1.71942
2596.218018	1.78811
2597.998291	0.58183
2599.672607	0.702564
2601.081055	0.0507472
2602.557373	0.0452742
2604.590576	1.37707
2606.087158	0.696787
2606.757568	0.0285522
2608.017578	0.197596
2608.935059	0.064228
2609.737061	0.60661
2614.300537	13.2018
2619.114746	14.1775
2620.970947	0.0158046
2623.941895	3.428
2626.075439	1.74984
2627.532959	0.343577
2629.010986	1.44798
2630.198242	0.654463
2632.553223	1.4059
2637.357666	3.79619
2641.380859	1.19064
2642.629639	0.269573
2645.819336	0.947253
2654.514404	22.2394
2661.325439	9.91533
2662.449463	9.81002
2667.552246	11.1138
2672.614746	2.04313
2674.174316	0.82846
2675.711182	1.51394
2677.454834	0.491672
2679.336182	0.722684
2680.722168	0.0197384
2683.076416	0.516502
2690.678711	0.203335
2692.825684	0.455377
2694.113525	0.75081
2696.023682	0.316124
2697.615479	0.32871
2701.635010	6.31932
2712.778076	5.70415
2714.186279	2.80295
2717.240967	0.0657655
2719.992432	1.52837
2725.285156	1.93485
2732.635986	0.448202
2736.618164	0.196971
2737.618896	0.343039
2738.820313	0.278594
2739.635986	0.10833
2740.527100	0.283623
2741.703125	0.289195
2744.837402	12.7801
2748.536865	13.5002
2751.886963	3.56868
2754.800537	1.29836
2759.758789	0.707254
2760.664795	0.110076
2761.877441	1.00811
2766.827637	2.41746
2769.232910	5.40364
2772.929932	1.21037
2776.288330	1.33739
2778.778564	0.13296
2779.728760	0.504493
2781.768799	0.206491
2783.545654	0.384522
2785.219238	0.770849
2790.492432	0.705189
2791.501465	0.0321279
2800.248779	7.99159
2825.976807	0.149074
2828.456055	0.449713
2829.707520	0.469053
2830.480469	0.0699901
2831.104248	0.0158942
2831.758301	0.0745378
2833.638916	1.16577
2836.028809	4.3075
2848.178711	7.60844
2857.133789	0.553458
2860.062500	0.256525
2862.812012	0.0541862
2865.432617	0.798958
2869.445068	1.2993
2872.795654	1.19111
2874.227783	0.313851
2876.375488	1.29409
2877.901123	0.413548
2879.733887	0.280079
2881.082275	0.111014
2883.513916	0.0404487
2884.245605	0.0263657
2884.884277	0.209162
2887.216309	0.151045
2894.180176	1.46878
2895.749512	0.298221
2897.100586	4.61088
2901.628906	10.9292
2905.172607	2.38836
2906.075684	0.316966
2908.043701	1.43379
2916.771973	5.03501
2918.028076	0.304531
2919.210449	2.89598
2923.625488	0.149045
2925.317871	0.897437
2928.195313	1.32027
2929.556396	1.42362
2931.549561	0.966855
2932.468750	0.671597
2933.523926	0.222493
2934.677490	0.22658
2935.508057	0.103025
2936.243652	0.169406
2938.398682	0.0349885
2940.041748	0.981689
2942.355957	0.815461
2943.956055	0.904018
2945.741455	0.276314
2947.575439	2.00978
2949.777588	1.42514
2951.572021	0.27217
2953.333496	0.299744
2954.817871	0.0250086
2955.886719	0.00106554
2957.888672	0.150323
2961.369629	6.01146
2965.545166	7.57551
2967.990723	0.53271
2969.065918	0.333523
2969.822021	0.258782
2971.284668	0.193741
2972.275146	3.27608
2975.774170	0.282886
2977.556885	2.15932
2978.747559	0.072429
2980.148682	0.296857
2981.467285	0.0494089
2982.408936	0.0379437
2983.642334	4.40086
2988.823242	2.39705
2989.937988	2.64565
2991.805176	0.374849
2995.457031	2.43243
2996.729736	0.0317404
2997.335449	1.25093
2998.984863	1.04574
3001.953857	3.39602
3004.008789	0.569012
3004.768066	0.909716
3005.936035	0.772914
3007.036377	0.219432
3007.850830	0.126862
3008.739990	0.0354993
3012.179688	0.20528
3014.024170	0.171676
3015.052979	0.191819
3016.189697	0.15608
3017.199219	0.0698263
3018.087646	0.0482022
3019.396240	0.0466646
3020.681641	0.105154
3021.257324	0.0231195
3022.001953	0.1217
3022.814941	0.418603
3025.613525	0.706227
3026.868896	0.560078
3027.658447	0.662049
3028.976807	0.324782
3029.920410	0.114508
3030.853516	0.0756475
3032.051758	0.00827153
3034.798828	0.34524
3039.172363	0.011183
3039.943604	0.0218153
3040.663330	0.0776439
3041.573730	1.37522
3043.605713	0.719247
3044.292969	0.0211413
3045.163818	0.527627
3046.418457	0.507415
3047.129395	0.021823
3048.561279	0.348951
3049.944824	1.34764
3053.370117	0.148198
3054.741211	1.30624
3057.742920	0.0617535
3059.171875	0.451584
3060.447266	1.15342
3062.353271	0.33043
3063.771484	0.4312
3065.619629	0.086029
3068.478516	9.39179
3086.390137	1.57126
3087.556885	0.608225
3089.661377	0.676609
3091.241943	0.462147
3092.509766	0.231796
3093.291992	0.0910146
3095.734131	2.40731
3098.792725	0.0563754
3099.953857	2.04235
3112.843994	2.74538
3114.141846	0.0370368
3115.330566	1.18583
3118.473389	1.17461
3120.227295	1.34067
3121.518555	0.259695
3122.245361	0.332013
3123.583008	0.288543
3124.616943	0.0164019
3125.388184	0.0977404
3133.624756	0.468401
3135.626221	0.179844
3136.981445	0.103789
3137.774414	0.0523295
3139.194336	0.0495372
3141.636230	2.01715
3145.829346	0.937002
3148.351563	0.138639
3151.182129	0.208722
3152.917236	0.139822
3154.727539	0.140048
3156.338623	0.329136
3162.356445	1.78877
3168.368164	0.839245
3170.217773	0.199359
3172.103271	0.241691
3174.117188	0.716924
3178.457764	0.251634
3179.613525	0.42802
3180.493408	0.148049
3181.743652	0.114817
3182.645264	0.0356951
3185.522949	0.893388
3191.191650	0.659964
3193.484619	0.60656
3194.595215	0.694285
3196.874756	1.23241
3198.448730	1.19997
3200.351074	0.320901
3201.455811	0.032563
3202.391113	0.093836
3204.581787	0.104318
3207.952881	0.629889
3211.323975	0.0445459
3213.753174	2.10844
3217.434082	0.995813
3218.780029	0.259031
3220.846191	0.192853
3222.367432	0.248377
3224.392090	0.389387
3226.177490	0.602422
3228.008545	0.146306
3229.108154	0.457689
3233.042480	2.49918
3236.583740	0.005468
3242.097656	1.34582
3244.311523	0.444027
3245.439453	0.0437975
3246.973389	0.415671
3248.051758	0.692946
3248.792725	0.0291252
3249.594971	0.0915933
3250.349365	0.107467
3251.757813	0.804058
3253.481445	0.382454
3254.189697	0.657719
3255.470215	1.1792
3257.653320	0.2747
3258.515137	0.0699774
3259.197998	0.0372786
3260.183350	0.0502668
3260.948242	0.0146743
3261.866211	0.412252
3267.308838	0.53215
3269.892822	1.31965
3271.574707	1.35396
3272.868408	0.890769
3273.736572	0.240208
3275.018066	0.336717
3276.089844	0.403063
3277.070801	0.277169
3278.169189	0.226017
3279.606445	4.34264
3286.151855	4.03645
3287.307617	1.08856
3289.265869	0.0246234
3290.943604	5.1742
3295.898438	12.7974
3297.500732	5.20417
3299.809570	1.38259
3300.930908	3.49399
3301.974365	6.15448
3304.133789	0.674869
3305.247314	3.74708
3308.764893	2.9898
3312.894043	0.26134
3314.103027	0.256229
3315.416016	0.0593861
3316.351074	0.0993595
3317.460938	0.0447689
3321.179443	0.721916
3323.740234	2.05191
3324.972656	3.15746
3328.117432	16.04
3332.911865	0.608754
3334.057617	0.738156
3335.263916	7.90379
3339.666260	5.35963
3341.357666	7.9701
3342.796875	17.2652
3350.258057	55.6887
3357.069580	61.5899
3365.625488	49.8652
3370.870361	9.70335
3373.328613	1.0935
3374.977051	1.65074
3377.017090	4.81067
3385.927734	16.1351
3389.329834	2.65546
3390.980957	1.04331
3392.966064	0.779222
3394.256836	0.0181137
3398.018066	2.88961
3400.365479	14.1132
3409.114990	9.26819
3413.443848	2.55805
3415.374512	1.98377
3416.745361	6.53961
3419.680664	0.233994
3421.360107	0.508639
3423.988281	0.374325
3425.107178	0.283314
3425.956543	0.166699
3427.271729	0.164903
3428.352783	0.160557
3431.682617	0.675089
3433.850586	2.13888
3435.345459	4.04583
3438.550537	2.89393
3439.960205	1.6199
3442.001221	5.51639
3452.739258	21.5246
3454.236084	7.54142
3456.736816	13.0666
3464.149414	6.87521
3466.796387	1.59529
3468.917480	2.14381
3470.564941	0.388503
3471.909912	0.0724352
3474.565674	2.08455
3477.766113	7.04232
3478.554199	8.32913
3483.336182	0.0344304
3484.703369	1.03449
3490.033447	1.18813
3491.132568	0.292556
3492.072021	0.239291
3493.797363	6.50748
3500.349121	12.6235
3505.144775	6.90069
3511.180176	31.312
3514.927979	2.98779
3515.918945	6.84505
3518.144287	0.199784
3519.676758	8.01674
3531.910645	12.0408
3538.918945	1.19768
3540.951660	2.74674
3543.308350	2.48814
3544.841309	1.11193
3547.140625	1.36129
3550.645752	0.766032
3552.857178	1.35691
3555.017578	4.19699
3556.367432	3.03715
3561.735840	8.47957
3564.932617	0.273683
3565.784180	0.127041
3567.505615	0.90196
3569.156982	0.368389
3573.165771	0.468752
3574.240723	1.83593
3578.563721	8.58005
3582.852295	7.90653
3587.763184	14.3176
3591.328613	0.768182
3593.678955	4.45303
3597.323730	1.13832
3601.304199	4.61804
3605.012451	2.90246
3606.579102	2.08814
3611.116455	7.89686
3618.454590	0.516425
3619.587402	0.100629
3621.032959	2.96216
3629.191406	6.05228
3635.663330	2.46654
3639.052734	0.247969
3640.717773	0.21267
3641.948242	0.0349368
3643.026123	0.158546
3644.024902	0.148285
3645.876221	0.419151
3647.000244	0.184986
3648.107910	0.335542
3649.540527	0.138944
3650.387451	0.0536136
3652.265625	0.276291
3654.237793	0.147029
3655.160645	0.0996855
3656.792725	0.113341
3657.769043	0.102468
3658.899414	3.29426
3661.704834	0.745445
3663.411133	1.92218
3665.034668	1.04194
3667.043457	0.122508
3668.638428	1.6634
3670.070801	0.336748
3672.071777	0.199352
3674.334961	6.9704
3679.135498	8.47155
3683.783691	2.76812
3687.411377	0.471538
3695.404297	0.406085
3698.546631	0.640092
3700.620361	0.51769
3702.760742	0.346494
3704.278076	0.210536
3705.107178	0.0321417
3706.627197	0.123792
3708.016602	0.492812
3710.143555	1.80664
3711.633057	1.28333
3717.540527	0.265111
3719.859375	2.994
3722.715088	1.4764
3725.049072	9.23159
3727.798340	0.0795514
3729.458984	0.538339
3731.573975	0.0616781
3732.647217	1.25887
3737.948975	3.55928
3741.307129	0.46384
3747.498291	4.36297
3749.734131	15.0754
3755.946289	28.4061
3763.954102	11.5275
3769.913818	0.599707
3770.970459	0.913417
3774.250488	0.021429
3776.207275	0.0484179
3779.917480	1.53661
3781.425049	0.00423891
3783.249268	2.66702
3788.097412	7.94046
3791.939209	14.5501
3794.909912	0.185139
3797.848389	3.66334
3799.617920	0.208358
3802.593994	6.2876
3804.681152	2.46631
3806.950684	0.424389
3808.848145	1.13102
3812.015137	0.128433
3814.331055	0.484715
3816.024170	0.541916
3818.195313	0.414449
3820.304443	0.519133
3821.751465	0.707585
3827.041016	0.373543
3829.415039	0.138995
3830.938721	0.097274
3832.146729	0.417985
3833.333252	1.32357
3835.205566	1.90639
3836.796875	1.91969
3841.300049	3.5915
3842.867432	2.21175
3844.837158	0.751974
3847.183105	0.146285
3848.838623	3.53334
3854.624756	0.289514
3857.098877	3.02411
3861.219727	3.83056
3863.750732	2.59154
3865.587402	3.17308
3868.039795	4.03435
3869.256836	4.21001
3872.683838	6.42626
3877.285400	5.45943
3881.311768	8.64729
3884.520752	0.988007
3887.587646	0.638784
3888.614990	0.718853
3889.697754	2.05061
3890.836426	3.525
3893.385742	0.330314
3894.352051	0.116791
3895.593994	0.246207
3898.625977	0.128372
3900.618652	0.540965
3902.133789	0.463387
3903.253174	0.0805389
3904.620361	0.212603
3905.993896	0.328353
3906.884521	1.02139
3909.909424	1.01402
3914.534912	0.376826
3915.474365	0.832455
3919.063232	0.219544
3921.793213	0.350139
3923.764160	0.392389
3929.374023	9.21338
3936.205811	25.8524
3945.045410	23.9404
3948.082275	1.94525
3949.860840	5.66309
3951.537842	12.2956
3953.931641	1.64882
3955.028564	0.985831
3956.092773	6.33843
3962.927734	12.7918
3966.088623	0.640526
3967.680420	12.0406
3971.519775	0.894302
3976.717529	19.1345
3979.808838	0.0135791
3982.565918	7.48315
3984.531982	9.14465
3995.077393	10.6936
3998.301270	8.90141
4000.100586	0.325933
4001.512451	1.66783
4002.802246	15.0693
4011.289307	10.3949
4012.663818	2.64042
4014.403809	0.550518
4016.573975	7.18921
4019.252930	5.00805
4022.067627	31.3057
4028.125244	1.23658
4033.559570	80.1
4035.914795	16.1351
4041.588867	8.88523
4049.770508	5.92246
4053.697510	10.5866
4059.554688	3.91906
4061.200195	2.54982
4062.085938	1.26103
4063.607178	0.681731
4064.706787	0.208722
4067.376221	2.7131
4069.584473	0.607028
4072.666748	1.94306
4074.672119	1.43094
4076.918945	0.736182
4079.861084	5.62736
4083.224121	2.21583
4085.022217	2.12078
4086.830566	0.0868431
4089.381348	5.9907
4092.499023	0.887702
4093.894043	3.17523
4097.071289	0.899701
4100.000977	0.118714
4101.688965	9.64941
4114.548828	14.2163
4116.491699	13.8472
4118.681152	1.74442
4120.652832	19.7813
4125.973633	10.5886
4127.525879	3.7113
4129.846191	1.88897
4131.670898	0.637821
4133.165039	0.362039
4134.435059	8.3671
4143.218750	3.30096
4145.444336	7.51848
4147.072266	3.37709
4149.275391	47.2587
4156.701172	12.8944
4157.923828	3.64205
4160.251465	6.55604
4165.666504	2.41792
4167.343750	20.2816
4171.468262	7.03371
4172.912109	1.3126
4173.986328	0.735151
4176.481445	4.47445
4178.088379	19.0638
4190.665039	52.7861
4201.487793	12.8607
4203.003906	6.66897
4206.387695	0.152557
4208.017578	4.23901
4209.849609	1.11213
4212.220703	1.30917
4213.420410	0.552403
4214.394531	0.371565
4216.014648	0.155806
4216.844727	0.0310483
4217.719727	0.0938321
4218.655273	5.204
4220.711426	5.64165
4222.815430	2.79249
4224.861816	5.62684
4232.424805	0.0454825
4233.668945	0.0366898
4236.943848	10.3929
4239.387695	2.02323
4240.117676	1.19155
4242.141602	0.464847
4242.758301	2.35303
4244.693848	3.89518
4246.576660	2.00151
4248.839844	0.517466
4250.014160	0.567726
4251.884766	2.20079
4254.437012	0.339371
4255.619629	0.916561
4256.742188	1.12814
4257.957031	1.40291
4259.282715	0.5379
4260.420410	0.314303
4261.926270	0.688608
4266.181641	9.94743
4268.228027	11.8829
4273.170410	8.36408
4276.079102	0.0656855
4277.603027	1.46912
4278.671875	0.577688
4279.570801	0.903756
4283.940918	6.11742
4285.864746	2.15769
4288.178223	3.00268
4290.132813	1.97673
4292.270020	0.730874
4293.870605	1.67883
4298.146973	7.47066
4302.181641	14.6294
4305.924805	3.173
4307.701172	2.49724
4309.560547	2.13399
4312.070313	1.04874
4313.206055	1.04331
4314.993652	1.61809
4317.048828	2.51495
4318.995117	4.42335
4321.044434	1.71126
4322.773438	5.04098
4328.133301	4.58495
4330.752930	9.37432
4332.983398	3.46354
4335.032227	7.32547
4338.099121	9.69246
4340.015625	2.37027
4342.446289	3.14576
4344.260742	11.7215
4348.625000	20.3588
4355.346680	8.42669
4357.324707	2.61857
4359.331543	3.55198
4361.790039	2.3133
4362.930176	0.949372
4364.326172	2.07019
4368.092285	7.76195
4370.331055	0.451729
4372.077637	2.54456
4373.768555	2.53322
4375.159180	19.2336
4379.452637	0.0509729
4382.365723	1.67668
4384.263184	1.19482
4386.017578	0.0153945
4388.605469	3.59742
4389.489258	3.01125
4392.421387	4.36342
4393.218262	3.32207
4394.972168	2.06082
4397.267090	1.4145
4400.673340	2.08209
4402.099121	0.824032
4403.798828	4.38896
4404.852539	1.30611
4406.391113	9.6708
4409.250488	51.6674
4414.011719	4.74259
4415.618164	19.009
4421.345703	2.7588
4424.725586	1.66163
4427.526367	15.8343
4433.023438	12.8018
4434.218262	2.82477
4436.638672	1.81818
4438.299805	4.15372
4442.051758	3.45107
4443.812012	2.54842
4446.338867	2.32391
4448.630371	1.60295
4452.765137	2.00703
4453.945801	0.35119
4455.682617	9.53065
4460.475586	22.5419
4464.971191	1.86127
4466.070313	0.736304
4468.727539	0.721809
4470.981445	0.640693
4474.133789	1.51605
4479.912598	1.38655
4481.956543	0.684043
4484.526855	1.01722
4485.828125	0.265598
4487.746094	3.43036
4489.894043	2.79655
4492.309082	0.844821
4494.464844	0.8321
4497.306641	3.92762
4499.475098	0.781325
4501.617676	1.273
4504.262207	1.21362
4505.962402	2.28446
4507.988281	0.500486
4509.336914	1.12989
4510.723633	2.41972
4513.071289	2.89082
4517.185059	5.96883
4520.474609	2.17995
4521.202637	1.48267
4522.946289	2.76522
4524.319824	1.48929
4525.194824	1.64707
4526.793945	0.389399
4528.171387	0.903065
4532.244629	7.2813
4535.394531	10.8581
4536.561523	40.2761
4546.842773	1.52015
4549.365234	3.68958
4551.765625	17.0376
4555.089844	0.782702
4556.657227	1.14912
4559.269531	0.181019
4561.189941	4.8254
4567.908203	6.30207
4570.509766	0.31961
4572.502930	6.70245
4578.884277	9.62379
4580.672363	7.97783
4587.513672	10.6104
4590.057617	0.645218
4591.907227	5.37706
4598.111328	3.5205
4599.823730	1.09136
4601.708496	1.63845
4603.640137	0.226711
4605.030762	4.66873
4609.329590	2.94563
4610.756836	0.480477
4613.250977	1.19298
4614.809082	0.156922
4615.991699	0.0213544
4617.336426	0.0846433
4619.465332	3.22604
4622.676758	1.71184
4624.854004	3.7906
4626.607910	0.855845
4628.919434	1.027
4630.589844	0.502051
4635.011230	3.12286
4636.462891	1.79565
4639.954102	11.9387
4643.245605	3.47651
4644.258789	0.492277
4645.243652	1.933
4647.175293	0.422855
4647.696777	0.0349826
4648.555176	0.344538
4649.698730	0.338578
4650.743164	0.385423
4652.689453	1.96001
4653.479980	0.272083
4654.606934	0.14667
4655.653809	0.301284
4657.600098	12.0686
4669.906738	53.0467
4676.749512	32.2174
4679.611816	1.82694
4681.541992	3.58935
4684.413086	11.8712
4688.943848	1.87232
4690.789063	5.32015
4691.971680	0.131604
4692.877441	2.15266
4694.188477	0.0372769
4695.819336	0.486428
4697.091797	1.83081
4698.683594	4.28357
4701.179199	0.273081
4703.219238	9.17373
4709.382324	16.0782
4712.122070	0.312361
4714.210449	4.77257
4716.868652	12.1353
4721.550293	16.8037
4726.064453	9.49913
4734.583008	53.0828
4742.472656	3.96449
4744.393555	14
4746.764160	1.35564
4748.802734	2.09705
4750.678711	2.0172
4752.740723	4.29954
4756.648926	25.8044
4761.811523	6.89493
4769.225098	5.54364
4771.255859	2.70289
4772.875488	1.5416
4774.765137	29.3461
4784.058105	35.1597
4786.045898	26.3834
4791.368164	5.01022
4794.876953	6.87471
4796.289063	7.18684
4798.730469	0.801538
4799.931152	0.403208
4801.605469	0.0978529
4802.687012	0.824804
4804.368652	2.12579
4805.586426	0.231956
4806.762207	0.723116
4809.104980	2.38888
4811.231445	0.44251
4812.510742	0.378524
4813.919922	0.999288
4817.430176	21.6558
4833.258301	29.2193
4835.578125	24.8425
4842.654297	6.5192
4843.847656	4.70083
4844.804688	2.93189
4846.485352	1.42082
4849.319336	8.33534
4851.817871	4.70942
4853.912109	2.27072
4856.209473	1.48406
4860.400391	5.42299
4864.964355	3.23582
4866.525391	3.21995
4867.595215	10.3281
4873.219238	24.5754
4876.967285	0.0899168
4879.044434	0.471864
4880.629395	2.7586
4882.169922	5.35873
4885.368164	0.709117
4886.275879	0.0294355
4887.476563	1.82162
4893.988281	5.15292
4895.531738	10.4098
4899.071777	3.73996
4900.805176	10.068
4904.391113	2.61704
4906.187988	2.42587
4910.017578	3.94251
4915.975586	39.3805
4923.798828	24.287
4937.572266	59.157
4941.092285	1.11504
4942.341797	0.456974
4945.190918	2.1362
4947.697754	18.7029
4952.577148	40.3117
4955.153809	0.354849
4957.289551	41.6269
4960.600098	0.0787399
4963.954102	6.18661
4965.841797	3.36436
4968.713379	9.43352
4970.503906	2.04186
4972.916504	1.99779
4973.750977	0.141487
4974.816406	0.252283
4976.212891	4.09711
4978.154785	4.54305
4980.951172	7.59131
4981.947266	9.83659
4985.748535	32.3975
4989.546387	0.452955
4991.237793	0.396477
4992.867676	29.3947
4999.945801	129.181
5003.455566	5.91533
5005.589844	3.88389
5006.832520	0.871257
5009.152344	11.5533
5011.250000	15.698
5013.567383	5.19605
5018.064453	93.627
5021.050293	62.7094
5026.114258	46.6942
5027.532715	3.41087
5029.865723	12.6655
5032.036621	79.749
5037.055176	0.52233
5038.516113	7.11107
5043.606934	57.9868
5045.615723	80.5285
5052.902344	0.316449
5057.172852	19.9477
5058.524414	24.8705
5062.827637	11.2518
5064.950684	3.5547
5067.326172	24.1533
5077.814941	10.344
5080.101563	8.56436
5081.515625	2.50408
5082.195801	0.247612
5083.266602	1.24043
5084.753906	23.0666
5090.276367	0.453288
5094.178223	18.2847
5096.381836	10.0864
5098.034668	6.07474
5100.906738	2.31894
5102.189941	3.91175
5105.720703	0.481442
5107.605469	3.52726
5108.573730	0.185496
5109.544922	0.816132
5110.700684	0.521272
5111.894531	0.72456
5113.768066	0.180138
5114.643066	0.720366
5116.181152	1.20449
5118.645996	0.822277
5120.518066	0.136322
5122.294922	2.72495
5124.206055	2.38324
5125.296875	0.247917
5126.191406	0.0699688
5128.231934	2.30854
5129.915039	8.77953
5133.327148	28.1258
5136.336914	3.46919
5140.893066	41.1831
5142.835938	9.49575
5149.914551	21.3235
5152.446289	4.45951
5156.190918	7.50876
5157.243164	8.88016
5160.072754	0.631341
5162.084961	38.3009
5169.118652	13.7768
5170.590820	3.06073
5172.048340	4.92434
5173.998535	58.7619
5181.815918	150.305
5186.023438	1.08001
5189.349121	7.57095
5191.043457	1.59817
5194.417480	6.53754
5197.175293	4.47797
5198.817871	8.22367
5199.692871	5.34647
5201.400391	4.21993
5203.252441	0.665711
5204.400879	36.5461
5213.341797	70.1191
5215.290039	20.6319
5217.388184	10.3414
5219.815918	5.0829
5221.611328	34.6239
5231.632324	95.864
5233.554688	3.22105
5236.111816	8.47177
5237.825684	1.59162
5239.731934	51.6704
5246.951172	9.83311
5250.380859	10.9383
5251.118164	4.27179
5254.698242	49.776
5259.112305	9.42548
5263.643555	15.6018
5265.114258	5.8138
5267.652344	0.109858
5269.889648	6.88047
5275.300781	0.951617
5277.665527	0.775218
5279.044434	0.664027
5280.194336	0.454176
5281.766602	1.53582
5283.450684	0.590619
5284.595703	0.728079
5286.808594	6.32236
5288.956055	4.42032
5291.704102	1.49365
5293.760254	0.878883
5296.094238	7.35743
5298.261719	5.54292
5300.797363	3.56469
5303.174316	1.50913
5305.142578	0.686311
5308.044922	2.02003
5309.507324	0.558666
5311.381836	2.84154
5313.802734	3.36052
5318.274902	2.56523
5319.436523	0.860002
5323.224121	13.2551
5327.456543	1.20271
5330.463379	31.119
5335.572754	21.9783
5340.412598	3.52999
5343.125488	4.44011
5344.093750	1.7409
5346.015625	0.222162
5347.006348	2.80698
5349.035156	5.91328
5351.306152	1.49428
5353.436035	5.85783
5357.458984	2.42979
5358.794922	5.5227
5362.827148	7.2983
5366.427246	0.15789
5367.842285	0.78807
5370.850586	5.5507
5378.041992	0.174115
5379.952148	4.49667
5384.824219	3.10799
5387.535156	2.94691
5389.647461	0.6597
5391.423340	1.38655
5392.626953	0.69647
5393.846680	0.372808
5398.319336	34.3693
5404.535156	24.1526
5409.013184	4.08366
5412.842773	0.576119
5414.456543	0.552165
5419.729980	2.58491
5420.664551	1.48731
5424.794434	9.98838
5427.834961	1.89804
5430.122070	1.38092
5432.553223	2.04673
5436.928711	0.133871
5438.528320	0.0612938
5440.806152	8.99282
5446.723633	0.669918
5448.148926	2.91084
5449.329102	7.80484
5454.046387	24.356
5458.558594	21.9976
5462.796875	4.37778
5465.539551	1.07366
5467.221680	1.33541
5469.898438	0.814146
5472.186523	1.61454
5473.545898	0.908702
5474.971191	1.0791
5476.049805	2.06812
5477.922852	3.46312
5482.217773	13.0734
5487.822754	33.1463
5492.703125	0.355331
5494.174805	1.56166
5497.621094	5.40432
5500.587402	2.44131
5501.893555	0.859423
5503.354492	0.594153
5504.565918	2.38904
5507.180176	14.5689
5508.843262	1.79142
5510.351074	2.65548
5512.014160	1.28695
5513.175293	0.872312
5514.849121	3.51081
5516.079590	3.94569
5518.076660	21.5248
5523.548828	1.90072
5526.401367	23.4939
5530.560547	8.66942
5534.136230	3.92015
5535.725586	5.55364
5539.964355	3.08716
5540.936035	0.457689
5543.093750	27.2908
5546.874023	1.78931
5549.446777	8.58152
5551.752441	3.83802
5554.132324	15.2418
5560.145020	14.4504
5561.988281	1.49258
5563.395508	1.10705
5565.964355	9.91793
5568.670898	5.21664
5571.606445	4.35551
5574.240723	4.7151
5576.410156	17.9843
5582.453125	12.3841
5583.962891	25.2655
5588.779785	14.3819
5590.937012	4.48085
5592.569824	1.84183
5595.123047	10.2943
5596.035156	2.20511
5597.570313	12.3469
5600.459961	0.175869
5601.532227	2.43013
5603.747559	8.41696
5606.670898	5.04102
5609.331055	9.89992
5611.280273	7.48205
5612.782227	7.21291
5614.520020	5.08579
5615.800781	3.36391
5617.645996	53.1454
5624.596680	6.56833
5626.771484	16.1547
5629.717285	26.9369
5632.835449	40.5991
5635.015625	97.8415
5639.104492	50.3412
5645.065430	39.3645
5646.967773	8.16282
5649.541016	9.13301
5652.036621	2.77805
5653.565430	0.888535
5655.285156	2.86398
5660.896973	584.198
5678.003418	1070.7
5692.225586	149.572
5696.524414	4.15295
5698.422363	6.82393
5701.135254	6.87984
5705.800781	2.81961
5707.862793	1.47363
5709.424805	11.3601
5710.449219	3.09162
5712.072754	0.467363
5713.529297	2.72872
5714.584961	3.03726
5716.350098	1.95408
5718.229980	0.150608
5719.534180	1.01961
5721.160645	5.13522
5724.038086	1.56643
5725.639160	0.748265
5727.250000	6.90655
5730.260254	6.3975
5732.436035	60.774
5742.859863	18.8056
5744.620117	2.34866
5747.949707	33.1629
5753.531250	5.85696
5755.841309	8.3961
5757.579102	2.70581
5759.185059	0.061724
5760.756836	4.53344
5763.555664	6.4862
5765.775879	3.04556
5766.962891	0.58363
5768.461426	1.47256
5770.139648	0.9203
5775.300293	9.81974
5777.331055	1.19342
5779.304199	72.916
5787.220215	1.98075
5788.521973	4.8991
5791.742676	53.6521
5793.132324	17.9755
5795.887695	9.22946
5797.824707	32.3607
5802.895020	8.14038
5804.231934	21.2881
5808.945801	3.91378
5814.498535	17.4393
5817.294922	13.4321
5818.828613	9.47932
5821.875000	7.22967
5823.673828	2.25609
5824.383301	4.66036
5826.624023	1.51284
5828.679688	4.03595
5830.557129	3.93793
5832.773926	0.329337
5834.706543	3.50312
5836.668945	4.81709
5839.455566	5.11864
5843.688477	11.599
5846.501953	0.873717
5849.474121	2.10682
5851.200195	0.505608
5857.694824	16.7509
5860.402344	18.2107
5865.696777	10.9831
5873.162109	71.2619
5879.891113	0.444669
5880.746094	0.399795
5882.520996	0.704773
5884.510254	1.06374
5886.851074	0.685199
5888.354980	0.978136
5890.006348	3.41681
5892.412598	2.01359
5894.587402	1.9123
5896.854004	1.01353
5899.136719	0.3321
5902.219727	0.627687
5904.183105	0.478227
5908.639160	3.13729
5910.537598	12.086
5914.401367	4.19318
5916.934570	2.3657
5918.967773	0.503864
5920.244629	0.14368
5923.137207	2.77115
5925.127441	3.39005
5928.152832	4.00816
5931.295410	0.287855
5938.596680	53.6532
5941.147949	1.23985
5944.003906	66.4506
5951.061035	2.00165
5957.267578	46.618
5960.703125	2.57242
5963.294922	6.57937
5965.366211	16.3094
5969.477539	5.20331
5970.399414	9.09264
5974.505859	5.85779
5976.906738	4.86908
5979.603027	11.3338
5982.910645	12.8852
5984.979492	9.48092
5987.280273	4.0394
5989.125488	2.13567
5990.579590	1.05025
5992.481445	12.6409
5996.572266	1.66375
5999.394531	2.89318
6001.255371	19.9934
6007.284180	39.1345
6011.223633	5.92933
6012.979980	3.25333
6016.290527	12.359
6017.665039	27.0101
6025.200195	21.0593
6028.570801	4.19676
6030.685547	3.31465
6032.022949	0.162954
6033.388184	5.17625
6038.400879	5.91199
6041.517578	0.493979
6043.292969	3.26164
6046.013672	3.97566
6048.520020	17.3666
6053.684082	9.46869
6054.750488	8.78063
6059.237793	36.2312
6066.874512	1.81436
6068.641113	0.633699
6070.002441	0.908018
6071.173828	0.278801
6073.484863	4.06833
6076.061035	8.87478
6078.415527	4.03305
6081.183105	1.68681
6084.680176	6.74794
6089.720703	3.92948
6090.871582	1.97483
6092.277832	1.43429
6093.919434	0.606811
6095.184570	2.34812
6097.049805	1.38561
6099.510742	1.75045
6102.150391	2.43423
6104.875000	4.54707
6107.131348	13.7955
6115.490234	13.6956
6122.550293	40.4619
6130.253906	23.8887
6134.656250	1.23381
6137.343750	0.90059
6139.300293	3.07677
6141.313965	5.11242
6145.918945	16.1817
6148.177246	2.22623
6150.559082	5.29535
6152.379395	48.2788
6159.709961	11.541
6162.256836	2.43296
6165.043945	0.541782
6167.416016	16.2054
6170.382324	3.78063
6172.424316	20.6968
6177.550781	5.93207
6182.229492	2.9637
6188.239746	64.8805
6194.307617	1.30981
6197.439941	25.1371
6204.147461	16.5526
6206.447754	0.723675
6208.015137	0.55316
6210.571289	3.51465
6212.985840	10.4667
6218.310059	1.63718
6219.583496	0.647821
6222.438477	12.8014
6224.105957	18.5837
6230.303711	3.32963
6233.867676	9.51185
6236.142578	4.08556
6238.020996	1.12642
6238.993652	1.20128
6240.836914	2.14833
6242.575684	1.73987
6243.639160	0.359694
6245.375000	9.03952
6250.536621	7.26535
6253.253418	7.2832
6256.562012	21.7068
6261.837402	1.76899
6263.979004	0.88655
6266.292969	8.45536
6268.720703	3.85851
6271.495605	1.00808
6273.664063	27.7435
6282.537109	10.1984
6284.228027	0.441938
6290.580078	1.00752
6292.494629	4.69603
6296.777832	1.24301
6298.840332	3.91175
6300.341309	0.883481
6301.364258	6.03663
6305.172363	5.32998
6306.915039	3.75954
6309.480469	0.302994
6311.491699	7.4877
6313.985840	1.55432
6316.848145	26.1583
6325.473145	14.7372
6331.054199	5.63468
6333.041504	0.847289
6336.558105	1.80453
6339.170898	1.74312
6340.546387	4.5424
6344.429688	7.02718
6347.486328	23.9805
6352.749512	15.6671
6358.670898	14.5263
6361.694336	6.70426
6366.865234	3.46675
6368.192871	1.00079
6369.984375	0.512812
6371.989746	1.58162
6374.908203	0.25766
6376.198730	0.263736
6377.915039	8.86046
6384.187500	10.2864
6386.389648	0.86389
6388.701172	11.9577
6392.937012	0.0991668
6394.679199	3.95015
6397.331543	28.8811
6404.561523	4.23866
6407.555664	7.57608
6409.419434	3.36327
6411.592773	2.26018
6417.594727	8.5216
6419.625000	1.65195
6422.674316	1.7845
6427.311035	19.8347
6433.493164	13.9256
6435.852051	0.320851
6437.769043	1.5663
6440.120117	1.14335
6441.923828	1.11362
6443.575195	1.0513
6445.219727	0.574215
6446.786621	0.592753
6448.196289	1.22718
6452.070801	34.623
6462.201660	42.9969
6465.606934	0.163859
6466.771484	0.105742
6468.380371	1.40035
6469.704590	0.771373
6471.352539	0.961183
6473.479980	5.37666
6478.584473	4.09258
6480.584961	16.2545
6486.975098	13.4423
6488.478027	9.54622
6491.879395	6.09085
6500.052246	7.64938
6502.629395	7.57391
6506.432129	10.4489
6508.331543	2.96995
6510.094238	1.47307
6512.139160	0.360785
6513.434082	0.542496
6515.261230	0.434306
6516.799805	0.0676261
6518.913086	0.574632
6523.061523	11.882
6529.173340	15.4171
6536.103027	11.6617
6541.519531	3.97318
6543.872559	0.611526
6547.610840	6.94994
6552.600098	7.10985
6554.192383	5.3114
6557.121094	0.278236
6559.306641	17.8002
6569.173828	11.5763
6571.896484	12.9555
6573.494141	25.7285
6581.907227	9.41758
6583.488281	0.0522744
6584.525391	0.220449
6587.748535	6.31737
6590.215332	18.7263
6594.605957	1.181
6597.138672	5.60074
6601.381348	33.4964
6607.581543	17.8664
6611.125977	1.41202
6612.988770	5.83779
6615.916992	0.740803
6617.810059	1.1465
6619.987793	7.65916
6622.161621	3.11949
6624.530762	0.296388
6626.229980	7.19897
6631.502441	10.3823
6633.014160	10.4591
6638.618652	0.0797741
6643.466797	9.53397
6646.642578	1.55637
6649.463867	0.554351
6653.150879	4.00639
6658.110840	18.2506
6663.674316	1.95897
6667.338379	14.5028
6669.964844	0.0628545
6672.454102	0.970164
6676.940430	30.057
6685.048828	6.15713
6688.135254	0.0677015
6690.911621	22.332
6705.510254	38.9256
6707.707031	7.64358
6713.293945	29.5174
6721.794922	0.4223
6724.559082	3.01995
6725.915039	0.296523
6729.553223	5.90658
6734.831055	11.0866
6740.070801	9.50115
6743.224121	29.7417
6753.444336	63.2541
6758.958496	15.1858
6760.463867	5.98501
6764.085938	4.33287
6766.202637	18.0024
6774.666992	9.08546
6780.162598	58.2291
6782.157227	26.7501
6788.490234	11.9372
6793.337891	3.61453
6796.378906	10.949
6798.107910	16.8284
6803.757324	26.5708
6811.547852	26.5294
6816.689453	5.2289
6821.461914	13.7117
6827.509277	10.2134
6831.583496	0.169884
6833.023926	0.321051
6834.173828	0.687311
6837.314941	0.929884
6839.725098	3.80962
6842.329590	4.70583
6844.879883	1.88232
6848.305664	1.3756
6850.592285	9.84211
6857.199707	26.2683
6862.763672	11.7274
6864.442383	33.8341
6873.607422	67.2539
6881.748047	11.7703
6883.600098	3.35173
6885.541016	16.8429
6892.569824	16.8022
6894.450195	5.04532
6896.706543	1.92524
6899.546387	10.8064
6905.714355	10.7613
6909.979004	18.9179
6918.005859	9.98274
6922.476074	1.33728
6924.685059	1.25506
6927.721680	0.878885
6933.357422	6.57019
6936.721191	2.04111
6939.697266	8.9895
6945.849121	8.52589
6948.198242	1.32509
6950.187012	2.29495
6952.910645	2.09564
6955.550781	1.21031
6958.495605	1.45466
6961.360352	0.298832
6962.846191	1.8993
6965.312500	10.8117
6970.473145	2.97064
6973.970703	3.26655
6976.005859	1.39726
6978.371582	1.1471
6981.343262	0.963409
6984.051758	0.941144
6985.964355	0.0960915
6987.552734	0.905422
6990.832031	2.95601
6993.978516	11.1324
6997.168457	20.7292
6998.893555	66.8233
7004.663574	2.84423
7008.022949	0.228184
7009.879883	0.554981
7014.465820	5.91124
7016.417480	1.5206
7018.968262	5.58593
7021.506348	1.8946
7023.511230	0.539732
7026.306152	12.1954
7029.495605	0.459992
7032.582031	7.82941
7037.395020	16.3697
7042.057129	0.17552
7043.685547	1.29627
7045.239746	0.572319
7046.811523	1.17582
7048.575684	9.90321
7054.561035	1.02768
7057.694336	19.6474
7059.909668	5.47056
7062.832520	5.54897
7065.639160	1.99295
7070.393555	4.33464
7073.123535	13.9057
7076.219238	11.3801
7077.956055	22.3026
7082.109863	7.75209
7085.499023	1.06508
7089.870605	23.928
7091.541504	30.7075
7099.618652	48.6115
7105.451172	11.2249
7108.793457	18.0955
7116.239258	12.3049
7126.040039	111.381
7137.659180	49.5914
7141.911133	1.51399
7145.139648	0.773325
7147.843262	11.123
7154.784180	34.7011
7160.904785	7.08126
7162.459473	0.381754
7163.640137	1.66386
7165.634277	1.08195
7167.197754	0.826652
7170.150879	1.41464
7171.899902	3.61087
7175.943359	6.96907
7179.657227	3.91721
7180.640625	1.60409
7182.740723	4.40985
7185.567871	8.85706
7191.183105	8.18911
7193.580566	5.1454
7198.504883	4.1655
7200.310547	2.64929
7203.701660	2.20906
7205.729004	4.69325
7212.218262	8.61225
7217.503906	0.559172
7219.308594	0.387918
7223.645508	2.16336
7225.507324	9.44276
7229.994629	2.58316
7232.057617	5.53819
7235.503418	1.38559
7237.849121	2.3128
7240.435059	1.25482
7242.504883	0.987734
7244.278809	1.58402
7247.306152	0.876276
7249.429199	0.229931
7250.500000	0.0592779
7252.997070	0.529393
7254.859375	1.10423
7258.578613	21.4659
7264.627930	19.5215
7270.791016	22.7904
7276.995605	16.9693
7281.750000	2.1961
7283.240723	1.15249
7286.180664	4.03467
7289.852051	5.31354
7291.933105	2.56513
7295.079590	0.565648
7301.746094	15.3677
7303.838867	16.3561
7309.086426	0.207393
7313.087402	3.87394
7316.355957	3.67602
7319.043945	0.4696
7322.198242	4.40246
7325.947754	21.9439
7331.653320	6.14849
7334.446777	0.751869
7337.949707	3.27354
7340.159668	0.071253
7342.150879	1.27705
7345.373535	3.18975
7347.857422	1.94135
7349.951660	0.818264
7351.208984	0.614806
7353.441406	12.8511
7359.611328	15.2407
7361.558105	30.2122
7370.359375	1.35791
7373.317871	16.2705
7378.853516	7.10471
7380.841797	2.82725
7384.749512	4.85307
7387.727539	0.344966
7390.238281	0.740022
7392.869141	1.03901
7395.066406	0.952817
7396.103516	0.292469
7399.032715	4.50306
7402.442871	4.05815
7404.806641	2.66437
7408.273438	0.470367
7411.600098	3.10195
7418.776855	7.78121
7421.551758	2.45528
7430.278320	15.6876
7435.202637	0.130266
7438.312988	7.24146
7440.574219	12.0041
7450.058105	27.2385
7454.944824	2.73518
7460.354004	132.159
7471.701660	26.7037
7474.470703	15.9396
7480.934082	1.7585
7482.690430	2.88439
7485.317871	0.304615
7487.187012	7.22828
7491.793945	1.97039
7494.563477	7.04744
7497.048340	6.45271
7500.166504	4.31423
7502.274902	16.4517
7506.867188	0.15452
7509.481934	23.6405
7515.230957	16.2563
7517.072754	1.55622
7520.142090	8.31627
7526.736816	1.38387
7529.667480	4.1835
7532.577148	7.23231
7536.126465	18.3462
7543.363770	32.5005
7548.450195	2.45053
7551.807129	9.54595
7557.487793	32.8483
7562.337891	0.821374
7564.927734	31.3494
7572.385742	3.89608
7575.158691	3.31721
7583.330078	22.2336
7588.522461	13.3054
7594.446777	18.7722
7596.869141	1.47355
7598.532715	2.42541
7602.002441	6.21744
7604.772949	4.44213
7607.896973	6.59885
7610.153809	3.82246
7613.021973	11.398
7624.270996	50.804
7627.574219	2.44688
7629.810547	3.54663
7633.309082	6.322
7635.278809	19.363
7641.074219	3.5556
7646.520996	32.4084
7650.399902	1.24858
7652.912109	4.78377
7655.949219	1.94228
7659.078125	1.62238
7661.306152	0.589808
7662.870117	1.39396
7665.913086	3.43959
7669.783203	26.3346
7679.295898	14.4001
7684.312500	5.04185
7689.785645	17.1704
7696.149902	11.3487
7704.572266	73.4914
7713.239746	22.0497
7716.481445	1.46795
7719.063477	0.645508
7723.889160	3.55779
7726.819824	18.2648
7736.202148	46.221
7750.933594	38.5789
7752.896973	3.41555
7756.305176	1.39669
7759.037598	13.4595
7764.770020	42.4828
7769.395020	5.23988
7771.126465	2.15521
7774.375488	8.03571
7779.394043	3.46423
7781.650879	7.69747
7785.664063	7.72056
7788.911133	4.52105
7791.934570	4.65503
7794.543457	0.303993
7796.326660	1.39723
7799.650391	14.3319
7803.226563	2.42787
7806.234375	2.50813
7809.031250	6.95785
7817.035645	25.4778
7823.702637	6.42769
7826.401855	1.87265
7828.196289	4.57216
7834.992676	6.24129
7838.349121	1.56224
7843.850098	5.84222
7845.569336	1.26072
7848.514648	34.9533
7861.840820	71.811
7870.901855	15.2702
7873.223145	8.14289
7874.938965	0.0165555
7875.984863	4.50514
7879.253906	2.19512
7881.849121	11.3035
7893.888184	20.2885
7900.570313	3.46406
7905.172363	6.01789
7910.269043	5.62881
7912.491699	1.98617
7917.812500	5.27269
7920.359863	4.70424
7923.617676	62.2263
7937.227051	24.0663
7939.559570	21.3814
7945.095703	1.38719
7947.750000	5.89356
7951.500977	26.2412
7961.642578	19.195
7969.510742	1.066
7973.349609	0.185773
7974.739746	1.15339
7977.020996	0.947276
7978.244141	0.435701
7980.628418	0.745872
7982.500488	0.359506
7984.034180	0.320853
7986.210938	0.122188
7987.554199	0.775345
7990.615234	0.806329
7994.499512	12.4702
8001.223633	10.0565
8003.575684	1.78644
8007.255859	0.514399
8009.461426	1.33535
8010.536133	0.697981
8012.717773	0.307005
8016.371582	0.911966
8021.241211	0.482425
8024.711426	2.89725
8028.430664	3.56499
8031.824707	2.07517
8034.238281	9.35879
8042.879883	0.251076
8048.643555	25.4527
8057.495605	10.3876
8063.030273	4.28267
8067.421875	1.59895
8070.319336	0.725067
8073.445801	0.403755
8075.955078	0.271065
8078.453125	0.390153
8080.013184	0.277549
8081.955566	1.32549
8085.387695	1.15246
8090.907227	5.53521
8095.980957	1.68407
8097.086426	0.21723
8098.834961	0.527137
8100.888672	3.45833
8104.051758	4.13889
8106.575684	1.86539
8109.707520	4.75336
8116.697266	7.1963
8123.218750	6.3058
8129.815918	2.25449
8134.416504	1.42092
8137.092773	1.62828
8140.704102	8.68321
8148.378418	13.4043
8154.501953	9.15966
8160.279785	9.88419
8165.109375	6.83146
8173.893066	1.45535
8175.960938	12.0453
8182.073730	2.29133
8183.818359	0.0212696
8186.982422	1.31194
8190.527832	0.594555
8193.147461	0.0280154
8194.577148	1.39535
8198.071289	1.32124
8200.883789	0.622513
8205.064453	1.41935
8207.176758	1.61284
8210.526367	15.6197
