TITLE "<<210916_CKF_A12_PM_7360_XF_M23_ThermoSIN_MSMS1kVPos_Sen_MetON_AlkTrx_XCal_TIS_100Da_10K_6800hv>> 4700 MS/MS Precursor 7360 Spec #1=>AdvBC(32,0.5,0.0)=>NR(2.00)=>SM31=>CT[BP = 4871.9, 1511]" CENTROID
TYPE MASSSPEC
9.989173	13.8405
10.998554	1.0307
11.253901	0.162871
11.359259	0.114782
11.464755	0.0501487
11.515011	0.00176988
11.574823	0.0139136
11.652823	0.00168761
11.970673	0.211534
12.541368	0.0167596
12.619581	0.0157528
12.669204	0.00972611
12.751606	0.0186193
12.815920	0.0122574
12.929719	0.0697378
13.029764	0.123705
13.090677	0.0755483
13.152734	0.0454873
13.237040	0.0305283
13.288189	0.00940157
13.391651	0.280016
14.146039	0.0705063
14.324955	0.0422754
14.401280	0.204841
14.473907	0.163298
14.554722	0.015513
14.625917	0.0588967
14.698175	0.0586651
14.772071	0.0418147
14.831558	0.0161158
14.924276	0.0167533
14.989005	0.013269
15.040929	0.00102129
15.960964	1.52608
17.712286	0.015634
18.030712	0.196795
18.151939	0.0618925
18.234221	0.262028
18.365116	0.149587
18.499954	0.136667
18.616108	0.0153017
20.337530	1.72402
20.937378	0.372299
21.096800	0.845417
21.269310	0.952581
21.399616	0.256571
21.553156	0.188232
21.664915	0.0341793
22.035419	0.514348
23.749640	0.925048
24.078630	0.0801435
24.185419	0.0622188
24.255251	0.0234797
24.373615	0.0343813
24.459232	0.0223968
24.601603	0.0920309
25.659254	0.0119803
25.916759	0.226009
26.071903	0.138896
26.127634	0.222
26.211498	0.00598598
26.286417	0.0328434
26.347916	0.0118515
26.394236	0.00811995
26.491449	0.0233729
26.641300	0.0474542
26.729525	0.0330185
26.820765	0.0144414
26.937786	0.0100995
27.045280	0.0218654
27.144623	0.437679
27.269644	0.284518
27.339876	0.0388449
27.461018	0.23755
27.534849	0.157547
27.618452	0.0377264
27.656864	0.00572565
27.754349	0.033887
27.821367	0.0331145
28.169567	1.67766
30.464701	2.38073
31.188770	8.16826
31.894541	7.42021
32.003288	8.47906
32.605206	3.354
33.309269	1.20288
33.396221	0.0932636
33.522186	2.79008
34.828663	0.143073
34.948978	0.324067
35.042065	0.0730176
35.167080	0.0793078
35.292034	0.0957767
35.403801	0.0439671
35.917091	3.06316
37.496410	11.3202
37.898037	3.17138
38.095947	1.20728
38.316021	1.39973
38.505749	17.9674
39.370831	46.3159
40.166874	3.90021
40.314140	0.972245
40.550617	0.00186365
40.693573	3.74391
41.331970	2.77922
43.340157	19.7327
43.710491	2.22465
43.939228	2.97331
44.151989	1.79339
44.443962	4.21241
44.708443	5.11315
44.921513	1.51137
45.171856	1.86426
45.435326	4.02036
45.597614	8.32547
45.939697	3.18563
46.102497	3.43157
46.479156	2.70885
46.615612	1.81507
46.733673	12.2628
47.303551	3.8697
48.289646	31.6902
48.507229	94.6414
48.642033	52.0249
48.832706	38.7486
49.042774	55.4705
49.202400	10.2138
49.312283	40.0587
49.576351	32.8249
49.727261	8.19332
49.898838	16.0379
50.085793	41.7108
50.339336	2.72884
50.413528	2.32974
50.611790	72.2462
51.018021	1.55752
51.119995	9.74059
51.334709	17.8057
51.462570	9.22803
51.648277	8.7167
51.861427	15.3697
51.987587	42.0737
52.487919	51.4941
52.876377	8.22366
53.071613	46.8755
53.545334	0.747722
53.892662	43.307
54.461590	32.0612
55.037991	24.6903
55.575390	11.3986
55.968910	2.06598
56.434853	3.87795
56.959576	13.4926
57.632477	6.98748
58.231907	2.98198
58.747833	19.3499
59.398323	2.00774
59.604565	6.30323
60.137604	4.31646
60.432648	5.55104
60.627419	4.17152
60.877197	0.570383
61.163071	4.45739
61.745533	2.01387
62.352894	12.2302
63.066048	4.82873
63.611652	1.85326
63.860657	0.0494438
63.950935	0.0935643
64.103699	0.0464603
64.201180	0.0141772
64.284698	0.0247354
64.379738	0.00202593
64.519547	0.0114557
64.662163	0.0555242
64.753098	0.0670501
64.998642	0.0890671
65.099060	0.0168625
65.181702	0.0182225
65.648109	5.02492
66.536369	3.27567
67.069450	0.211453
67.658325	0.706907
67.852684	0.102984
67.966698	0.462241
68.117668	0.603171
68.266022	0.161493
68.428291	0.21933
68.572517	0.809908
69.282265	0.501565
69.651993	23.6551
70.638992	51.1218
71.793579	7.37919
72.431572	0.685958
72.570358	0.0699925
72.926193	0.516822
74.054657	1.59655
74.535767	0.0698152
74.678658	0.0302999
74.839355	0.0109671
75.051025	0.0174114
75.361305	0.476814
75.850334	0.0371772
76.811020	3.39029
77.534821	0.73777
77.908051	1.71464
78.143600	6.92113
78.418175	0.620728
78.934258	11.2861
79.182953	10.6536
79.846718	26.1706
80.470482	16.6616
81.429359	28.2969
81.886017	1.19035
82.353523	11.7822
82.755188	0.182707
83.071106	5.79807
83.243828	1.961
83.608925	0.691156
83.891899	0.818895
84.089699	0.0846609
84.193504	0.287959
84.431953	1.33118
84.603745	3.9009
84.853302	6.21205
85.130997	2.84886
85.319832	0.162529
85.897522	15.4882
86.548767	2.17475
86.660675	0.594274
86.907120	0.135401
87.106033	3.20214
88.010818	4.62161
90.638390	12.1524
92.235260	15.733
93.867622	8.76461
94.080208	2.20638
94.267586	1.20179
94.432312	1.82759
94.609344	1.23057
94.859947	6.45999
95.446671	1.02637
95.729294	4.48829
95.904861	0.0703351
96.040100	0.564197
96.339218	1.46059
96.557030	1.93452
96.873024	0.388343
97.041893	0.485748
97.280899	6.5841
97.560066	3.64494
97.946014	4.77578
98.289162	6.35227
98.604301	2.58365
98.889977	1.7499
99.173401	1.9933
99.425110	4.41704
99.724144	0.692387
100.197273	2.32582
100.489609	0.290644
100.799255	0.73143
101.303696	0.0262571
101.520485	0.0444445
101.661415	0.022463
101.893471	0.0143208
102.364952	0.148763
102.708847	2.39113
103.237633	1.92195
103.527367	0.715178
103.917618	0.739698
104.069740	0.105792
104.205406	0.140513
104.303169	0.0120798
104.628288	0.0925654
104.750908	0.0185496
105.059883	0.1693
105.503357	0.254196
105.793755	0.380332
106.305779	0.617584
106.969872	14.5675
107.869606	25.2538
108.466293	6.27083
109.822723	3.16775
110.381058	2.26587
110.639458	0.639029
110.827797	0.433949
111.100540	0.0417559
111.234802	0.247552
111.393456	0.381922
111.740486	0.802408
112.033829	0.857519
112.352989	0.432337
112.610893	0.0815074
112.803558	0.060951
113.007797	0.284403
113.451843	0.0195254
114.344482	0.419076
114.566650	0.0256903
114.715431	0.00434614
115.017395	0.0547169
115.139931	0.01596
115.541122	1.00666
115.833038	1.67491
116.157799	1.20708
116.439461	0.629685
116.767532	0.312187
116.981552	0.796264
117.305756	1.21671
117.575684	0.260563
117.880989	0.0164388
118.172348	0.111272
118.494034	0.459892
118.735008	0.422707
118.884399	0.154712
119.207436	0.352006
119.317093	0.127907
119.625252	0.196257
119.967529	0.161908
120.287926	0.0309005
120.680038	0.415255
120.927773	0.384735
121.092781	0.185718
121.319664	0.260056
121.502899	0.309337
121.761711	0.659876
121.892906	0.0711979
122.145264	0.267443
122.378647	0.340259
122.760666	0.264293
123.044807	4.14919
123.798561	0.0748243
124.062096	1.26251
124.465958	3.59226
125.058548	25.6512
126.231819	4.54993
126.661934	22.7041
127.913780	10.9605
128.561218	6.45069
129.237106	1.43387
129.597397	1.72602
129.956512	1.69449
130.285324	0.823345
130.657532	0.154008
130.931030	1.14523
132.267487	10.3322
133.153168	0.712706
133.775742	39.7916
135.099899	17.8021
137.484558	6.90722
138.213684	4.37927
138.421829	0.270585
138.653168	0.0794827
138.924011	0.453831
139.185196	2.59864
139.937286	0.926074
140.453110	0.627004
140.852692	0.67299
141.369843	1.47922
141.855957	1.31296
142.207260	0.2429
142.557098	0.24806
142.752991	0.0870865
142.958252	0.191132
143.193878	0.276026
143.390640	0.0800438
143.634277	0.0791726
143.892044	1.33969
144.318146	1.85235
144.699814	0.51218
145.142868	0.679223
145.798508	0.197438
146.071838	0.120546
146.408920	1.57316
147.304535	0.133594
147.516541	0.215452
147.880585	0.997776
148.028687	2.359
148.637924	1.94923
148.905731	1.13222
149.415375	0.513447
149.775101	0.0490767
150.515366	0.730947
151.467911	1.3817
152.062073	0.372399
152.262146	0.608206
152.869675	6.2723
153.316483	0.803381
153.698578	1.86788
154.104736	0.251814
154.335159	0.305448
154.601608	1.69616
157.863663	6.87966
158.866714	2.74613
159.431244	0.588376
159.706955	0.0567022
159.833572	0.135391
160.105591	2.01292
160.508179	2.54543
160.906479	0.736783
161.246674	0.262944
161.777069	1.55961
162.477142	0.0647673
162.836792	0.671484
163.279419	7.92504
164.142624	0.459146
164.388077	0.49091
164.694641	0.912806
165.083969	1.33594
165.400940	0.60801
165.934326	0.226109
166.286819	0.256627
166.469696	0.0159538
166.759094	0.374285
167.324524	0.0205948
167.464752	0.423872
167.764511	0.945323
167.910263	0.359174
168.249176	0.165264
168.650711	0.490701
168.844223	0.496929
169.133545	0.43134
169.378891	0.0337251
169.624680	0.123103
169.874847	0.0918425
170.075211	0.01855
170.249924	0.00466395
170.662155	0.306074
170.971603	0.0649434
171.167999	0.463873
171.599457	0.227786
172.002243	0.184293
172.317902	0.0104137
172.626709	0.0312643
172.938950	0.0301147
173.114502	0.0224915
173.431580	0.0214794
173.658478	0.0110254
173.887466	0.121334
174.261688	0.247292
174.539749	0.147113
174.766327	0.0836166
175.008148	0.082812
175.261993	0.253527
175.481293	0.190616
175.681076	0.10165
176.351608	6.65359
177.461624	6.6252
178.427948	1.91042
178.706436	0.307553
178.907410	0.518253
179.273376	1.01128
180.147369	4.58533
181.889984	4.43018
183.163757	1.90445
183.523621	11.4057
184.808807	7.08185
185.482986	0.0679887
185.804718	0.353823
186.035690	0.301536
186.241287	0.259395
186.569519	0.118334
186.774109	0.0240597
187.318588	2.73747
189.988510	0.690139
191.413284	2.92735
191.819839	0.31378
192.146484	1.40747
192.376846	1.56273
192.902924	1.58227
194.221664	2.76138
195.187592	0.32957
195.856049	0.617346
196.283966	0.254869
196.591568	0.182051
196.805328	0.0946691
197.125061	1.14593
197.716431	0.0969591
198.026199	1.97261
198.380829	7.16393
199.454269	0.221285
199.934677	3.01551
200.506332	0.463708
201.114395	1.05249
201.460281	0.738594
201.906998	0.661447
203.038956	5.25963
203.321533	0.435904
203.599289	1.03049
203.895828	0.133454
204.119156	0.384091
204.454346	0.172994
204.747543	0.0505248
205.010696	0.0267705
205.332901	0.040313
205.576599	0.0146113
205.800995	0.00368598
206.154770	0.88842
206.738007	0.543422
206.973053	0.465871
207.315231	0.178852
207.551697	0.125967
207.830246	0.229503
208.280106	0.0698821
209.339279	0.107345
209.785172	0.0132038
210.117645	0.0173046
210.311981	0.0101209
210.631088	0.0208878
210.916504	0.0117839
211.087204	0.0030902
211.414383	0.150699
211.749802	0.159781
212.027374	0.057295
212.292023	0.0464176
212.573410	0.164003
213.429520	0.0625694
213.779785	0.501566
214.078354	1.59273
214.578766	0.24187
215.798019	4.2515
217.127914	0.505702
217.424301	0.198221
217.657181	0.0724468
218.039413	0.0449347
218.206726	0.139899
218.544418	0.161914
218.785416	0.0869016
219.062576	0.0847167
219.389923	0.0539736
219.634155	0.0315871
219.836014	0.022072
220.057755	0.15361
221.307404	2.27219
222.110016	0.0847283
222.471756	0.634847
222.981522	0.0966485
223.474609	0.99288
223.815826	0.0795618
224.134430	0.381517
224.803085	1.25149
225.535568	1.91711
225.917984	2.86506
226.140091	0.0931948
226.410645	1.31602
226.806625	0.299063
227.652512	1.54406
228.719131	0.0996262
231.798737	1.94661
233.273239	3.30951
234.187851	1.23307
234.628967	0.622788
235.297668	0.85273
235.674118	0.0117388
236.451904	0.517028
237.277512	0.236632
238.142868	1.70586
238.737427	0.847877
238.930481	0.0297397
239.194641	2.96154
241.035233	10.499
241.963028	6.86732
242.306671	2.90395
242.942093	2.16
243.366348	4.40896
246.066681	4.01211
247.281021	0.0897419
247.596725	0.153409
248.217026	0.374598
249.102676	1.3734
251.418579	1.15302
251.959686	0.0179448
252.508514	0.663022
253.075272	0.388843
253.407394	0.066883
253.738617	1.07964
254.126816	1.6625
254.407654	0.155213
254.692078	0.571591
255.092285	0.562119
255.291611	0.0255249
255.562469	0.0370664
256.573334	0.156018
257.898834	0.00503153
258.790985	7.36748e-005
259.215027	1.83042e-006
259.900543	1.65508e-006
260.453461	1.00819e-006
266.303619	4.40095e-005
266.454987	0.0234084
266.725983	0.0441651
266.930756	0.0471344
267.084656	0.00210712
267.207886	0.000179463
267.379456	0.0231296
267.609833	0.0194106
267.803101	0.0122038
267.947113	0.000156446
268.697296	0.631599
269.226318	0.257283
269.510315	0.837187
270.232330	1.66652
270.688751	0.522102
271.377380	0.765115
271.796265	0.0337371
272.566589	0.0453317
273.143799	0.0190599
274.812134	0.00925999
275.034760	0.013846
275.245758	0.042864
275.530853	0.029159
275.740295	0.00420174
275.916260	0.0142412
276.162933	0.0141405
276.418823	0.00145349
277.010773	0.37351
277.706512	0.176893
278.081970	0.582739
278.646423	0.156942
278.800598	0.0213691
279.262878	0.0629972
279.506500	0.00922168
279.816467	0.0331951
280.209442	0.145148
280.588074	0.101991
280.844055	0.029381
281.258453	0.0539412
282.468170	1.63484
283.667053	10.0064
285.453766	16.8326
286.459686	0.640397
286.820465	0.0492517
287.473877	2.88227
288.317810	1.97282
288.920868	3.87732
289.398438	1.9726
290.057648	0.95568
291.089600	2.43723
292.547089	0.208772
292.858215	0.0591957
293.273041	0.0315768
293.514893	0.0125776
293.888733	0.0267877
294.219421	0.0250264
294.943665	0.0856874
295.856781	1.626
296.678589	0.97595
297.065155	3.72633
297.438141	0.105566
297.678711	0.410726
298.414490	1.82507
298.943329	0.0411396
299.450470	0.0579235
300.146210	0.0252729
304.338348	0.0399582
304.702820	0.243755
305.138031	0.196124
305.440155	0.111419
305.790680	0.192663
306.081360	0.306707
306.388672	0.379052
306.588501	0.0293748
306.781525	0.100964
307.058990	0.134921
307.351349	0.0560854
308.008667	4.83765
310.660492	2.05452
311.398376	2.63852
311.946716	1.39537
312.477722	2.27685
313.258331	0.277345
313.855896	7.20978
315.436554	10.4959
316.808411	4.0199
317.469727	0.19649
319.391479	1.39676
320.833252	0.100958
321.143158	0.052656
321.441620	0.0400221
321.863098	0.0159313
322.311188	0.305216
324.185028	0.0451007
324.601715	0.0289087
324.865875	0.00953721
325.280548	0.0183532
325.611664	0.00965515
325.850494	0.000976375
328.499329	0.489149
329.396698	0.207835
329.878601	0.17333
330.412201	0.00955837
330.602264	0.198154
331.604706	0.222442
331.879517	0.194964
332.489075	0.665177
333.226105	1.02169
333.693024	0.325908
334.377869	0.12173
335.069977	0.0040876
337.183380	0.080095
338.014099	0.0778949
338.525696	0.0136002
338.781403	0.117427
339.352844	1.05654
339.880035	0.176117
340.175415	0.804925
340.421936	0.0895535
340.882233	0.409587
341.434998	0.524439
342.049164	0.128058
342.386383	0.272177
342.754364	0.336238
343.162720	0.0161269
343.469849	0.081053
343.927338	0.083836
344.382599	0.00316672
345.033264	0.00235085
346.191162	0.0721291
347.227295	0.241256
347.776733	0.16294
348.071228	0.112622
348.432648	0.108567
348.830505	0.0614518
349.090454	0.0403024
350.417664	0.342947
351.462067	0.269016
352.282135	2.59642
353.009491	2.51014
353.560883	0.507411
354.264648	0.978276
354.716156	0.11147
355.079315	0.0592555
355.438690	0.0738285
355.788391	0.0694121
356.170898	0.0106652
356.605743	0.150505
356.989258	0.198198
357.446899	0.0167161
357.721161	0.0478853
358.191467	0.0726741
358.770416	0.0512827
360.678101	0.796653
362.505096	0.829909
363.470764	0.160597
363.747986	0.470953
364.578461	0.0622865
367.595398	3.70744
374.674652	1.03813
376.181458	0.0260254
376.724121	0.0453519
377.053894	0.0238325
377.369965	0.0181603
377.839355	0.00816439
378.738739	1.13357
382.711456	1.38268
384.038483	0.369725
384.668793	1.42601
386.305084	1.06965
388.208038	0.406714
388.633301	0.0277479
389.369812	1.44498
390.288666	1.03336
390.883759	0.383198
391.547974	0.293162
392.112823	0.901153
395.599976	3.87213
396.900879	0.196184
397.350311	1.42534
397.609497	2.19395
398.963531	1.96861
399.722107	0.0170781
400.055115	0.0108447
401.344513	6.69883
402.566315	1.20657
402.807281	0.0322187
403.246765	0.506498
403.921600	0.465798
404.493469	0.0232323
405.030914	0.00850305
405.950134	3.51281e-005
406.602051	0.00039233
411.836914	0.0716238
413.053162	0.047952
413.638763	0.138706
414.388702	0.368958
415.079926	0.217035
415.738922	0.179908
416.458099	0.0560137
416.839294	0.0335612
417.207611	0.0113222
417.667145	0.012012
417.983765	0.00573391
421.644745	0.151879
425.656128	0.0403643
425.980896	0.0894242
426.225616	0.0791604
426.465546	0.0613969
427.173035	0.571767
436.347931	4.81135
439.541412	1.17087
441.188782	0.857451
442.227081	0.295051
442.787842	0.173541
443.525391	0.0792688
444.188141	0.245818
446.016846	0.151325
446.498169	0.101699
446.808014	0.0338507
447.308197	0.0608419
447.680084	0.0344613
448.207855	0.406762
450.775543	0.109052
451.256256	0.0681088
451.574249	0.0319927
452.077759	0.0402989
452.450378	0.0225159
452.850311	0.102235
460.530701	0.110993
461.277313	1.12681
461.900970	0.225815
462.699707	0.347235
463.294586	2.14767
466.652039	0.718716
466.941833	0.0186109
467.339386	0.111872
467.602722	0.00230155
467.965851	0.629956
470.651001	0.129223
471.326233	0.077397
472.003021	0.0352237
472.771515	0.157162
477.480469	0.946195
479.914795	0.0958261
480.397797	0.289763
480.930237	0.54666
481.604614	0.0797024
482.844757	0.324653
484.373474	0.14186
485.169067	0.131921
485.605011	0.396325
486.063934	0.680139
486.531067	0.0225712
486.913666	0.131228
487.464905	0.12565
487.908081	0.00646118
488.387726	0.0185235
488.970490	0.0448506
489.348450	0.0324762
489.814484	0.00215426
490.013489	0.00048337
490.227051	0.0122853
490.540924	0.0159399
490.992035	0.0036022
491.154846	5.6284e-005
492.383057	0.473217
494.522919	0.427485
495.666351	0.12564
496.386292	0.0544317
500.892242	1.31572
503.605225	0.102907
503.942444	0.206983
504.404694	0.280791
504.936707	0.0161577
505.273315	0.0685495
505.931244	1.09602
506.861694	0.760166
507.595245	0.247221
508.314087	0.194561
508.932587	0.0232992
509.439545	0.00178333
510.202881	0.00169596
511.425171	0.00268385
511.749084	0.0331531
512.035950	0.0289122
512.246704	0.0246485
512.423218	5.98269e-005
512.674744	0.00388951
513.003357	0.0100532
513.244568	0.009278
513.589050	0.0562927
515.817810	0.0901583
516.312195	0.0553722
516.497131	0.00962119
517.209839	0.0415359
517.583740	0.0342997
518.438354	0.301637
530.372437	0.981304
540.806641	0.631258
542.585449	0.0717584
542.901306	0.0121468
543.102966	0.0380247
543.443176	0.0389931
543.919006	0.012659
544.116882	0.00917529
544.396912	0.0211346
544.706299	0.00212756
545.659546	0.160585
548.185486	0.652824
549.959106	0.350403
550.576477	0.0289697
551.017761	0.0163572
551.292358	0.0565949
551.616455	0.02945
552.292542	0.0268127
552.593689	0.0217231
553.335266	0.135407
556.006653	0.180007
556.678711	0.00572391
557.122559	0.215339
557.755798	0.220606
558.573181	0.0547843
559.024841	0.00513299
559.211182	0.0479616
567.033203	0.0422238
568.509399	0.0850759
569.036438	0.0647781
569.378784	0.026435
569.927979	0.0426637
570.346863	0.0223552
583.018738	1.65308
588.270386	0.0698973
588.959900	0.122202
589.370789	0.0775557
589.797363	0.0409185
590.345764	0.0297021
590.782043	0.13155
591.306641	0.102418
591.666626	0.0583703
592.246826	0.0534716
592.673889	0.0364551
593.498596	0.235558
598.631531	0.115169
599.309448	0.301646
599.669617	0.185969
600.142029	0.0655086
600.716980	0.0423031
601.042480	0.0375051
601.383850	0.00399252
601.674194	0.000756301
602.862732	0.0129496
603.691650	0.015398
604.030884	0.112837
604.455383	0.13419
604.811584	0.0429516
605.085327	0.00203652
605.454468	0.0688316
605.835693	0.060283
606.147278	0.00386672
607.506409	0.595474
615.948181	0.382215
617.502319	0.394001
618.026733	0.269621
618.421875	0.0585364
618.707764	0.0023144
619.043335	0.0632055
619.454224	0.0607862
619.769165	0.00381119
624.649048	1.6131
638.020691	0.171657
640.798523	0.584874
642.774048	0.447711
644.542603	0.0514327
645.685425	0.00432814
648.529968	0.462866
655.760193	0.553999
658.638000	1.76782
660.677551	1.34124
662.432983	0.182362
663.702393	0.0151338
664.585449	0.000262276
667.465027	0.323627
670.322998	0.0922589
670.743469	1.54445
671.518860	2.00694
672.386353	0.448041
673.113403	0.635556
673.608276	0.425806
674.046753	0.0637748
674.652588	0.0929838
675.117676	0.0758092
675.466309	0.00501959
679.883057	0.160777
681.127747	0.02429
681.894592	0.0646627
682.334961	0.0397339
682.792664	0.00906624
683.437988	0.00801753
683.774109	0.00253236
684.086792	0.00023392
687.247314	3.78239
698.078369	2.08398
709.698792	2.37133
714.840881	0.260104
715.828003	0.393773
716.613953	0.155792
717.185303	0.601806
717.744019	0.0667717
718.182983	0.0253126
718.396851	0.138416
718.772827	0.313275
719.222839	0.18297
719.854736	0.611694
722.477661	0.187156
724.869629	1.58061
730.988525	1.20937
749.002136	3.16661
774.729858	0.488409
778.536072	2.01468e-007
778.863525	3.09951e-008
778.950867	3.09951e-008
779.955627	6.81892e-007
780.961060	3.09951e-008
781.748352	5.26917e-007
782.536072	3.09951e-008
782.798706	1.54975e-007
783.061462	3.09951e-008
783.499390	2.78956e-007
783.937439	3.09951e-008
784.112671	9.29853e-008
784.419434	1.2398e-007
784.770081	1.2398e-007
785.098877	1.08483e-007
785.405823	1.08483e-007
786.041809	3.40946e-007
786.568359	3.09951e-008
787.007324	2.78956e-007
787.446350	3.09951e-008
787.709839	1.54975e-007
787.973389	3.09951e-008
788.412720	2.78956e-007
788.852112	3.09951e-008
789.115845	1.54975e-007
789.567871	0.000703732
790.364990	0.0238968
791.180176	0.03986
791.660950	0.0257584
792.154297	0.013515
792.803589	0.0108752
793.220520	0.00572709
793.529907	0.000208296
793.894165	1.03084e-005
794.070801	9.11027e-008
794.333679	4.6251e-008
794.465881	4.64903e-008
794.686462	1.08483e-007
794.929077	6.19902e-008
795.105591	6.19902e-008
795.282104	6.19902e-008
795.546936	1.2398e-007
795.767639	3.09951e-008
796.562439	5.26917e-007
797.534424	1.54975e-007
798.020630	1.85971e-007
798.529114	1.70473e-007
798.949280	1.2398e-007
799.480164	2.47961e-007
800.033325	1.39478e-007
801.539063	9.14355e-007
803.578430	5.11419e-007
804.399353	6.19902e-008
804.643494	1.08483e-007
804.865479	4.64926e-008
804.998718	4.64926e-008
805.176331	7.74877e-008
805.376160	6.19902e-008
805.531616	4.64926e-008
805.775940	1.2398e-007
806.064697	7.74877e-008
806.220215	3.09951e-008
806.309082	3.09951e-008
807.086975	5.11419e-007
809.066711	8.67863e-007
810.402710	6.19902e-008
810.558655	4.64926e-008
810.692383	4.64926e-008
810.937439	1.2398e-007
811.294067	1.2398e-007
811.539246	4.64926e-008
811.784485	1.2398e-007
812.007446	3.09951e-008
812.788086	5.11419e-007
814.328186	5.57912e-007
815.400452	1.85971e-007
815.713318	3.09951e-008
816.003845	1.70473e-007
816.294495	3.09951e-008
817.077209	5.11419e-007
818.778137	6.66395e-007
819.786133	3.09951e-008
820.839539	6.9739e-007
822.050842	0.0805947
838.323364	0.00156263
839.859314	0.0788315
841.373474	0.0719969
841.906372	0.272038
842.482910	0.159114
843.134949	1.06831
844.030762	0.442818
844.468323	0.278442
844.859985	0.0854239
845.173584	0.15472
845.670837	0.162431
846.056030	0.035759
846.542786	0.0264091
847.251892	0.00190796
847.899353	5.13859e-005
848.259583	2.2137e-008
868.651794	0.0805938
878.245850	0.000476684
878.670532	0.0182257
879.108765	0.0149751
879.361572	0.00105039
879.552734	6.17173e-005
879.896118	0.00153698
880.355896	0.00975904
880.684204	0.00874215
880.899841	2.29081e-005
881.085754	7.06966e-006
900.353943	0.00156198
901.967407	0.0735559
903.512695	0.0450402
904.051819	0.156682
904.664917	0.139952
905.333313	0.00405967
905.886658	0.0320732
906.586731	0.0307694
907.350525	0.00164464
908.013062	5.42884e-005
908.373657	6.9464e-007
916.543762	0.0703508
925.943909	0.731821
930.034973	1.21136
932.156799	0.49667
932.669983	0.127652
933.974731	0.0668127
934.610352	0.0124778
936.046631	0.0141206
937.824341	0.0682683
942.356689	0.0701205
944.067383	0.152969
944.986511	0.0673242
945.385864	0.00993991
946.041382	0.0450818
946.709778	0.00839955
947.146545	0.0834323
947.989014	0.329767
948.500183	0.195226
949.038574	0.0390586
949.823425	0.0293119
950.205688	0.00596062
950.943848	0.102443
958.699463	0.0489829
959.530029	0.0310953
959.758850	0.0784939
960.102722	0.113359
960.657166	0.0165039
961.450317	0.0140935
961.836243	0.00223319
962.201416	0.000397055
966.508606	0.0431969
969.616882	0.00095343
970.063416	0.0364503
970.524109	0.0299493
970.789856	0.00210142
970.990845	0.000122988
971.351807	0.00307403
971.835144	0.0195181
972.180298	0.0174844
972.406982	4.63236e-005
972.602417	1.46467e-005
995.064026	0.0244185
997.776367	0.356723
998.787903	0.23678
999.365540	0.399374
1000.145813	0.074227
1000.605530	0.0987999
1001.391907	0.184379
1002.192932	0.0141371
1002.903564	0.00104495
1003.479309	1.5444e-005
1003.825989	5.02671e-007
1008.020691	0.0304419
1009.107422	0.215105
1009.890198	0.199365
1010.471619	0.10554
1011.045105	0.088689
1011.746643	0.0755287
1012.243347	0.0214717
1012.595276	0.000786659
1013.007446	4.04377e-005
1078.068970	0.0648505
1079.201660	0.40062
1079.916260	0.305056
1080.508301	0.115423
1081.210083	0.129123
1081.797607	0.106586
1082.436401	0.00264674
1082.795776	0.000209281
1083.193604	9.19946e-006
1121.740112	0.0274752
1122.896851	0.170573
1123.601563	0.120334
1124.135010	0.0530291
1124.953369	0.0487258
1125.512207	0.0385479
1125.950317	0.00292887
1126.659424	0.0047066
1128.490112	0.274383
1130.363159	1.03559
1131.268555	0.455338
1131.763062	0.0378236
1132.596436	0.202951
1133.218018	0.109602
1133.727661	0.0101937
1134.485474	0.00620649
1135.242676	0.000163388
1135.652832	6.84052e-007
1176.279907	0.00258856
1177.227661	0.0948056
1178.233643	0.221308
1178.769043	0.178748
1179.433838	0.0813716
1180.157837	0.0587577
1180.721558	0.000681318
1181.263062	0.00261552
1183.059937	0.138817
1185.072388	0.423484
1186.208130	0.234411
1187.356079	0.0876729
1188.372925	0.0283134
1189.232422	0.00331629
1189.992310	0.000108684
1190.407837	6.08341e-007
1206.477295	0.045791
1207.685303	0.232451
1208.452637	0.164979
1208.963867	0.0958291
1209.796509	0.090236
1210.411011	0.0614283
1210.845703	0.00523666
1211.231934	7.6639e-005
1211.591064	5.22272e-007
1221.777222	0.0337412
1224.060913	0.441168
1225.963135	0.475135
1227.159424	0.253882
1228.299683	0.183367
1229.398193	0.0612295
1230.257568	0.00658856
1231.029907	0.000218095
1231.473511	1.59424e-006
1232.010498	0.00388238
1232.980591	0.144209
1233.996216	0.29707
1234.597046	0.186998
1235.217651	0.0730653
1236.053467	0.0630902
1236.670166	0.0273682
1236.975708	0.00225274
1237.203369	0.000124335
1237.611328	0.00307389
1238.157715	0.0195181
1238.547852	0.0174844
1238.804077	4.63236e-005
1239.024902	1.46467e-005
1283.522217	0.00902605
1284.757690	0.12288
1285.478394	0.0824827
1286.083252	0.0143966
1286.506714	0.00109631
1286.992432	0.016169
1287.559570	0.0162872
1288.029419	0.000978503
1288.428101	1.50258e-005
1313.041382	0.000612935
1314.036743	0.029482
1315.109009	0.144204
1315.782104	0.106536
1316.428345	0.0143195
1317.309326	0.0178777
1317.882935	0.016226
1318.395508	0.000962593
1318.797607	1.50091e-005
1354.188965	0.00909275
1355.451416	0.0910734
1356.226074	0.0621147
1356.821777	0.0193086
1357.744873	0.0192639
1358.339355	0.0171376
1358.819824	0.000977571
1359.229370	1.50258e-005
1373.069092	0.00625319
1375.067139	0.277805
1377.214233	0.809631
1378.407227	0.486926
1379.681763	0.170141
1380.788818	0.0424187
1381.724609	0.00703109
1382.547119	0.000218118
1383.017334	1.59423e-006
1388.000610	0.00155106
1390.003662	0.068585
1391.315186	0.0339713
1392.020508	0.0510784
1392.355713	0.061338
1393.442261	0.0704732
1394.633789	0.0487784
1395.865356	0.0657837
1397.642822	0.0621153
1398.292847	0.524242
1399.120361	0.447001
1399.674194	0.0284356
1400.619873	0.101933
1401.305786	0.0478377
1401.816406	0.0186679
1402.820068	0.00440552
1403.667847	0.000346321
1404.346680	5.63359e-006
1406.122925	0.0315732
1406.681519	0.117911
1407.325928	0.316967
1408.787598	0.0768399
1415.096191	0.588956
1417.861084	1.16038
1418.838135	0.799121
1419.695679	0.0918355
1420.240234	0.369532
1420.957520	0.847119
1424.880371	0.211145
1425.613647	0.116363
1426.129517	0.0557839
1427.035522	0.048485
1429.521484	1.05708
1431.523315	0.120148
1432.420898	0.0308793
1432.747681	0.0198391
1434.033813	0.0535501
1436.662109	0.927839
1442.867432	0.0663711
1446.063232	0.157633
1447.180542	0.0841858
1447.619141	0.127665
1447.932617	0.0250836
1448.799561	0.0361182
1449.250000	0.0148178
1449.632324	0.00821452
1450.213501	0.0190985
1458.184204	0.837898
1460.267456	0.0915238
1461.359863	0.053202
1462.637573	0.0249614
1463.968384	0.276663
1466.785034	0.114095
1469.168213	0.182094
1471.695435	0.00326634
1472.377319	0.0144065
1472.803711	0.0127216
1473.105347	0.000130326
1473.379883	4.64128e-005
1473.917358	0.00289541
1474.475342	0.00381982
1474.844238	0.00369095
1482.214600	0.00625051
1484.291382	0.283787
1486.535400	1.0979
1487.789429	0.58008
1489.218140	0.163702
1490.217285	0.0360253
1491.213867	0.00654592
1492.067139	0.000207446
1492.555176	1.71559e-006
1499.542725	0.00326634
1500.231079	0.0144065
1500.661499	0.0127216
1500.966064	0.000130326
1501.243286	4.64128e-005
1501.785767	0.00289541
1502.349121	0.00381982
1502.721558	0.00369095
1508.725830	0.00129337
1509.800659	0.047829
1510.931763	0.0800637
1511.598511	0.0517684
1512.282471	0.0271767
1513.182983	0.0218593
1513.762085	0.0115869
1514.202393	0.000461561
1514.618286	1.5861e-005
1518.086548	0.00739805
1518.770264	0.0447761
1519.245850	0.0403545
1519.630493	0.0187565
1519.925049	4.09142e-005
1520.368286	0.00588526
1520.923706	0.0181662
1521.340576	0.0176291
1521.667114	7.9616e-005
1521.946655	1.57645e-006
1529.222168	3.13226e-006
1531.218994	0.112697
1535.573730	0.000248183
1536.135742	0.00891084
1536.708496	0.00762552
1537.079956	0.00179185
1537.790283	0.00068365
1538.368652	0.00505211
1538.808838	0.00459893
1539.120361	4.81507e-005
1539.401855	7.97014e-007
1546.766113	0.00312547
1548.888428	0.140574
1551.184692	0.295593
1552.495361	0.153562
1553.802368	0.0890593
1555.015137	0.038021
1555.961548	0.00327148
1556.833496	0.000104666
1557.329712	9.12037e-007
1578.565674	0.00156263
1580.708862	0.0762262
1582.684937	0.055996
1583.548950	0.257101
1584.292847	0.202752
1585.046143	0.0262183
1585.911011	0.0431982
1586.552002	0.0191761
1586.893188	0.001971
1587.856934	0.00164151
1588.737305	5.14449e-005
1589.232056	1.2023e-008
1593.158325	0.0598182
1596.754395	0.578885
1599.884033	0.449585
1602.685791	0.0516078
1604.603516	0.00536054
1606.035156	0.0239115
1607.202148	0.0400318
1607.890137	0.0258841
1608.595947	0.0135885
1609.525024	0.0109297
1610.122559	0.00579407
1610.576782	0.000230835
1611.004761	7.5675e-006
1620.801147	0.00156263
1622.974365	0.0712472
1625.275757	0.0642848
1625.887085	0.0910347
1626.446167	0.167125
1627.073120	0.00777159
1627.677856	0.0158718
1628.135132	0.0334892
1628.796143	0.0269012
1629.298096	0.0055772
1630.461548	0.0432091
1631.364746	0.0319851
1631.944092	0.0114973
1632.918457	0.0174974
1633.638794	0.0121053
1634.213013	0.00119195
1635.031860	0.033266
1637.644531	0.00351723
1639.471680	1.27795
1641.539429	0.741473
1642.416870	1.81764
1643.259644	0.0361751
1643.924561	0.380601
1645.352783	0.916925
1646.325195	0.0320321
1648.184326	0.0314375
1649.213257	0.0204044
1650.332275	0.0401364
1651.029907	0.0259031
1651.745239	0.0135904
1652.686646	0.010921
1653.291260	0.00575469
1653.812134	0.000927705
1657.386353	0.0152289
1658.463623	0.130298
1659.547363	0.371128
1660.243774	0.222811
1660.932617	0.068682
1661.964478	0.0408249
1662.982422	0.244212
1664.184570	0.0246116
1664.880737	0.274041
1665.795532	0.169418
1666.390137	0.0553318
1667.413696	0.0990795
1668.091919	0.014148
1668.630249	0.0100566
1669.411621	0.00183417
1670.191162	1.7377e-005
1670.671753	9.84847e-007
1671.185303	1.08708e-007
1671.573242	7.75196e-008
1671.862427	6.19905e-008
1672.192383	1.01061e-007
1672.984131	0.0194016
1674.396484	0.103492
1675.421997	0.272135
1676.392090	0.264934
1677.153198	0.0363682
1677.889160	0.0838482
1678.836792	0.0604335
1679.444214	0.0130225
1679.940430	0.00072939
1680.374634	2.3792e-005
1680.740967	1.07648e-007
1681.132935	6.22376e-008
1681.356567	4.64812e-008
1681.678833	1.08483e-007
1682.001221	4.64927e-008
1682.355835	1.2398e-007
1682.903931	1.39478e-007
1683.323120	6.19902e-008
1683.839111	1.85971e-007
1684.548828	1.54975e-007
1685.581299	3.40946e-007
1686.646362	1.70473e-007
1687.518066	2.47961e-007
1688.293091	1.2398e-007
1688.777588	1.08483e-007
1689.262207	1.2398e-007
1689.779175	1.2398e-007
1690.166870	6.19902e-008
1690.360840	3.09951e-008
1690.587036	7.74877e-008
1690.813232	3.09951e-008
1691.492065	2.94453e-007
1692.332764	1.08483e-007
1692.817749	1.2398e-007
1693.302979	1.08483e-007
1695.276611	8.36868e-007
1697.121948	4.64926e-008
1697.380981	7.74877e-008
1698.061157	2.47961e-007
1698.903442	1.54975e-007
1699.292236	3.09951e-008
1699.810791	2.16966e-007
1700.491333	1.08483e-007
1701.042480	1.54975e-007
1701.658569	1.39478e-007
1702.209839	1.2398e-007
1702.761230	1.39478e-007
1703.280273	1.08483e-007
1703.799316	1.39478e-007
1704.383423	1.39478e-007
1704.967651	1.39478e-007
1705.422119	7.74877e-008
1706.396118	3.87439e-007
1707.467896	1.2398e-007
1707.987671	1.2398e-007
1708.540039	1.39478e-007
1709.254883	2.01468e-007
1709.905029	1.08483e-007
1710.620239	2.32463e-007
1711.595703	2.32463e-007
1712.539063	2.16966e-007
1713.547607	2.63458e-007
1714.589111	2.32463e-007
1715.468140	1.85971e-007
1715.989136	6.19902e-008
1716.217041	4.64927e-008
1716.445068	6.19902e-008
1716.738159	7.74877e-008
1717.129028	1.08483e-007
1717.748047	1.85971e-007
1718.306274	8.15256e-008
1719.242065	0.0286767
1720.994751	0.258841
1722.048828	0.226353
1722.671753	0.186467
1723.438110	0.0544556
1723.743286	0.0567256
1724.411255	0.0984839
1725.095337	0.0383926
1726.074219	0.0293345
1726.686768	0.00268243
1727.369751	0.0137809
1727.819824	0.0127189
1728.174438	8.47072e-005
1728.451782	4.61639e-005
1729.034790	0.00304237
1729.640625	0.00387091
1730.023560	0.0039044
1730.609619	1.89787e-007
1730.969360	1.12388e-007
1731.198364	1.54567e-007
1731.427368	1.15925e-007
1731.656372	1.54567e-007
1731.950806	1.93209e-007
1732.474243	4.25059e-007
1732.965210	1.54567e-007
1733.227051	1.54567e-007
1733.750732	4.63701e-007
1734.372803	2.70492e-007
1734.863892	3.09134e-007
1735.289673	1.93209e-007
1735.715454	3.09134e-007
1736.239502	3.09134e-007
1736.796509	3.47776e-007
1737.517334	5.02343e-007
1738.271240	3.86417e-007
1738.730103	1.54567e-007
1739.189087	3.86417e-007
1739.877686	4.25059e-007
1740.304077	7.72835e-008
1740.533691	1.93209e-007
1740.861694	1.93209e-007
1741.255371	2.70492e-007
1741.878784	4.63701e-007
1742.502197	2.70492e-007
1743.125854	4.63701e-007
1743.913818	4.63701e-007
1744.603271	3.47776e-007
1745.030518	1.55017e-007
1746.376099	0.0241039
1748.924072	0.0131755
1749.775513	0.308785
1750.858154	0.275303
1751.518555	0.0304976
1752.397827	0.123089
1753.346069	0.0789759
1753.912476	0.00577266
1754.895752	0.00454305
1755.847778	0.000337891
1756.613892	5.2832e-006
1757.176880	2.84459e-007
1757.599243	2.32382e-007
1759.014648	0.0230064
1761.727539	0.240226
1763.964600	0.470289
1765.914063	0.295828
1766.911743	0.140463
1767.393799	0.0580992
1768.501099	0.112029
1769.223267	0.0157596
1769.782227	0.00779137
1771.770020	0.833747
1774.469604	0.237797
1775.085571	0.56784
1776.007813	0.872014
1776.915405	0.0219524
1777.638184	0.191631
1778.754150	0.28542
1779.452271	0.0145147
1781.567261	0.0140777
1783.445557	0.00116455
1784.513550	1.21694e-005
1785.151855	2.22099e-006
1786.077026	4.88911e-007
1786.997803	5.34994e-007
1787.692261	2.70563e-007
1788.157837	2.70498e-007
1788.590088	2.3185e-007
1788.922729	1.54567e-007
1789.355103	3.47776e-007
1789.887329	2.70492e-007
1790.286621	1.93209e-007
1790.586060	1.54567e-007
1790.885620	1.93209e-007
1791.356445	3.72575e-006
1793.520264	0.112695
1801.654297	0.00326998
1802.415039	0.0137811
1802.874878	0.012719
1803.237305	8.48229e-005
1803.520630	4.62797e-005
1804.116333	0.0030426
1804.735352	0.00387107
1805.126709	0.00390456
1805.725586	2.82363e-007
1806.093140	1.8182e-007
1815.890991	0.01662
1817.404419	0.0255757
1818.317871	0.101132
1818.877075	0.103521
1819.452271	0.0174514
1820.060059	0.00748387
1820.705566	0.0221437
1821.671021	0.0895951
1822.396729	0.0518442
1823.148804	0.0271763
1824.138794	0.021859
1824.775513	0.0115878
1825.259766	0.000462209
1825.716553	1.56745e-005
1826.191040	3.29075e-007
1829.057373	0.016603
1832.444458	0.014844
1832.989014	0.0176963
1833.400146	0.0212205
1834.304077	0.504336
1838.214722	0.915692
1839.554321	1.8177
1841.428467	1.91577
1842.422119	0.0684994
1842.875854	0.449375
1843.631714	0.388753
1844.185791	0.0431132
1844.771973	0.00973318
1845.311157	0.0536592
1847.106079	0.63801
1850.593872	0.518894
1853.432007	0.0847397
1855.630371	0.00522356
1857.174194	9.55214e-005
1857.756592	1.92094e-006
1858.634277	2.44892e-006
1859.575195	7.81258e-007
1860.178101	5.4186e-006
1860.866943	0.174016
1864.434204	3.37096
1867.007446	0.944604
1867.630005	0.062742
1868.405518	0.518735
1869.470093	0.147673
1870.326416	0.417317
1872.142090	0.0975933
1873.079590	0.0116034
1874.289917	1.71463
1879.029785	0.894832
1882.964844	0.0497905
1884.710693	3.7085e-005
1886.121094	0.000442853
1893.114380	0.00619779
1895.001587	0.201798
1897.579712	0.378836
1899.003662	0.200752
1900.709351	0.671896
1901.959839	0.270283
1902.596558	0.0286462
1903.658081	0.102494
1904.478516	0.0562291
1907.182251	0.760753
1910.646240	0.40761
1912.910156	1.12714
1915.033813	2.35958
1916.221802	2.3455
1917.847900	0.698546
1918.827026	0.422341
1919.302246	0.0487051
1920.610229	0.124283
1922.894775	0.379607
1923.844727	0.271509
1924.544434	0.0318838
1925.555054	0.0649947
1926.394775	0.0445732
1926.954346	0.00289251
1929.994141	0.0823778
1932.792969	0.0224575
1933.251587	4.79516e-008
1933.632202	8.40882e-008
1934.082031	7.20554e-008
1934.428101	4.80367e-008
1934.912598	1.20092e-007
1935.604858	1.20092e-007
1936.193359	8.40642e-008
1936.574219	4.80367e-008
1936.989868	9.60734e-008
1937.405396	4.80367e-008
1937.786377	8.40642e-008
1938.306030	9.60734e-008
1938.860352	9.60734e-008
1939.414673	9.60734e-008
1939.865234	6.00459e-008
1940.281128	8.40642e-008
1942.777466	7.80596e-007
1945.344849	1.08083e-007
1945.934814	9.60734e-008
1947.254150	3.60275e-007
1948.573853	9.60734e-008
1949.129639	9.60734e-008
1949.685425	9.60734e-008
1950.241455	9.60734e-008
1950.797485	9.60734e-008
1951.353638	9.60734e-008
1951.909790	9.60734e-008
1952.535645	1.20092e-007
1953.335449	1.56119e-007
1954.065918	9.60734e-008
1954.448486	3.60275e-008
1954.935547	1.32101e-007
1955.422729	3.60275e-008
1955.701050	6.00459e-008
1956.153564	9.60734e-008
1956.501587	2.40183e-008
1956.710449	4.80367e-008
1957.197754	1.20092e-007
1957.928955	1.32101e-007
1958.590576	9.60734e-008
1959.112915	8.40642e-008
1959.565796	7.20551e-008
1960.018677	8.40642e-008
1960.889771	2.16165e-007
1961.830688	1.08083e-007
1962.388428	8.40642e-008
1965.736450	1.06882e-006
1969.017456	6.00459e-008
1969.576294	1.32101e-007
1970.030273	2.40183e-008
1970.344604	8.40642e-008
1970.763916	6.00459e-008
1971.043335	3.60275e-008
1971.287964	4.80367e-008
1971.672241	8.40642e-008
1972.196533	9.60734e-008
1972.580933	3.60275e-008
1973.000366	1.08083e-007
1973.594727	9.60734e-008
1974.154053	9.60734e-008
1974.713623	9.60734e-008
1975.308105	1.08083e-007
1975.902832	9.60734e-008
1976.707397	1.80138e-007
1977.547241	1.08083e-007
1978.107300	8.40642e-008
1978.632324	9.60734e-008
1979.157471	8.40642e-008
1979.542847	4.82376e-008
1982.143799	0.234519
1988.003296	2.59806
1992.320679	2.86556
1994.571777	0.495824
1995.327881	0.062201
1996.260132	0.103995
1998.055542	0.1902
2000.156860	0.00476289
2001.290527	4.84678e-005
2001.775146	4.44709e-006
2004.358521	0.174328
2005.514282	0.0452501
2006.628296	0.382352
2007.443481	0.245758
2008.171631	0.0783068
2009.256348	0.0814707
2009.999512	0.0434303
2010.432983	0.00132793
2019.340332	0.241938
2021.924561	0.0392973
2022.697021	0.0261466
2023.495728	0.0130332
2024.533813	0.0111848
2025.265137	0.0059377
2025.774048	0.000259816
2028.308838	0.00267094
2031.114746	0.0743298
2033.447876	0.0448231
2034.269653	0.179681
2035.206177	0.188273
2036.204224	0.0103974
2036.969604	0.0309989
2038.122437	0.0292438
2040.194092	0.266584
2050.006348	0.00885492
2050.647461	0.00694338
2051.077637	0.00141554
2051.446045	0.00268807
2052.542969	0.00492423
2053.077148	0.00388371
2053.909668	0.0664381
2077.034912	0.45505
2078.236572	0.0241442
2079.525635	0.0420507
2080.306396	0.025046
2081.087891	0.0159533
2082.172852	0.0097528
2083.939453	0.315698
2113.411865	0.283528
2117.895264	0.180446
2119.607422	0.569468
2121.545654	0.558012
2122.766602	0.113498
2124.449463	0.0670847
2125.229248	0.00711894
2128.726074	0.0308847
2129.837158	0.00806538
2130.274902	0.00201697
2131.215820	0.000357549
2131.801270	0.00478216
2132.315918	0.00484096
2137.719727	0.0133652
2139.346436	0.00888527
2140.023682	0.00764003
2140.463135	0.00179962
2141.303711	0.000686019
2141.987061	0.00507304
2142.508057	0.00456094
2142.877441	7.47674e-005
2144.276855	0.0310492
2149.768799	0.0555739
2150.770264	0.191559
2151.407715	0.109188
2152.391846	0.0297788
2153.424316	0.0221455
2155.946045	0.370442
2157.218750	0.167157
2158.062012	0.564715
2160.575195	0.386408
2161.150391	1.39314
2162.140137	3.15322
2163.179199	0.0107858
2163.944824	0.570369
2165.533691	1.08912
2167.995605	0.171564
2169.735107	0.0700894
2171.115967	0.0505817
2172.594482	0.028047
2173.655762	0.0386001
2174.447754	0.025531
2175.268555	0.0136514
2176.353271	0.0109355
2177.048340	0.0057587
2177.575195	0.000244647
2178.062744	1.64361e-005
2182.420654	0.00238576
2183.455811	0.0407887
2184.590820	0.0478986
2185.104492	0.0348803
2185.578857	0.0462343
2186.420166	0.0183287
2187.142822	0.0209761
2187.614258	0.0289992
2188.228027	0.0020605
2208.129395	1.09486
2214.502930	0.208576
2217.260742	0.391155
2218.842285	0.220523
2220.362305	0.14533
2221.857666	0.0481229
2222.939941	0.0131261
2226.503662	0.214725
2238.946045	0.0498795
2242.269775	0.259421
2243.535400	0.075769
2244.196289	0.299565
2244.890869	0.00796255
2245.598389	0.0573624
2246.083496	0.0430108
2246.982666	0.0829553
2250.236328	2.24406
2253.544434	0.867581
2254.687988	0.225562
2257.161377	0.305321
2259.455811	0.015772
2261.415283	0.157638
2268.983398	0.069332
2271.309570	0.33647
2272.559570	0.358349
2274.510010	0.0551736
2275.343506	0.0615258
2276.536133	0.965157
2280.075439	0.382659
2283.123291	0.137914
2287.329590	0.0324294
2289.413330	0.00727019
2290.942383	0.0431377
2292.011963	0.0319773
2292.700439	0.0114902
2293.856689	0.0177757
2294.711670	0.011814
2295.315430	0.00110711
2295.847900	3.07508e-005
2300.814697	3.13276e-006
2310.243164	3.64322
2321.858398	0.0149774
2322.398682	0.0123694
2322.922119	0.0144253
2324.498535	0.00179381
2324.976074	0.0214823
2329.403809	0.21824
2331.123291	1.9425
2332.893066	1.10251
2333.761230	0.176593
2334.558350	0.45698
2335.674072	0.224773
2336.648438	0.345109
2344.558594	3.11941
2349.662598	0.0364869
2351.107910	1.17205
2352.488770	0.811535
2353.954102	0.413896
2355.738770	0.862874
2357.055908	0.196168
2358.590576	0.514077
2360.271973	0.338907
2362.027588	0.210665
2363.412598	0.55041
2365.625732	2.1182
2367.358154	1.4712
2368.865723	0.573144
2370.514404	0.302497
2371.853516	1.66339
2382.404785	0.646214
2384.297852	0.139636
2385.752197	0.0760195
2387.329346	0.0253938
2388.749756	0.0254963
2389.611084	0.198648
2390.936035	0.148761
2391.611572	0.409797
2393.060303	0.319626
2394.744629	0.152879
2396.112305	0.0586566
2398.072998	1.32234
2403.196777	7.83044
2406.261230	1.05914
2406.981445	0.284981
2407.955566	0.451908
2412.261230	6.39045
2421.055908	13.6705
2426.861572	12.97
2428.333496	9.59222
2429.810303	27.3531
2444.723145	10.8514
2449.796631	0.554833
2452.555908	0.478293
2456.535645	0.0571725
2459.425049	1.81203
2461.845459	4.91174
2463.747803	0.0283293
2464.540283	2.83314
2465.863525	1.56906
2467.919434	1.04175
2469.123291	2.67483
2484.676758	1.16475
2486.312012	0.0917358
2487.158203	0.0685962
2488.062012	0.0210224
2489.235596	0.0231685
2490.044678	0.18412
2492.305420	1.0587
2493.766357	0.406751
2494.384766	0.0437874
2495.738281	0.13566
2496.564453	0.0300983
2497.389648	0.0124109
2498.597656	0.136318
2507.357422	5.51154
2513.628174	1.36205
2514.758301	2.1038
2520.026123	2.48538
2522.920166	0.447609
2523.788574	0.324617
2524.669922	0.148472
2525.833496	0.0975219
2526.556641	0.0304687
2527.154053	0.00253314
2528.697021	0.0265067
2529.759033	0.0421662
2530.542969	0.0203441
2531.848877	0.0336485
2533.135010	0.27063
2535.108398	0.225368
2536.578125	0.102253
2538.526367	0.113469
2539.611084	0.0260656
2541.301025	0.0669934
2543.386230	1.07635
2548.458008	0.173504
2550.174072	0.933571
2551.656494	0.987872
2553.500244	0.610519
2554.541504	0.603595
2555.925049	0.259423
2556.788574	0.921959
2558.244873	12.4743
2560.950684	3.2153
2561.625244	0.110226
2562.709229	0.643753
2564.228271	0.978281
2565.717041	0.038649
2566.780273	0.130279
2567.784668	0.169311
2568.676270	0.856305
2570.891846	1.59994
2572.684570	0.141363
2574.503174	0.294695
2576.145264	0.0678288
2579.849609	0.470224
2584.809814	0.316886
2586.637695	0.104673
2587.891602	0.13884
2588.694580	0.0830128
2589.612305	0.0459766
2590.747314	0.0890812
2591.542969	0.104172
2592.416748	0.014523
2593.030518	0.00324095
2593.704834	0.0136658
2594.577637	0.0212297
2596.025635	0.015771
2596.688232	0.00965087
2597.176758	0.00983762
2598.881348	0.0100741
2600.669922	0.147196
2603.392334	0.603553
2604.995605	0.340589
2606.913574	0.14012
2608.309814	0.0816005
2610.678467	0.087829
2613.686523	0.0421385
2614.401855	0.023409
2614.883301	0.0476332
2616.017090	0.414393
2618.776123	0.714578
2620.467285	0.633268
2622.343506	0.201198
2624.363770	0.627008
2629.142090	0.314395
2630.568848	0.414407
2631.500488	0.302872
2632.431641	0.100185
2633.585449	0.0838261
2634.479980	0.034331
2635.755859	0.218629
2658.464111	2.03871
2672.924072	0.785626
2678.598389	0.884478
2680.130127	0.198566
2681.842529	0.393954
2685.079590	0.528638
2687.437256	0.697619
2689.110596	0.814132
2690.358887	0.801633
2693.672607	0.457122
2694.647949	0.422302
2695.236816	0.0976733
2696.586914	0.147064
2697.563965	0.143774
2701.191162	0.187831
2702.768799	0.198019
2704.147217	0.0640175
2705.250000	0.052417
2707.224609	0.562348
2708.022461	0.0227304
2709.412598	1.21805
2712.569824	0.927485
2714.482178	0.78352
2716.430420	0.435791
2717.669922	3.54015
2720.723877	1.1401
2721.488281	0.0759205
2722.202148	0.543142
2723.780518	0.184064
2724.364746	0.0171342
2725.597900	1.8794
2730.876709	0.754498
2732.722900	0.880349
2734.284668	0.202456
2736.189209	0.391563
2741.808350	3.59935
2744.073242	2.30994
2745.464111	3.15015
2747.313232	0.735019
2748.785156	0.603086
2749.637451	0.749421
2752.861572	0.45524
2754.931396	0.215802
2756.305908	2.60261
2763.143066	2.52795
2764.212891	0.716684
2765.387207	3.49334
2769.269775	0.634073
2772.130859	0.815411
2780.348877	0.907372
2784.392578	0.108642
2785.614014	0.0428056
2786.559326	0.0382595
2788.660889	0.100251
2790.292236	0.115394
2791.741211	0.365632
2797.047607	0.0248094
2798.184082	0.876883
2799.402100	0.758598
2800.187988	0.101485
2801.402344	0.266314
2802.333496	0.0948659
2805.678467	1.01728
2806.864990	0.474673
2807.977539	0.136634
2808.689941	0.192546
2810.024414	0.358039
2816.463867	0.940194
2818.862305	0.384737
2820.534912	0.328607
2822.002441	0.165501
2822.697021	0.125743
2823.692383	0.148865
2824.944580	0.0457413
2825.708740	0.0938462
2827.122559	0.187332
2828.612793	1.20442
2830.995361	0.0795244
2832.707275	0.500863
2833.858154	0.172686
2835.153076	0.0264914
2836.218018	0.276639
2838.091797	0.140611
2839.980713	0.184039
2841.665283	0.0825797
2843.284424	0.0576337
2845.767578	0.493845
2852.520996	0.957126
2854.818115	0.63944
2856.482910	0.39927
2858.218018	0.319491
2859.422607	0.0292698
2860.684326	0.385193
2861.781250	0.277252
2862.669189	0.064675
2863.876709	0.105411
2865.110840	0.750378
2873.054932	0.443634
2874.294189	0.155394
2875.206055	0.129683
2876.567139	0.461081
2877.483887	0.155823
2878.202637	0.082793
2879.643799	0.0582853
2880.976807	3.17978
2886.696289	1.41392
2888.475830	0.452413
2890.812500	16.7658
2895.095947	35.5269
2898.681396	4.35017
2901.206055	2.11946
2902.985352	0.562175
2904.647461	0.643988
2906.677979	0.0685797
2908.054443	0.467625
2909.966553	1.53933
2913.227051	0.241733
2918.042480	2.1835
2920.244385	0.652578
2922.530518	3.96644
2924.341553	3.41277
2926.033203	1.79521
2927.766357	0.767963
2929.812500	0.834272
2931.601074	0.284352
2932.326904	0.0237687
2933.542969	0.117813
2934.718018	0.0483725
2935.406982	0.0246306
2940.119873	3.13505
2944.265625	0.0829384
2946.051758	3.21772
2948.945068	2.88008
2950.266113	1.13084
2955.395020	6.26129
2961.127197	1.42049
2962.406494	0.834401
2964.315918	0.258601
2966.460205	0.445988
2967.662842	0.202929
2968.560303	0.503462
2970.770996	0.306001
2971.594971	0.808233
2972.672607	0.560766
2973.144287	0.497892
2974.956787	0.228477
2975.556396	0.0565057
2976.666016	0.718813
2978.028320	0.713019
2978.747559	0.0956166
2979.877930	1.82929
2982.170166	2.91032
2983.412842	1.92805
2985.293945	0.318237
2989.719727	2.50436
2991.911865	0.922354
2993.699707	0.525699
2995.567627	0.455291
2997.160645	0.217314
2999.636719	0.0305557
3000.351318	0.118827
3001.640625	0.306932
3002.599609	0.273683
3003.760010	0.0626988
3004.812012	0.0701766
3005.724121	0.0476102
3006.153076	0.00598173
3007.490967	0.00459227
3008.733887	0.0091877
3011.101074	0.0590576
3012.722656	0.518807
3013.923828	0.364232
3014.732178	0.167345
3016.087158	0.176924
3016.996826	0.148749
3018.208496	0.12317
3019.254883	0.730911
3020.641846	0.0601957
3021.314697	0.155744
3022.902588	0.322272
3023.553467	0.0318779
3024.280273	0.122603
3028.981201	0.816736
3030.236816	0.226841
3033.310791	1.43893
3035.576172	0.208136
3036.767822	0.404419
3038.292236	0.225434
3039.080811	0.247531
3040.444580	0.275878
3041.422119	0.124469
3042.289307	0.0808122
3043.715820	0.0384235
3044.843018	0.521104
3052.918945	0.613154
3054.049316	0.114332
3057.874756	1.00135
3061.350830	0.126206
3063.430176	0.0863443
3064.516113	0.174007
3066.631348	0.218307
3068.126709	0.20811
3070.033203	0.0555996
3071.659180	0.0391483
3073.434326	0.50582
3079.157715	2.08162
3083.271240	1.44579
3086.026123	0.143298
3086.688721	0.130743
3089.045166	0.0193624
3090.097656	0.0253402
3096.570557	0.289104
3099.372803	0.241414
3101.185303	0.175871
3103.222900	0.171704
3105.898682	3.2648
3113.381836	1.39911
3116.057861	0.11979
3117.861084	2.10671
3119.361572	0.504724
3124.625732	31.9527
3134.677246	3.49309
3135.852539	4.21042
3137.697510	0.340544
3139.313965	0.284387
3141.777344	0.169632
3145.171631	0.380994
3146.846924	0.221094
3148.044678	0.308339
3149.399902	0.2472
3150.365234	0.094038
3151.474365	0.11536
3153.044434	0.4812
3154.735840	0.199571
3156.058594	0.116812
3156.882080	0.127915
3158.094238	0.085622
3159.232910	0.0719713
3160.115967	0.0328496
3161.347412	0.0203194
3162.265381	0.36504
3163.544434	0.212423
3164.486328	0.59263
3165.762451	0.460022
3166.662354	0.0824398
3167.860352	0.202821
3168.843262	0.152091
3171.979004	11.6407
3176.269531	12.5488
3180.425049	11.3434
3185.303955	0.0173756
3188.811279	1.75787
3190.340088	0.4351
3191.574951	0.446395
3192.642334	0.555173
3193.548096	0.128386
3194.124023	0.0271044
3195.309814	2.33027
3197.697754	4.01117
3198.923584	8.86026
3203.995117	19.87
3207.968994	0.994916
3211.348389	3.92817
3216.813232	0.897726
3220.967041	4.27727
3224.000000	2.30119
3225.695313	0.738917
3227.851074	0.616274
3229.070801	0.135436
3230.087891	0.2609
3231.101563	1.0844
3234.864990	10.884
3238.911133	19.5739
3241.815430	8.03938
3254.742920	4.96996
3256.847412	0.540767
3258.210205	0.483356
3259.000000	0.134413
3259.885742	2.45237
3261.732910	6.9638
3263.674561	21.04
3268.325195	13.8688
3270.243408	0.0660336
3271.472656	1.37897
3274.692383	0.189488
3280.550781	0.821753
3290.924316	6.20348
3292.319824	0.0776973
3293.875000	0.351196
3294.816650	0.844697
3296.066895	9.59819
3303.081299	15.2566
3307.365479	0.633342
3308.357422	0.0931779
3309.577393	2.68972
3312.288086	1.31887
3313.944092	0.934528
3316.544678	3.36088
3319.945068	0.883784
3320.723145	0.180805
3321.981201	0.180501
3324.293701	3.4656
3326.842041	2.25696
3330.363281	10.4235
3334.084717	2.09363
3338.590576	16.5708
3343.971680	5.49903
3349.257324	9.11808
3352.363525	5.73956
3353.980469	2.73038
3355.996582	1.13092
3359.714600	1.0939
3361.397217	2.42474
3365.543945	0.249533
3366.784180	0.947125
3368.231201	5.01446
3372.622070	0.86936
3373.654053	0.703499
3374.588379	0.105677
3375.118896	0.0119047
3375.921631	0.250808
3377.287842	0.591493
3379.573975	7.31412
3382.410645	7.88125
3383.966064	2.74281
3386.332764	5.79208
3387.671143	1.54124
3389.868652	3.05636
3391.635010	0.345124
3392.775879	5.40393
3395.243652	5.21047
3396.788330	1.77824
3399.059570	1.47937
3402.291504	1.09251
3405.192627	2.92858
3407.085693	4.05387
3408.737061	5.57091
3411.654053	1.76299
3412.830566	3.44165
3416.282471	2.68519
3417.287842	0.196545
3420.184082	1.26466
3421.933105	1.24858
3423.917969	0.291842
3424.884766	0.0273335
3426.884766	4.04281
3434.247070	16.3989
3436.538330	0.22539
3437.828613	0.862607
3439.868164	0.669109
3441.284668	1.18001
3442.656494	2.24138
3444.083008	3.24296
3446.230957	4.05956
3448.522705	2.21765
3450.203613	4.08749
3452.786377	14.2332
3465.327881	12.9678
3469.219238	109.951
3477.422363	2.28892
3478.455078	0.14515
3482.028809	2.97855
3485.333008	1.76994
3487.308594	11.1896
3493.541504	6.96236
3497.319092	4.82736
3502.760010	25.5433
3505.967285	10.1106
3511.400879	2.87738
3514.692139	16.8767
3521.041016	11.8598
3523.148682	0.967789
3524.931152	21.2524
3532.353271	7.73979
3534.722412	1.75805
3536.187988	7.65101
3540.087646	0.27403
3541.091064	0.474966
3542.750000	6.38236
3544.498047	1.28234
3546.816895	2.16935
3548.713623	0.72902
3550.786377	0.104967
3554.860107	15.5235
3560.210693	1.50754
3562.646240	7.38913
3563.921387	7.40937
3567.646729	8.25839
3569.341797	3.46713
3572.634766	7.26009
3577.914063	14.4266
3582.139648	2.43767
3583.428223	0.261363
3587.727539	14.2527
3595.279541	2.17302
3596.863525	2.52332
3598.716064	0.739702
3600.248047	0.152969
3600.987549	0.0113051
3604.610352	2.3404
3608.866699	1.08651
3610.437988	0.777615
3612.760986	0.369872
3614.905518	0.349534
3618.166260	3.66446
3619.981445	2.02468
3620.697998	0.0929362
3621.697998	1.89724
3623.344971	0.142287
3624.697021	5.66767
3634.373535	1.35754
3635.574707	0.75962
3636.705811	0.659756
3637.713379	0.383393
3638.973389	0.316651
3640.019287	0.309941
3641.383301	0.71687
3643.466309	0.0802269
3645.570068	1.50438
3647.479492	0.644766
3649.471680	0.62779
3650.854004	0.201793
3652.397217	0.410802
3653.559326	0.220974
3654.458008	0.0643127
3656.156006	0.211889
3657.672607	3.60228
3660.294678	2.32814
3662.322510	0.906529
3664.198975	0.945422
3669.308594	3.79622
3673.636230	0.592507
3674.790039	0.0472332
3677.568359	2.69539
3680.401611	1.34689
3682.234863	1.45109
3683.859863	1.43269
3686.221191	0.29953
3688.105469	1.00868
3691.936279	0.0494248
3693.358154	0.142114
3694.500244	0.706788
3696.343750	0.306355
3697.867432	2.27601
3700.653076	1.78072
3702.184326	0.648407
3704.355713	2.13529
3709.450195	4.12611
3711.450684	0.604373
3712.393311	0.106471
3713.522461	0.37359
3715.930908	2.60028
3717.940674	0.989692
3719.685303	1.20117
3720.552979	0.884967
3722.001709	0.638778
3724.194092	7.81754
3729.347168	2.68918
3736.668213	2.10282
3737.832764	0.573235
3738.850830	0.355131
3740.136719	0.402549
3741.199707	1.96153
3744.440186	3.91807
3745.915527	1.58303
3747.899414	0.769249
3749.649170	0.067208
3751.275635	0.945658
3753.204102	3.11521
3763.318359	5.47835
3767.061523	0.173833
3768.009277	0.767296
3769.358643	0.554804
3772.487061	4.05822
3773.362549	4.12095
3775.716309	0.0643087
3779.204834	1.61878
3781.660889	1.0002
3783.802002	1.1122
3785.205566	0.309385
3786.900146	0.313301
3788.841553	1.39542
3790.626953	0.112635
3791.747559	0.11936
3792.868896	0.177862
3794.230713	0.0172984
3795.226074	0.740289
3797.408447	2.66701
3803.526855	0.297809
3807.104004	4.05496
3808.739502	5.14318
3810.560059	12.6606
3816.210693	8.67004
3817.104248	9.83668
3819.522461	0.0299407
3823.761475	12.1608
3827.234375	0.0117861
3830.729492	1.35736
3833.769531	0.104926
3835.695801	1.40754
3837.280029	0.0780532
3839.904785	0.502698
3842.402588	0.192993
3844.306641	0.20937
3846.301514	0.777558
3848.237061	0.895753
3850.152588	0.634483
3852.146729	0.246484
3855.744141	2.56015
3860.988525	1.54678
3862.906494	0.160727
3865.597168	0.392887
3867.072266	0.125908
3868.745361	0.226841
3870.925293	0.953085
3872.640137	0.272076
3877.329834	4.82121
3881.592285	4.51036
3884.770996	4.60395
3886.143311	1.59087
3889.509766	2.01467
3891.831787	1.32387
3893.802246	0.479863
3895.178467	0.208127
3896.375000	0.137319
3897.338379	0.0457349
3898.892090	0.0720293
3900.588379	1.82245
3909.629883	0.823027
3914.286133	3.91454
3918.098145	7.76565
3920.211670	0.168945
3922.577148	2.12828
3924.240723	0.701916
3928.071045	2.2099
3929.752930	1.71407
3932.122803	3.99598
3938.010986	1.53213
3939.472900	3.87283
3945.570313	4.35102
3947.315918	1.38445
3949.406494	4.20641
3950.379639	0.241923
3951.359863	0.764225
3953.555908	11.2172
3957.814941	0.939141
3959.987061	1.63894
3962.194824	2.53765
3964.102295	1.73232
3967.157227	17.185
3968.525635	4.34171
3970.965820	22.1105
3978.328857	2.03829
3980.180176	0.242564
3986.528564	12.8082
3987.673828	1.57919
3989.714355	6.04012
3993.928223	0.112039
3997.116943	3.23045
4000.089111	0.394468
4000.958984	0.22011
4002.207275	0.156998
4004.826416	0.0338552
4005.991455	0.182335
4008.514160	0.662288
4014.691162	1.22338
4016.581787	0.173993
4017.871826	0.412789
4019.610107	0.390419
4021.287598	0.6159
4022.407959	0.826766
4023.862061	0.303783
4024.790527	1.02302
4027.545410	3.9245
4028.778076	13.358
4032.286865	1.99843
4035.114990	28.3752
4041.118652	13.2495
4042.706299	2.98776
4048.028564	1.26901
4049.190674	0.221133
4050.354248	0.415211
4051.738770	0.544566
4053.166992	1.82557
4056.572021	0.1249
4057.781006	0.151645
4060.706787	0.339419
4063.994385	0.722617
4066.650879	1.98059
4068.715088	3.37595
4070.738037	1.75504
4072.899658	1.73581
4075.112549	0.418481
4076.674561	2.98912
4080.066650	0.483379
4083.090088	8.63872
4086.273682	4.16245
4087.758789	5.50481
4089.823730	2.20218
4094.139893	1.07449
4095.366455	2.20033
4096.346680	0.894182
4097.740723	1.08719
4099.067871	0.533824
4100.148438	0.428588
4101.455078	0.41542
4102.895508	0.191357
4105.384766	5.162
4106.551758	0.357523
4107.560547	0.0216698
4108.610840	0.0464644
4110.516602	1.19421
4112.532715	0.984538
4114.986816	1.62193
4118.769531	2.26883
4121.305176	1.96983
4122.584473	0.924724
4123.770996	2.06068
4124.947266	1.35588
4126.114746	7.34232
4133.092285	9.0621
4135.417969	0.325301
4137.856445	0.400994
4139.036133	0.233094
4142.544922	7.88985
4147.279297	1.4384
4149.232422	2.25735
4150.265137	0.395321
4151.484375	0.520596
4152.781738	2.35517
4156.943359	1.4981
4160.050781	12.3465
4163.348145	0.311208
4169.739258	8.91982
4171.290527	0.00504594
4174.970703	19.0827
4186.693848	4.47811
4188.177734	3.98311
4190.518555	0.781642
4193.483398	3.38468
4197.171387	0.272672
4198.342773	0.821823
4200.974609	2.07677
4202.774902	2.16161
4204.729492	1.47744
4206.957031	1.70332
4208.219238	2.17092
4209.185059	8.8221
4213.582031	2.35241
4215.020020	1.21924
4219.266113	3.80307
4224.396973	0.808007
4230.197266	9.32286
4235.127930	2.0807
4236.055176	1.87342
4240.381348	2.05879
4242.466309	0.0338918
4245.049316	10.6171
4257.543945	6.22715
4260.298340	0.313645
4261.784668	0.84241
4263.283203	0.342666
4265.860840	1.29048
4267.572266	2.51464
4271.111816	11.3016
4275.437500	3.2005
4280.960449	2.55518
4282.579590	0.840173
4285.016602	0.631521
4287.168457	0.65417
4289.069336	1.26038
4291.083496	0.685642
4293.226563	0.256906
4294.556152	0.230112
4297.049805	0.395567
4298.379395	0.0868578
4298.997070	0.00977497
4300.140625	0.228481
4301.580566	0.159472
4302.542480	0.0136515
4303.220215	0.0336238
4304.134766	0.113769
4306.826660	1.24871
4308.540527	1.17761
4309.188965	0.0938394
4311.303711	2.56101
4313.285645	2.16266
4315.504883	3.42526
4319.344238	4.05925
4321.566895	3.5556
4323.730469	2.03594
4325.742188	0.923469
4328.943359	9.8486
4331.432617	0.924936
4333.612305	0.300327
4335.244141	0.749574
4336.544434	1.33827
4337.730957	0.802934
4339.062012	4.30451
4344.367676	1.57997
4347.195313	5.4859
4352.171387	0.119636
4354.999512	0.972527
4356.625488	0.822579
4359.071289	0.194323
4361.181641	4.53628
4364.880371	2.06108
4367.250000	3.17137
4368.800293	5.44969
4374.308594	0.382036
4376.231445	12.8569
4380.243652	7.00701
4381.657715	2.35234
4384.529297	0.745551
4388.061523	5.69946
4392.811035	1.27473
4394.828613	2.3533
4396.875977	0.548615
4398.459961	0.304818
4399.706543	0.404273
4400.919434	0.715603
4402.943359	1.11285
4405.235840	2.05658
4406.905762	1.24096
4409.367676	0.322789
4410.507324	0.0822005
4415.896973	3.04077
4417.631348	1.88416
4418.632324	0.305733
4420.083984	0.860394
4421.563965	4.44799
4425.763672	1.75059
4426.830078	1.62923
4428.475098	10.421
4431.476074	0.55686
4432.724609	1.3442
4434.370117	11.0971
4438.340332	4.58481
4440.227051	1.85733
4442.058105	2.52677
4451.219238	6.58368
4456.740723	13.6097
4460.672852	8.27757
4462.641602	1.03112
4464.864258	1.84236
4466.743164	0.0259697
4468.751953	0.12411
4470.305176	1.36917
4475.496094	1.55682
4477.736328	1.27253
4479.422852	0.769211
4480.334473	0.280995
4481.770996	3.3478
4484.471680	0.202033
4487.184082	14.4885
4491.954590	14.969
4496.469727	2.6236
4500.606934	2.60801
4505.350098	1.78014
4508.708984	1.14769
4509.989258	0.223444
4511.435059	0.376014
4512.960938	1.52004
4515.026367	1.99248
4517.326660	0.489966
4518.846191	0.158115
4519.923340	0.260039
4521.331055	0.274395
4522.330566	0.0702066
4522.856445	0.0102922
4524.031250	0.636321
4527.253906	3.52992
4528.453613	8.0146
4530.953125	0.128788
4532.377930	1.86229
4536.980957	15.1981
4539.731445	10.8769
4544.342773	1.09538
4547.884277	14.8961
4553.922852	10.8325
4557.963379	3.94289
4560.190918	3.44515
4562.532715	0.643299
4564.837891	2.0581
4566.723633	3.68395
4569.383301	2.05828
4571.179688	1.43292
4573.402344	1.53314
4574.921387	2.15615
4576.051270	0.346952
4576.916016	0.026007
4577.519043	0.633325
4578.809570	0.218624
4580.065430	0.37614
4584.333496	5.13059
4587.887695	0.338588
4588.921875	1.8335
4590.067383	2.03345
4590.921875	5.57999
4595.166992	1.51319
4596.667480	0.383361
4598.543457	1.51357
4600.441406	0.924985
4602.860352	0.349939
4604.474121	0.222576
4607.816406	0.996578
4609.218750	0.362183
4613.619629	4.15082
4615.688965	6.20068
4619.208496	3.74811
4623.843262	0.932085
4626.036621	3.17383
4627.812500	7.19116
4629.726563	20.9019
4638.324219	18.4395
4641.317871	0.0376681
4642.357910	0.169208
4642.829590	0.0028227
4643.789551	0.15706
4645.235352	1.33568
4647.317383	1.30403
4649.677246	0.501995
4654.650879	6.09217
4662.476074	0.378459
4663.326172	0.038649
4665.157715	0.899294
4667.055176	3.79433
4672.529785	0.528557
4673.751465	0.68094
4674.986328	0.368903
4676.331055	0.581037
4681.355957	3.34494
4685.784668	2.5239
4689.688965	0.695871
4691.109375	1.32707
4694.331055	0.456425
4695.823242	0.653547
4696.960449	0.291409
4698.528809	3.74331
4704.374023	10.7707
4708.182129	1.69889
4709.448730	0.57611
4710.703613	0.929534
4712.236816	1.00578
4713.250977	0.801851
4714.755859	1.69851
4717.439453	1.04015
4719.952148	0.777059
4724.703125	7.29987
4727.717773	0.0769434
4729.290527	0.0919946
4730.697266	0.112666
4732.237305	0.909321
4734.564941	2.66958
4737.441895	3.0697
4739.613281	0.886922
4741.125000	1.40867
4742.901367	1.60973
4743.798340	0.654693
4745.396973	2.43389
4747.762695	0.325614
4748.488281	0.174965
4749.851074	0.289697
4751.277832	9.14652
4754.431641	19.9827
4756.085449	6.36604
4759.174805	7.57067
4760.568359	2.25025
4763.255371	3.42587
4768.938965	2.18055
4770.456543	2.9698
4774.806641	0.202148
4776.399414	1.33478
4780.096191	2.445
4781.136230	0.643843
4782.066406	0.145259
4783.666504	0.883657
4788.738770	32.1267
4791.280762	15.721
4793.767090	2.97489
4796.582520	90.4323
4803.691406	7.039
4805.540527	27.5952
4811.006348	24.7505
4813.053711	18.5066
4815.699219	28.2033
4823.974609	7.50962
4826.281250	26.8327
4828.165527	6.73868
4830.071777	9.15812
4832.532715	34.1716
4837.565918	86.9472
4845.193359	6.56296
4846.176270	2.48643
4852.101563	81.1564
4853.819824	10.4526
4854.882324	5.63802
4856.639160	153.973
4862.405762	9.49544
4871.880371	1511.36
4881.986816	12.8286
4884.873535	2.11129
4887.472168	4.17593
4890.734863	42.4614
4895.113770	19.2888
4900.756836	9.80257
4905.926270	25.1515
4907.208496	6.88794
4909.097656	0.571739
4912.057617	36.2492
4914.365234	45.312
4925.939941	36.592
4929.136230	14.1535
4930.943359	4.1687
4933.565918	1.86127
4935.312988	15.1373
4939.279785	2.83549
4940.654785	5.52018
4943.711914	22.5302
4945.653320	73.2691
4950.940430	19.4993
4952.439941	6.02294
4954.670898	30.2064
4960.572266	33.217
4962.040039	42.0241
4970.320313	478.643
4981.267578	56.6151
4987.029785	1421.98
4996.821777	31.6522
4999.612305	0.239967
5000.643555	0.810537
5002.285156	1.47543
5004.434570	6.90598
5007.057617	9.32274
5009.426758	1.74836
5011.090820	0.623651
5012.219727	0.560818
5013.683105	1.43975
5015.805176	0.673272
5025.507324	75.0231
5029.304199	1.92331
5030.667969	2.03406
5032.452148	3.27513
5034.372559	2.41331
5035.239746	3.91138
5037.150391	0.460727
5038.654297	8.12299
5039.979492	10.4435
5044.058105	6.94363
5045.706055	2.84252
5048.201660	2.17727
5050.362793	0.563238
5051.498535	1.42751
5054.391113	0.667566
5056.902344	4.2677
5060.566406	4.79221
5062.622559	1.53848
5064.406250	2.2011
5066.463379	4.37693
5069.476074	5.71496
5072.150391	9.66374
5076.323242	0.17228
5084.301758	71.008
5090.841309	0.561971
5092.503418	2.04798
5094.659668	0.221095
5098.364746	16.1101
5100.564453	0.247034
5102.930176	19.4166
5107.670410	11.4259
5109.935059	1.43174
5114.656738	14.7659
5117.492188	2.03048
5120.463867	3.5462
5121.833008	6.51404
5126.919922	25.8171
5133.000977	5.79095
5134.631836	3.36126
5136.745605	1.6398
5139.039551	11.8
5147.783203	21.4667
5154.000000	12.4066
5160.586426	58.2847
5165.001953	0.210641
5167.480469	3.39021
5168.694824	10.5244
5172.899414	1.34209
5176.566406	5.43866
5178.011230	10.7431
5179.755859	12.8304
5183.560059	1.86153
5184.372070	1.15784
5186.553711	2.33919
5188.932129	2.28404
5190.757324	1.91292
5192.794434	0.210608
5194.006348	1.98037
5195.458984	2.40917
5198.444824	2.28199
5200.968262	1.48844
5202.698730	3.63345
5206.694336	6.52803
5211.969238	6.79539
5218.040039	10.4064
5221.601563	9.87537
5223.413574	3.12177
5225.703613	2.68378
5227.453125	4.93683
5228.145508	1.00964
5229.865723	2.17088
5231.281250	0.0341081
5232.328613	0.479771
5234.896484	6.13432
5237.073242	2.81947
5239.091797	14.0962
5247.919922	11.0096
5250.478027	0.248588
5252.656250	2.53975
5254.736816	2.97531
5256.518066	0.0405424
5258.317871	12.7951
5266.865234	9.15229
5268.471680	1.00482
5271.229004	0.585315
5276.949707	7.25461
5279.181152	15.6792
5285.458984	12.1802
5287.268066	29.612
5291.947754	4.19567
5292.650879	0.219585
5294.903809	8.22495
5296.895996	4.96682
5299.956543	2.46132
5302.059570	4.46076
5306.197266	21.0725
5311.238770	8.58799
5312.923828	7.42456
5314.993652	1.55423
5316.667480	0.62874
5318.278809	20.3575
5325.334473	6.1965
5326.761719	0.0503366
5327.456055	0.984214
5329.923828	1.08292
5332.696289	0.390745
5334.596191	0.33134
5335.766602	0.977401
5340.360352	0.948866
5343.174316	2.57025
5344.598145	0.213415
5347.605469	2.32901
5349.705078	0.306229
5352.795898	13.5865
5357.064453	27.2118
5359.626953	6.51339
5364.343750	1.05783
5366.168457	1.50339
5368.729004	8.30023
5381.821777	14.243
5386.338867	0.418784
5388.752930	10.1086
5392.385254	3.58215
5394.242188	2.38409
5397.471191	1.81685
5399.431152	1.66206
5403.331055	10.0488
5406.451660	0.72858
5408.035645	2.96521
5409.403809	1.69892
5411.165039	0.564637
5412.491211	0.572681
5413.778320	0.789663
5415.482422	0.279095
5416.989746	0.100914
5418.610352	2.31567
5423.220215	0.35486
5424.481934	0.415152
5427.477539	0.394672
5433.043945	24.3147
5438.500488	17.228
5442.768555	0.548485
5446.357422	4.21551
5449.029297	10.2482
5451.383789	1.13198
5454.113770	0.926698
5456.229492	3.22042
5461.305664	0.204747
5463.044922	1.48266
5465.290039	2.24832
5467.157227	1.66588
5468.803711	1.36518
5470.622559	0.761549
5471.615234	0.527665
5473.062012	0.900711
5474.745605	0.0299345
5478.075684	0.980257
5479.457031	0.917039
5480.447266	4.52579
5487.313965	8.68937
5489.775391	5.50608
5493.365723	1.32343
5494.642578	1.82724
5495.479980	4.20681
5497.463867	1.75297
5500.298340	0.536995
5506.003418	40.9875
5511.435547	9.03139
5522.995117	5.9708
5524.359375	0.610551
5526.096191	5.88775
5535.395020	2.08685
5541.449707	1.11742
5543.339844	1.37474
5546.318359	1.79747
5548.327148	0.664308
5551.833984	1.00922
5553.440918	5.22152
5559.469727	8.84331
5565.224609	39.3328
5577.645508	24.1863
5584.593750	0.945965
5586.458984	1.06076
5588.765137	4.0366
5591.821289	0.517555
5594.323730	0.262829
5596.281738	0.396998
5598.070313	0.64543
5600.604004	2.49101
5603.503418	1.36302
5605.795410	15.8598
5613.061035	33.7348
5617.266113	1.4276
5618.888184	4.30724
5621.457031	0.504669
5626.184082	9.51834
5627.390137	0.62737
5628.464355	2.26219
5630.878418	6.74063
5631.815918	1.0943
5633.258301	23.3366
5637.737793	0.876529
5639.665527	3.3514
5642.282227	0.460487
5645.375488	0.951776
5649.270020	4.89681
5651.958008	1.73235
5654.392090	8.7366
5660.138184	10.8391
5663.469727	24.2874
5668.051270	9.9205
5669.622070	1.50586
5672.130371	1.9549
5673.996582	2.43067
5676.178223	3.82203
5678.948242	4.37957
5681.550293	4.05556
5684.378418	4.33381
5687.484375	2.11094
5689.762207	2.06286
5692.183105	0.849652
5693.744141	0.145611
5695.782715	1.95518
5698.489258	2.5876
5700.652344	1.36492
5703.321289	0.534931
5706.002441	1.78501
5708.020508	0.58948
5709.231445	0.129789
5710.627441	0.767876
5713.366699	1.45102
5716.007324	1.47843
5718.463867	8.45402
5722.178711	4.98917
5723.538086	3.012
5728.316895	6.13841
5730.871094	9.90983
5733.237793	6.37533
5735.514648	66.1651
5742.969238	6.53222
5750.522949	139.99
5762.844238	15.2563
5764.573730	1.33711
5767.619141	1.8323
5768.773438	1.05478
5770.861816	7.06567
5773.771973	5.55438
5775.785645	4.43132
5778.941895	6.22914
5785.771484	10.2127
5789.739746	3.66875
5791.025391	0.855971
5792.447266	1.32804
5793.868164	0.714766
5795.698730	0.915852
5797.434570	0.268183
5798.330566	0.00748443
5799.222656	0.0586681
5800.544434	0.199948
5801.673828	0.0531041
5806.702148	3.27089
5808.129395	3.36347
5818.487305	2.39151
5822.289551	2.19402
5825.155762	1.90011
5827.547363	2.5606
5830.296387	6.41955
5834.754883	14.4568
5836.363770	2.17377
5838.520508	0.31176
5840.419922	5.99186
5842.425293	6.45099
5846.741699	11.2108
5850.968750	1.98493
5855.819336	1.7014
5861.237305	13.2011
5867.300293	13.5295
5872.408203	17.2511
5879.069336	13.0579
5881.344238	2.94475
5885.815430	7.36056
5890.574707	0.811934
5893.728516	3.63745
5896.920410	19.4998
5901.769043	1.23642
5903.951172	5.31175
5909.290039	4.72439
5911.638672	3.68191
5913.448242	6.63248
5917.618164	1.63383
5921.299316	14.2599
5930.564453	12.5062
5933.801270	1.61137
5935.128418	1.57297
5937.241211	7.01645
5942.032227	18.0679
5946.335938	16.034
5947.669922	10.1132
5950.583984	2.71414
5952.464355	14.3377
5959.335938	18.3533
5960.950684	5.89228
5965.098145	2.32554
5968.617188	16.7069
5974.772461	21.0351
5980.181641	10.1911
5987.140137	6.85819
5988.569824	6.06747
5992.245605	21.3818
5996.921387	0.165984
6000.892090	14.8207
6003.162109	1.81735
6005.421875	1.21597
6008.518555	4.14227
6011.194336	0.950112
6013.367188	1.34024
6015.924316	2.20272
6017.723633	0.303669
6019.756348	9.43662
6026.560059	17.0146
6030.219727	12.7411
6035.347656	11.0259
6040.010254	2.77631
6042.495117	0.02934
6044.402832	3.86882
6049.558105	21.3016
6053.150879	23.1863
6054.498535	19.4783
6059.168457	47.7558
6065.865723	3.81396
6072.658203	116.719
6075.322266	69.3809
6083.471191	25.9381
6086.113281	12.6334
6091.540039	282.404
6102.072754	8.1878
6114.450195	28.2632
6118.229004	0.0808156
6122.337891	18.0675
6129.075684	15.1666
6133.708008	3.67228
6135.430664	14.2186
6139.875977	4.24273
6141.295898	3.27467
6144.363770	2.11307
6146.452148	1.72022
6147.781250	0.118504
6149.796875	0.611068
6150.908691	0.187938
6152.567871	0.590967
6155.651855	3.93174
6157.935059	2.46275
6159.504883	0.136122
6160.593262	1.5114
6162.631348	3.78558
6167.623535	2.36375
6169.400879	2.3675
6170.657227	2.26247
6174.353027	19.4385
6182.127930	4.16548
6183.448730	5.45741
6188.547363	7.60326
6190.224121	2.48304
6193.070313	0.351601
6196.657227	4.98281
6198.347656	4.18134
6200.604980	7.54005
6203.435059	0.54628
6206.918457	12.9805
6215.978516	6.06138
6218.531738	3.52161
6220.923340	5.12535
6224.172852	0.206785
6227.766113	7.12153
6232.508301	4.19206
6234.758301	1.15037
6236.843262	0.887713
6238.071289	0.269562
6240.883789	0.591713
6242.920898	1.03109
6245.297363	10.6395
6255.062012	30.9731
6261.420410	2.30814
6263.889648	4.36325
6267.049316	2.79467
6269.657227	5.36625
6271.822266	0.574552
6275.578613	5.1103
6277.949707	1.02561
6279.544434	1.32837
6281.208008	0.809438
6283.480469	3.49031
6286.092285	7.93615
6300.669434	6.4485
6302.490723	0.705341
6304.176270	3.44174
6306.916992	1.18616
6309.446777	0.405355
6313.288574	14.0644
6316.476074	0.470515
6318.110840	0.0839326
6319.467773	2.4674
6322.561523	0.477104
6324.370605	1.78879
6325.696289	2.16342
6328.910645	0.543299
6331.610352	0.300687
6332.722168	0.0276099
6334.898438	7.27607
6341.032715	13.4841
6343.860840	5.11554
6346.927734	5.48802
6349.312988	4.58371
6351.871094	1.11246
6353.679688	1.60346
6357.041016	0.636392
6358.898926	1.0241
6360.895996	2.45925
6364.172852	0.937345
6366.166992	6.41921
6375.473633	2.28679
6379.658203	2.63404
6382.183105	2.57172
6384.814941	1.8396
6387.411133	8.21345
6393.652344	0.218287
6395.158203	0.0809102
6397.356445	3.40315
6401.051270	2.0416
6402.832031	2.13337
6404.018066	0.746442
6405.786133	0.747767
6411.099121	9.03972
6414.626953	17.0171
6421.787598	2.6348
6425.336426	25.9994
6428.702148	0.283522
6433.837891	3.61556
6435.411621	0.217949
6438.050781	0.11736
6441.499023	3.21957
6447.369141	7.18888
6450.750977	2.1357
6453.416016	1.77112
6455.829590	0.922628
6458.875488	3.17974
6461.630371	5.54474
6467.430176	5.78392
6469.229980	15.7908
6472.085938	3.77886
6474.845703	13.0026
6485.468262	10.185
6490.540527	3.82189
6492.411133	0.556342
6498.158691	21.1279
6503.032715	0.34239
6507.642090	36.0495
6515.233398	36.0073
6524.202637	2.23974
6525.481445	0.413209
6527.134277	0.935556
6529.890137	8.06672
6531.713379	1.38298
6534.745117	14.402
6542.543945	1.23687
6545.561523	24.7618
6553.144043	3.42685
6554.610352	2.08146
6558.145996	0.409765
6559.824219	0.427907
6562.312500	0.351043
6564.335449	2.96894
6570.588867	2.48127
6572.556641	4.92625
6578.295898	13.445
6583.334961	0.527222
6585.513672	0.323209
6587.775879	7.23034
6597.055176	19.8583
6603.236816	11.1383
6606.447754	2.04104
6609.306152	5.08822
6611.175781	3.79781
6614.319824	6.64366
6618.960938	1.07767
6621.626465	2.12914
6623.079102	7.88278
6628.937500	0.987738
6632.652344	3.63583
6635.095215	2.41652
6638.659180	11.4311
6641.824219	1.70829
6644.927734	2.58868
6647.205566	3.86888
6653.484375	2.18398
6656.169922	2.28122
6659.008789	3.33277
6661.112793	3.05706
6664.140625	0.835896
6667.492188	14.54
6672.666016	14.6452
6677.581543	3.25276
6679.896484	17.7793
6685.902832	10.9353
6689.610352	1.24793
6692.203613	0.914007
6693.875977	1.8498
6695.107422	5.37848
6701.317871	1.78479
6703.123047	1.22095
6704.588867	0.280748
6706.007324	4.36165
6709.889160	2.33822
6713.026855	4.05576
6714.588867	13.7784
6720.652344	3.83105
6722.998535	12.9502
6725.171387	6.46273
6728.181641	1.07717
6732.338867	14.2341
6736.879883	3.58187
6740.192871	6.07221
6742.492188	2.62663
6745.192871	7.26429
6751.165039	1.72997
6754.486816	60.9162
6763.017090	22.1121
6764.876465	16.3444
6771.809570	8.2335
6773.264648	1.46577
6775.910645	1.98734
6778.615723	5.33166
6785.729980	15.1582
6800.497070	17.6997
6804.017578	16.7122
6809.339355	16.6305
6815.075195	6.00455
6819.800293	0.100624
6825.484863	5.40279
6828.761230	5.43606
6831.308105	4.88013
6833.583496	5.89817
6836.114258	0.1697
6838.112305	4.34042
6844.302734	1.07045
6846.115723	1.74726
6847.368164	3.35223
6851.397949	2.13523
6853.452637	8.55581
6860.720215	13.4018
6865.796387	1.27787
6867.688965	0.0686731
6869.538574	0.565346
6872.316406	11.6729
6881.943848	12.5423
6886.241699	13.9028
6888.216797	32.6345
6895.152344	1.15746
6903.508301	14.5146
6906.092285	0.361293
6908.742676	0.411054
6910.748535	0.2152
6912.099121	0.755009
6915.545898	0.0830852
6918.790527	1.43181
6921.163574	1.75586
6923.593262	6.49676
6930.840820	1.62755
6933.054199	7.26473
6936.087891	2.24798
6938.573242	4.02146
6940.742188	0.177803
6942.737793	0.370905
6945.102539	0.564428
6947.669434	0.565334
6954.309082	5.22669
6959.559082	4.92922
6962.499023	0.263214
6963.963379	0.555098
6965.934082	15.8418
6970.788086	3.78291
6972.032227	8.26048
6975.495605	0.194519
6976.811035	0.158451
6983.229492	6.27558
6986.666992	0.853257
6990.145508	19.4808
6997.957520	20.2572
7003.042969	1.08322
7005.975098	1.04408
7007.777832	0.384213
7008.944824	0.261591
7010.815918	0.720149
7018.133301	3.32508
7023.830566	2.44264
7026.711426	1.10919
7029.969238	0.919086
7031.340820	0.21805
7032.687012	0.26162
7036.403320	7.63939
7041.828613	8.16198
7047.331543	1.53551
7050.803711	0.11659
7052.777832	0.148967
7054.347168	0.0676557
7055.858398	0.0548913
7060.639648	1.08897
7067.449219	2.43872
7071.420410	2.15909
7074.601074	0.939957
7076.466309	3.71222
7081.434082	0.935885
7082.762695	1.18063
7086.216797	8.59753
7088.173828	23.0509
7097.870605	30.7202
7105.565918	12.183
7108.823730	0.596051
7110.251953	2.66526
7114.048340	0.735469
7116.228516	3.795
7117.680664	6.59284
7121.030762	2.29004
7123.826660	1.283
7127.078125	0.98486
7130.525391	3.30217
7135.784180	4.65582
7137.249023	1.61919
7141.912109	5.37792
7149.945313	8.13942
7154.293945	0.268341
7155.960938	1.64711
7157.912109	5.80955
7160.959473	1.33082
7163.290527	1.06268
7170.386230	2.83061
7175.530762	30.4557
7181.607422	16.1874
7183.392090	2.18602
7186.075684	2.59932
7187.895996	2.25463
7190.827148	0.481739
7194.741699	10.405
7201.743652	10.1353
7204.100586	2.47225
7206.465332	1.84404
7208.760254	1.31926
7212.721680	0.459988
7214.741211	0.98711
7217.462891	0.0570831
7218.778320	0.00798978
7221.624512	0.201605
7223.118652	0.225299
7224.600098	1.28544
7226.504883	1.7581
7227.764648	1.50001
7230.902832	2.98256
7233.228516	8.63474
7238.027832	5.69665
7240.912109	2.42227
7243.410156	0.251602
7247.099609	2.7933
7249.496094	0.119423
7253.322266	4.59353
7259.093750	1.95316
7261.850586	4.92577
7267.270996	2.92798
7270.401855	2.38857
7273.096680	1.05126
7278.022461	17.637
7284.218262	0.904065
7287.755371	0.512056
7289.593750	0.211276
7290.684082	0.928595
7293.075195	0.214632
7298.161133	9.72119
7300.701660	10.0044
7303.133789	7.98197
7310.617676	6.81148
7313.225586	0.293017
7316.123047	0.865094
7319.536621	2.15722
7323.097656	4.169
7324.834473	0.835027
7327.199219	0.959057
7329.469238	1.3222
7332.623535	7.05256
7344.139160	13.6657
7351.205566	31.2585
7359.748047	0.10979
7367.611816	30.1845
7372.906738	1.1648
7374.597656	6.55061
7382.142578	7.02205
7386.556152	3.08527
7394.567871	3.90619
7396.666992	2.077
7397.677246	0.39306
7399.526855	3.20606
7404.308594	0.415125
7407.426758	0.376813
7409.129395	3.00106
7414.633301	6.4416
7417.551270	0.0138431
7421.352051	4.60129
7431.071289	0.0718083
7434.165039	2.50181
7442.667480	9.26084
7450.368652	7.6697
7456.322754	0.711431
7461.343262	1.19856
7463.986328	1.90297
7473.423340	6.51782
7478.892578	14.2917
7490.933105	4.57377
7493.772949	23.5431
7500.315430	2.57598
7505.237793	13.6707
7514.167969	6.54586
7517.786133	0.951448
7524.213867	1.16954
7531.873047	2.17428
7538.808105	10.9008
7544.003418	8.04941
7546.512695	1.99421
7548.965332	1.41613
7550.338867	0.443621
7552.243652	0.485927
7553.738770	0.0682104
7555.642578	0.188058
7557.314941	0.108383
7558.447754	0.0811433
7560.687500	0.0323577
7562.994629	2.57577
7568.918457	0.517234
7572.429688	4.18635
7574.643066	3.23403
7582.859375	14.4843
7592.658691	3.226
7598.421875	0.192446
7600.625977	0.331048
7602.447266	0.19559
7603.992188	0.0210445
7606.056641	0.161659
7608.520996	1.54318
7615.508789	3.05709
7621.664551	9.22512
7628.832520	4.70886
7631.177734	1.13614
7635.170410	0.402422
7638.011230	10.3191
7642.528809	0.188164
7647.521484	14.3227
7657.654785	13.7926
7665.776367	2.35962
7669.890137	2.69812
7671.768066	2.08186
7674.817871	0.128275
7676.657227	1.11866
7679.031738	0.97872
7681.256348	0.566712
7682.625977	0.632162
7684.352051	0.988139
7687.642090	0.424789
7690.153320	4.92651
7705.155762	2.07225
7708.091797	8.18401
7717.550781	0.0807191
7719.168945	0.202837
7720.768066	0.188382
7722.731445	0.217729
7724.280273	0.0552033
7726.068359	0.381574
7728.781250	0.191864
7732.054688	0.4241
7734.299805	0.19974
7736.371582	0.0937727
7738.133789	0.100373
7741.133301	0.33289
7742.881836	0.190159
7747.723633	0.379359
7749.522461	0.297854
7751.102539	0.0318686
7752.969727	0.0815064
7754.971680	0.272177
7757.462891	1.28505
7762.708984	0.261451
7767.377930	6.33297
