TITLE "<<210916_CKF_A15_PM_6234_XF_M23_ThermoSIN_MSMS1kVPos_Sen_MetON_AlkTrx_XCal_TIS_100Da_10K_6800hv>> 4700 MS/MS Precursor 6234 Spec #1=>AdvBC(32,0.5,0.0)=>NR(2.00)=>SM31=>CT[BP = 1880.5, 1364]" CENTROID
TYPE MASSSPEC
9.990806	15.3275
10.055097	0.108044
10.115255	0.68467
10.193014	0.839564
10.233603	0.107889
10.302310	0.34955
10.415665	0.245229
10.488703	0.0364096
10.631173	0.741511
11.443379	0.00503507
11.491104	0.0411292
11.528389	0.0350183
11.554747	0.000581321
11.581411	0.000327933
11.627851	0.00716143
11.675655	0.00616873
11.705611	0.00104895
11.734793	0.00160307
12.580441	0.142926
12.655805	0.0377714
12.694408	0.037077
12.805362	0.00745684
12.849773	0.00979886
12.881569	0.0112886
13.367659	0.368444
13.462626	0.0677076
13.503961	0.064644
13.540258	0.0086843
13.615151	0.00883202
13.662907	0.022344
13.700588	0.0240058
14.622974	0.95259
15.236527	2.17965
17.927141	24.9496
22.482515	0.698666
22.617788	0.012864
22.791039	0.0880012
22.979456	0.103415
23.115236	0.276049
23.196060	0.159663
23.277580	0.0452186
23.399124	0.0261432
23.459486	0.00745382
23.551399	0.0901184
24.184389	0.185139
24.325850	0.313331
24.409342	0.207053
24.496346	0.0997327
24.609026	0.0896928
24.685324	0.0429958
26.443289	2.85368
27.813641	0.0155323
27.913670	0.0211023
27.971081	0.0192929
28.132046	0.00357632
28.201761	0.00610529
28.247707	0.00587989
29.376585	0.436531
29.711664	0.06763
29.772251	0.0644323
29.939329	0.0147353
30.009388	0.00672924
30.061846	0.0110144
30.158606	0.00256329
30.227585	0.0490363
30.308878	0.742602
30.757387	6.40645
31.223209	1.62482
31.766068	6.52974
32.680355	2.49868
33.186424	20.6526
34.241142	0.393726
34.430275	8.00044
34.648205	0.0649426
34.792778	0.911129
34.906231	0.456865
35.106953	0.289279
35.236088	1.00673
35.468487	5.67303
38.880249	92.6948
39.312572	47.8995
40.677254	78.2758
40.865246	1.85073
40.944965	10.1907
41.057949	62.9014
41.177151	53.0345
41.340797	51.5621
41.551483	60.4745
41.700138	10.7448
41.813393	33.5171
42.039238	38.988
42.176811	7.04457
42.255985	0.976527
42.341866	15.4587
42.409363	2.44741
42.513897	59.6552
42.738243	1.86866
42.817787	1.14196
42.984444	33.0909
43.229599	4.09833
43.369442	1.78146
43.459045	14.522
43.655651	20.5668
43.785221	10.7065
43.960186	19.3453
44.180630	75.7454
44.604549	6.63961
44.734833	44.4001
45.096321	9.78944
45.242199	14.6335
45.380398	12.6962
45.712952	9.8818
45.965054	29.1613
46.547112	26.196
46.998852	26.7351
47.596943	12.7576
48.389637	8.95822
48.778538	2.17618
48.878490	0.74763
48.965042	6.50386
49.444359	4.74498
49.640289	2.81196
49.844238	0.0128828
49.973267	0.324071
50.082146	5.46658
50.779613	35.9295
51.374939	17.7944
51.877476	32.4142
52.549767	5.51719
52.869728	0.327251
52.974331	0.223311
53.073483	0.343155
53.389458	0.0591003
53.733482	1.41666
54.930721	4.0307
55.153595	0.9767
55.429680	2.24449
55.659672	0.114175
55.941261	2.7555
56.445736	0.504561
56.641216	0.384957
57.045322	0.996333
57.296314	0.792711
57.489468	0.98888
57.742531	1.0849
57.951073	0.894663
58.180008	0.54926
58.397427	0.0923163
58.784283	0.289275
59.086597	0.327354
59.217545	0.930849
59.372288	1.00104
59.461880	0.0054345
59.540966	0.0813503
59.667450	0.353268
59.812996	1.20262
60.307697	0.0954519
60.751431	8.74321
61.465752	2.03622
61.868942	14.3469
62.337299	0.956334
62.713692	1.00939
63.595638	2.29217
64.050034	2.92798
64.216255	0.416687
64.525627	0.68635
65.004181	0.0912106
65.784142	2.84941
66.382668	4.59849
66.537621	2.04675
66.839310	1.77666
67.690666	7.15853
67.831963	14.1417
68.482025	25.4427
69.170959	5.23424
69.684464	4.7136
70.425011	0.495181
70.708054	0.282954
70.949615	0.909992
71.561493	1.29589
71.851242	0.492308
72.192070	0.517251
72.422882	2.70795
72.801941	0.0659517
73.023170	6.95302
73.642632	25.9739
74.412735	8.99114
74.671478	3.48251
75.608093	1.33827
75.875023	0.0652142
76.198975	2.70259
76.849197	1.62261
77.172752	0.425122
77.329224	0.353594
77.578949	4.10457
78.402100	8.2869
78.823631	14.1637
79.051361	6.38487
79.311378	17.0676
79.870537	0.15939
80.279007	29.9462
80.866966	7.0365
81.442207	10.7862
81.635605	15.6407
82.261597	5.77258
82.419754	2.44503
82.563461	4.44507
82.781479	6.33146
83.037971	3.70102
83.361847	0.717822
83.919678	12.2255
84.701538	2.99307
85.591736	5.33175
86.105476	0.455701
86.408386	3.24064
87.155487	1.61547
87.551987	0.734676
89.097176	55.0872
89.811958	0.555513
90.121902	0.827145
90.359047	1.84236
90.703789	0.220312
91.313683	1.45351
92.146217	6.50936
92.500664	0.428692
92.778999	1.58697
93.117119	11.7675
93.669243	1.00191
94.111374	31.7123
94.603859	1.46185
95.166245	3.85348
95.797462	20.2712
96.285973	6.65818
96.599228	1.66209
96.801208	1.65143
97.020836	3.51427
97.541534	5.84607
97.777245	6.82067
98.824707	6.18982
99.156174	2.02485
99.478264	2.28477
99.895004	1.68706
100.139961	0.960617
100.578285	8.4989
101.286263	14.9637
102.003899	17.1704
102.651924	1.85594
103.380074	7.30283
103.700272	3.06449
104.019432	1.2921
104.837379	4.20491
105.640762	1.81876
106.140427	5.28785
106.960342	15.2597
108.042282	22.0935
108.807556	8.11059
109.382858	3.57378
110.268059	0.864834
110.586533	1.64602
111.238419	0.529312
113.065712	3.36129
113.478470	1.68099
113.696114	0.193099
113.905853	1.24324
114.184937	0.450574
114.294418	0.201629
114.552544	4.99249
115.398521	0.216431
115.596092	1.92633
116.052116	0.21178
116.228691	0.076638
116.490791	0.0676498
118.003395	4.60312
118.329529	0.578555
118.727989	0.311619
119.141968	1.07791
120.604294	0.760166
121.159492	0.246005
121.277802	0.653573
121.554176	0.512668
121.721230	0.157664
121.934326	0.380981
122.165535	0.0724405
122.345459	0.856778
123.256363	2.27739
124.100349	0.0281797
124.991409	7.59342
125.282501	0.99524
125.561211	1.36969
125.923340	2.17989
126.523453	0.578727
126.768631	0.375311
126.940727	0.117237
127.199982	0.253836
127.466545	3.20214
129.440720	3.98032
129.902008	13.228
131.200439	13.2961
131.936127	0.375602
132.332275	2.8933
133.970703	0.405828
134.281876	3.20143
135.068817	0.0613136
135.417679	1.75612
135.749176	2.05257
136.052917	1.21746
136.408249	0.0328889
136.970215	1.27409
137.658340	0.921643
138.215729	0.632357
138.683868	1.70021
138.976227	1.30984
139.081146	0.294993
139.357330	1.91253
140.029312	1.29645
140.383179	0.3728
140.777191	0.549139
141.246582	3.92391
142.893784	7.47953
143.209885	1.1779
143.439575	0.738648
143.705597	2.02624
143.871017	0.256797
144.130737	1.16311
144.408340	4.64303
146.516510	4.79648
148.188385	4.06005
148.580551	0.467115
148.987366	0.446564
149.359695	2.48713
149.819397	1.55415
150.240112	0.713974
150.635590	0.564652
150.949570	0.397561
151.415451	2.25505
151.842911	1.30029
152.128525	0.0588066
152.300552	0.313451
152.596863	0.182412
152.801239	0.0790351
153.120392	0.155852
153.426819	0.113026
153.638046	0.0429766
153.872192	0.118202
154.243317	0.095297
154.595963	0.851622
155.061707	2.97725
155.571823	2.40925
155.924911	0.7181
156.357590	0.337375
156.593277	0.826917
157.634689	0.0348462
157.931107	0.44375
158.342621	0.17673
158.719147	0.972322
160.643677	2.38705
162.057663	10.8418
162.261795	3.70432
163.065033	5.40382
164.127319	1.56756
164.909149	3.34042
165.496017	8.7236
165.819778	2.02757
166.457550	3.98505
166.682968	0.777647
167.213715	0.562206
168.574005	2.85175
169.109436	3.23172
175.737030	6.96617
176.603027	0.551682
176.964600	0.889323
177.404068	0.366807
177.854294	6.56704
179.447113	4.18772
180.008911	21.6742
181.538727	6.94999
181.995102	2.13693
182.732941	0.00907174
186.663101	2.86808
189.440903	0.937281
189.765762	0.2757
190.026215	0.0527511
190.535812	2.78497
191.717697	3.84626
192.751434	1.84236
193.116104	2.00383
193.689667	2.09021
194.067245	0.93175
194.557709	0.59366
194.896103	0.148625
195.210617	0.183225
195.950516	1.06665
196.637390	1.66306
197.238892	1.82207
197.753510	11.0196
198.663895	1.96445
198.978363	1.62954
199.147842	0.603801
199.480026	0.261627
199.932236	0.997184
200.995712	0.99073
201.994186	0.411413
202.434143	0.513749
202.853226	0.154133
203.381577	0.319378
203.777634	0.0622961
204.008804	0.670622
204.302460	2.77471
204.491928	5.76681
205.673569	3.34442
206.657028	0.180749
206.907104	0.0526352
207.208771	0.041356
207.472824	0.0237742
207.797028	0.127544
208.734558	0.180998
209.534012	0.171653
210.009750	1.14469
211.189651	6.13333
212.062958	1.43428
212.400665	1.33426
213.052841	0.880061
213.630753	2.04119
214.628998	2.92849
215.963455	2.27735
222.674179	1.84474
224.563339	0.17172
225.478683	1.03291
226.618393	0.460453
226.889313	0.19088
227.398102	0.473136
227.702301	0.119346
227.949478	0.0424235
228.309738	0.144301
228.953323	4.5739
232.095078	9.16907
232.430054	9.66831
235.463394	13.2426
236.338013	0.0225424
236.683929	0.175588
236.961884	0.541239
237.603714	0.0789294
238.115463	4.97367
239.436600	6.52531
240.544540	19.8606
241.900040	6.45102
242.599472	1.24638
243.038879	2.23127
244.141678	0.338975
244.419266	1.77164
244.670563	4.33697
245.244049	0.151545
245.781189	0.518694
246.186920	0.508687
246.344513	0.872948
247.512299	0.793793
247.890671	0.228779
248.290237	0.114972
248.522644	0.0418494
248.875900	0.0806832
249.178101	0.0290768
249.458755	0.210129
249.998306	0.0774256
250.486298	0.0601228
251.694244	0.186338
252.072815	0.679703
253.573425	0.46168
254.658157	1.13841
255.176712	0.704376
255.688202	0.351811
256.174866	0.110448
256.348236	0.0555291
256.587067	0.103249
256.852814	0.00740907
257.054810	0.0391338
257.250031	0.0256167
257.439789	0.0439565
257.667267	0.0107743
257.957184	0.0113237
258.105377	0.00838911
258.311401	0.0159307
258.615204	0.113572
259.061432	0.225364
259.338165	0.155328
259.628632	0.0731008
259.982361	0.061723
260.250732	0.0240649
260.437836	0.00213033
260.845306	0.178915
261.836914	1.31982
262.584167	1.02317
263.104248	0.378301
263.660461	0.513821
264.208679	0.0455634
264.701355	0.102928
266.308929	0.0300882
266.744537	0.053196
267.030884	0.028455
267.298126	0.0231189
267.674591	0.0161042
267.982697	0.0439167
268.353149	0.0279169
268.567566	0.0643591
268.872528	0.0357891
269.065338	0.00706531
269.233154	0.0217513
269.502411	0.0284542
269.938934	0.19306
272.426697	0.0616574
272.893951	0.109908
273.189148	0.0671996
273.468719	0.0395557
273.853394	0.024855
274.099274	0.015113
274.301208	0.00214844
274.433472	0.00105979
275.632538	0.00120435
275.865265	0.0289843
276.100891	0.0294882
276.297638	0.0171361
276.574249	0.00198377
276.801453	0.00612731
277.010498	0.0082471
277.168732	0.000827253
278.070831	0.014791
278.381165	0.501962
280.631104	4.53429
283.303772	0.0832789
283.602020	0.0844508
283.981567	0.128153
284.263367	0.604779
285.522583	6.38893
286.895477	2.8501
287.230865	3.69902
287.803009	0.217007
288.521271	1.00937
289.582062	1.66483
291.051636	0.919651
291.388580	0.0117397
291.916290	0.547933
295.418365	0.930295
297.316040	0.139552
297.718170	0.119129
298.036621	0.035939
298.358307	0.0711638
298.791504	0.0629269
299.131500	0.0274871
299.409180	0.0250677
299.819946	0.0129646
300.212830	0.175575
304.271637	0.127243
305.029419	0.0828864
305.283386	0.182121
305.808655	0.152206
306.381073	0.0848992
306.955444	0.0385537
307.821289	0.998599
309.056732	0.101068
309.246704	0.0553226
309.811127	5.62813
310.820923	1.28052
311.036987	0.118504
311.380157	0.596128
311.997284	0.505899
312.396820	0.0404373
312.785980	0.0580775
313.214813	0.0568202
313.455902	0.157012
313.925476	0.115643
314.214203	0.057474
314.534973	0.118841
314.935516	0.025334
315.198730	0.0221212
315.888031	1.30217
316.956177	0.398309
317.179779	0.438335
317.558105	1.34849
317.959045	0.0171295
318.216309	0.194912
318.923309	0.831348
319.885803	0.0369745
320.676208	0.00303343
321.141663	3.36292e-005
321.393097	4.41634e-006
321.809113	2.479e-006
331.437592	0.0121087
332.069031	0.0550369
332.471832	0.0423181
332.740082	0.0139548
333.170929	0.0136515
333.642731	0.182855
334.422455	0.431977
334.924866	0.176731
335.574860	0.127019
336.484009	0.383405
341.039032	0.992827
343.012024	0.923411
343.569153	2.04971
344.418304	1.85871
344.721466	0.0546159
345.019745	0.325387
345.529236	0.310457
345.838013	0.0345022
346.724701	0.0237785
348.707428	0.0284874
349.280029	0.185874
349.817780	0.460259
350.133575	0.286582
350.461700	0.0819679
350.915070	0.0725331
351.162933	0.0213527
352.098053	0.0456125
352.625641	0.068354
352.946106	0.0482125
353.287201	0.0160152
353.696381	0.0168298
354.007324	0.00110704
358.861145	0.441501
361.417480	0.449407
362.504639	1.0874
363.146851	0.545539
363.657349	0.549014
364.315002	0.0778006
364.855225	0.0957329
365.045135	8.35405e-008
365.253906	2.08851e-007
365.507507	1.46196e-007
365.791046	2.50622e-007
366.298706	4.59473e-007
366.702087	1.04426e-007
366.821655	6.26554e-008
366.896393	4.17703e-008
366.971130	6.26554e-008
367.120667	1.46196e-007
367.404816	2.50622e-007
369.427063	2.56887e-006
371.394714	1.67081e-007
371.921326	5.63898e-007
372.472260	0.00254733
373.002930	0.0949124
373.560150	0.231315
373.886780	0.142781
374.224152	0.0424846
374.694366	0.035275
375.000458	0.0239738
375.231171	0.0182882
375.376099	0.000246558
375.594513	4.84575e-005
375.797485	0.00384908
376.083679	0.00322552
376.240295	0.000523759
376.495941	7.87601e-007
376.662537	5.97817e-008
376.953369	3.38513e-007
377.480469	0.0637322
378.142181	0.438916
378.609039	0.439797
379.007568	0.18217
379.314545	0.189173
379.776093	0.148397
380.053955	0.0844215
380.212921	0.000469169
380.407654	0.000731968
380.621155	2.04828e-005
380.847290	1.58311e-007
381.008118	6.06604e-008
381.113953	8.35712e-008
382.044006	1.19045e-006
383.036316	1.67081e-007
384.198181	1.42019e-006
385.469086	3.13277e-007
385.954315	0.00205096
387.008209	0.0908563
388.150787	0.17115
388.806519	0.0962739
389.436096	0.0624735
390.044739	0.0206703
390.525635	0.00217948
390.959167	7.16963e-005
391.205017	2.45542e-007
391.465424	1.53543e-007
391.669983	1.25344e-007
391.825012	8.44087e-008
392.183563	0.0120163
392.870453	0.0568113
393.309723	0.0420422
393.591064	0.0151383
394.066803	0.0235889
394.417358	0.0156865
394.664307	0.00139722
395.009918	0.233476
406.194580	2.1781
410.579224	0.0919265
411.152832	0.197985
411.499268	0.132723
411.853912	0.0576352
412.314758	0.0414326
412.654572	0.0519756
413.138214	0.0400468
413.288544	0.103475
413.513519	0.14769
413.808533	0.018218
414.081024	0.174522
414.313293	0.183867
414.538605	0.000995615
414.630951	0.00320723
414.910950	0.0292092
415.199005	0.0248636
415.374237	0.00535171
415.538483	7.20495e-005
416.059998	0.188323
417.175537	0.139475
417.455780	0.197289
417.881561	0.315028
418.650696	0.0942482
419.192535	0.0536391
419.713135	0.0288162
427.180603	0.0260624
427.476959	0.200613
427.775116	0.242139
428.136383	0.144774
428.652771	0.110647
428.951080	0.0157731
429.404999	0.0466245
430.001404	0.0305417
438.776917	1.48433
442.330109	0.00955913
442.657135	0.0657271
442.888641	0.0564462
443.039764	0.000881178
443.241241	0.000424791
443.509308	0.0110757
443.807190	0.00926305
443.988464	0.00203024
445.195465	0.842962
451.356293	0.0973347
451.646271	0.015694
451.830383	0.051007
452.137695	0.0494215
452.574005	0.0158765
452.755066	0.0122946
453.009766	0.0270349
453.322174	0.0125985
453.637665	0.00946585
453.819122	0.00165769
454.108734	0.00184999
454.526672	0.00760996
454.766937	0.00620057
454.935730	0.000651026
455.688507	0.178165
456.917847	0.342515
457.629791	0.192494
458.313477	0.125289
458.988617	0.0419301
459.478363	0.00435873
460.086609	0.0108382
460.702209	0.112209
461.353088	0.121458
461.979187	0.0465094
463.179077	0.383095
464.418213	0.9704
465.041199	0.46013
465.342957	0.043864
465.792114	0.192267
466.111755	0.0889688
466.466522	0.119618
466.849091	0.0488366
467.326935	0.0429329
467.642700	0.0207649
467.882996	0.000766592
468.162750	3.89341e-005
475.359833	0.012018
476.106628	0.0777697
476.569794	0.0547799
476.913849	0.0231943
477.442871	0.0228368
477.808441	0.0178571
478.092438	0.0012811
478.334412	2.02402e-005
481.901031	0.00475144
482.283234	0.0324793
482.550079	0.0285345
482.759064	0.0124807
482.897064	7.69067e-005
483.166473	0.00427103
483.493225	0.0053105
483.723419	0.00603167
483.893311	1.05846e-005
484.030823	4.73466e-006
491.563446	0.0144763
492.228546	0.0102862
492.474670	0.226612
492.750916	0.246015
493.140350	0.0633114
493.730042	0.0652247
494.018158	0.520999
494.506714	0.317623
494.800995	0.0446602
495.393433	0.110323
495.761993	0.0354697
496.121216	0.235081
507.355774	1.65201
510.738770	0.0316536
511.393494	0.0531757
511.776276	0.0339992
512.171875	0.0187567
512.696472	0.0136088
513.024536	0.00784597
515.313904	1.27845
522.052795	0.914696
524.181335	2.77413
525.707764	0.933406
526.090393	0.907273
527.169189	0.144609
527.810364	0.0902937
528.414551	0.0590149
529.681580	0.00246544
529.958069	0.020443
530.208008	0.0193477
530.532166	0.00017318
530.888794	0.00338264
531.216675	0.00599253
531.417908	0.00573458
532.118103	0.226326
554.811157	0.231423
557.926270	1.73108
560.144104	1.56518
561.922302	1.13109
563.257080	0.0634892
564.156494	0.0568906
564.683411	0.0419722
565.020996	0.0151391
565.591858	0.0235891
566.012451	0.0156871
566.308716	0.00139776
566.571960	2.02016e-005
569.955505	1.69351e-006
570.131653	0.00401805
570.343140	0.0344357
570.680237	0.0914482
571.672241	0.012256
572.485291	0.258923
577.107178	0.265491
578.469604	0.520985
579.272522	0.285659
580.041382	0.183799
580.777954	0.0643851
581.463196	0.0119211
594.806885	0.574023
596.455872	0.070413
596.975525	0.411591
597.433105	0.31378
597.939636	0.0293849
598.445007	0.0480897
598.820374	0.0215249
599.027893	0.00195943
599.633423	0.00387235
600.285889	0.155984
600.993591	0.360162
601.409912	0.223645
601.838318	0.0719635
602.430237	0.0606361
602.760071	0.0186369
603.048950	0.00141214
605.196106	0.144326
608.665222	0.446274
622.595947	2.34369
627.896851	0.038319
628.583496	0.152251
628.935913	0.0920664
629.479736	0.0216992
630.018555	0.0254611
630.270508	0.0186553
630.472046	0.000369985
631.676025	0.760585
647.276672	0.572025
660.027710	1.17366
663.228088	0.308752
664.453064	0.669051
665.094666	0.69864
666.057556	0.0661881
666.509155	0.0104452
666.685425	0.00130318
669.067444	1.37613
680.744263	0.0309346
681.462158	0.119571
681.793335	0.1181
682.232849	0.0257148
682.533875	0.0134973
682.911377	0.0229716
683.273254	0.0329337
683.665039	0.00440733
683.976074	0.00132127
688.686462	0.571961
704.909912	2.01682
709.830261	0.00255241
710.208801	0.0207424
710.504700	0.0173613
710.713745	0.00130935
711.305420	0.00349855
711.666687	0.00266289
713.253845	1.28779
726.279053	0.559521
728.013550	0.0240649
728.359314	0.071246
728.935547	0.392572
729.781982	0.00704311
730.100830	0.0137242
730.663330	0.945201
731.169678	1.05133
731.797363	0.0403712
732.254639	0.131385
732.905457	0.200479
733.614624	0.0142179
734.388428	0.00201323
785.929382	0.00837912
786.426270	0.040494
786.736572	0.0353703
786.956116	0.000410104
787.508972	0.0150058
787.954102	0.0117044
788.337524	0.0354707
788.939819	0.0463178
789.368103	0.0388169
790.024292	0.0691883
790.523010	0.049068
790.887146	0.00263866
791.200256	5.53408e-005
804.875732	0.00871258
807.816895	0.485664
811.035400	0.348164
811.397400	0.503529
812.299622	0.0617627
812.642761	0.174568
813.221680	0.548935
813.842529	0.0806708
814.149719	0.053644
814.383118	0.00473145
815.380310	0.17327
817.057190	0.370344
817.797302	0.20257
818.273804	0.0304748
818.838257	0.0902125
819.451721	0.0374988
819.863281	0.0110718
820.475403	0.00322379
821.134888	7.07913e-005
821.478088	6.34305e-007
822.688293	5.50556e-005
822.892395	0.0695168
823.175903	0.0823404
824.058044	0.0193694
824.430908	0.0129113
824.678650	0.0027366
825.130493	0.0230815
826.453125	0.0228734
826.774414	0.018238
827.002808	0.0140919
828.031067	0.00233562
828.790710	0.377613
840.143982	0.0239455
840.572815	0.0196308
840.820374	0.00138371
841.007446	8.20715e-005
841.343628	0.00200039
841.793518	0.0127614
842.114746	0.0115387
842.325623	3.03092e-006
858.826050	1.8255
862.381775	0.0311294
863.233093	0.0527566
863.731506	0.0342227
864.251465	0.0177499
864.930908	0.0142453
865.363892	0.00755799
866.259460	0.0313789
868.928772	0.0101845
869.550720	0.0295003
870.612000	0.00132696
870.895630	1.11204e-005
871.887451	0.0618629
873.874878	0.41678
874.721985	0.0620486
875.104248	0.416292
875.996094	0.0964253
876.296204	0.0257425
876.844971	0.0493106
877.123047	0.0170892
878.161499	0.0884801
879.834351	0.0893498
880.286926	0.0629548
880.681641	0.206523
881.095520	0.0134965
881.582397	0.0281991
881.883423	0.0155823
882.375244	0.0076148
882.744995	0.00499761
883.410828	0.00269376
884.078735	7.13802e-005
884.448242	9.08829e-008
897.425781	0.00615442
899.038696	0.277502
900.788147	0.710502
901.766357	0.390514
902.770142	0.134787
903.668274	0.0508587
904.157166	0.00742975
904.309998	0.000504223
905.079407	0.000214195
905.453369	1.12404e-006
905.774536	1.35769e-008
918.737732	0.142059
919.139954	8.07372e-008
919.639038	7.67004e-007
920.185791	1.61474e-007
920.375977	1.61474e-007
920.661377	3.22949e-007
921.041870	3.22949e-007
921.351135	2.01843e-007
921.565308	1.61474e-007
921.755615	1.61474e-007
922.017395	2.8258e-007
922.374451	3.22949e-007
922.636292	1.21106e-007
922.802979	1.61474e-007
923.017273	2.01843e-007
923.231628	1.61474e-007
923.422119	1.61474e-007
923.588867	1.21106e-007
923.874756	3.63317e-007
924.279785	3.22949e-007
924.541931	1.21106e-007
924.827942	3.63317e-007
925.161682	2.01843e-007
925.376282	1.61474e-007
925.567017	1.61474e-007
925.829346	2.8258e-007
926.282532	4.84423e-007
926.688110	2.01843e-007
926.974487	2.8258e-007
927.237000	1.61474e-007
927.427917	1.61474e-007
927.618896	1.61474e-007
927.809875	1.61474e-007
928.024780	2.01843e-007
928.215820	1.21106e-007
928.382996	1.61474e-007
928.693481	3.63317e-007
929.075745	2.8258e-007
929.338562	1.61474e-007
929.529724	1.61474e-007
929.697021	1.21106e-007
929.983826	3.63317e-007
930.390198	3.22949e-007
930.653259	1.21106e-007
930.844543	2.01843e-007
931.059814	1.61474e-007
931.227234	1.21106e-007
931.514282	3.63317e-007
931.921021	3.22949e-007
932.184265	1.21106e-007
932.567200	5.24792e-007
933.069946	3.22949e-007
933.453064	3.22949e-007
933.836304	3.22949e-007
934.219604	3.22949e-007
934.602966	3.22949e-007
934.986450	3.22949e-007
935.369934	3.22949e-007
935.753540	3.22949e-007
936.137268	3.22949e-007
936.521057	3.22949e-007
936.904907	3.22949e-007
937.288818	3.22949e-007
937.672852	3.22949e-007
938.056946	3.22949e-007
938.441101	3.22949e-007
938.825317	3.22949e-007
939.209656	3.22949e-007
939.594055	3.22949e-007
939.954529	2.8258e-007
940.266968	2.42309e-007
941.300659	0.0325147
943.332886	0.251314
944.744507	0.161383
945.718933	0.0729242
946.724731	0.0451644
947.543823	0.00608988
948.236023	0.000455879
948.770203	6.56123e-006
949.211121	3.02593e-007
949.519470	2.42564e-007
949.809937	2.42227e-007
950.027344	1.21105e-007
950.172363	1.21106e-007
950.414001	2.8258e-007
950.873230	4.84423e-007
951.284241	2.01843e-007
951.574402	2.8258e-007
951.840454	1.61474e-007
952.033936	1.61474e-007
952.227478	1.61474e-007
952.421021	1.61474e-007
952.638733	2.01843e-007
952.832336	1.21106e-007
953.001709	1.61474e-007
953.316345	3.63317e-007
953.703674	2.8258e-007
953.970032	1.61474e-007
954.163757	1.61474e-007
954.333252	1.21106e-007
954.623901	3.63317e-007
955.035706	3.22949e-007
955.302185	1.21106e-007
955.593018	3.63317e-007
955.932312	2.01843e-007
956.150452	1.61474e-007
956.344421	1.61474e-007
956.611084	2.8258e-007
957.071838	4.84423e-007
957.484192	2.01843e-007
957.775330	2.8258e-007
958.042236	1.61474e-007
958.236389	1.61474e-007
958.430542	1.61474e-007
958.624695	1.61474e-007
958.843201	2.01843e-007
959.207336	1.61474e-007
959.037415	1.21106e-007
959.523010	3.63317e-007
959.863037	2.01843e-007
960.154541	2.8258e-007
960.664734	5.65161e-007
961.077881	1.21106e-007
961.320923	2.8258e-007
961.564026	1.21106e-007
961.709900	1.21106e-007
961.831482	8.07372e-008
962.050293	2.8258e-007
962.293457	1.21106e-007
962.488037	2.01843e-007
962.706970	1.61474e-007
962.877258	1.21106e-007
963.169189	3.63317e-007
963.582886	3.22949e-007
963.850586	1.21106e-007
964.045349	2.01843e-007
964.240051	1.21106e-007
964.532227	3.63317e-007
964.873169	2.01843e-007
965.165405	2.8258e-007
965.408997	1.21106e-007
965.530823	8.07372e-008
965.628235	8.07372e-008
965.725708	8.07372e-008
965.823181	8.07372e-008
966.188660	5.24792e-007
968.043396	0.142061
971.588501	0.154288
975.769897	0.875908
978.869263	3.98775
980.308105	0.938551
980.840454	0.102373
981.417419	0.407161
982.176147	0.185367
982.561462	0.0134462
983.350830	0.0018443
984.206604	0.00154269
984.859497	0.000151595
985.750366	0.0192695
986.729004	0.148751
987.388550	0.108221
987.891418	0.046822
988.646118	0.0533548
989.157776	0.041962
991.440674	1.86757
993.366638	0.308346
993.898865	0.162783
994.558533	0.0817391
995.122375	0.0527242
996.242188	0.0643572
997.786011	0.00684612
998.914124	0.000125696
999.338989	2.16305e-006
999.981873	2.74273e-006
1000.669922	1.03698e-006
1010.323608	0.000848447
1011.247681	0.0187549
1011.741821	0.0134081
1012.127930	0.0399803
1012.665955	0.0273025
1013.119080	0.00649889
1013.448303	0.0182288
1013.941650	0.0343024
1014.422058	0.00429476
1014.788330	0.000255636
1015.202148	1.33351e-005
1017.752747	0.0843417
1018.528503	0.24589
1019.065674	0.171807
1019.632629	0.0872414
1020.369934	0.0721092
1020.884949	0.0385494
1021.204651	0.00152012
1024.387329	2.67599
1035.976807	0.134288
1038.733643	0.415463
1040.626709	0.832814
1041.639038	0.786477
1042.594482	0.366002
1045.172119	0.948613
1048.265015	0.0525397
1057.139526	1.75231
1067.579346	0.0695969
1068.993896	0.0363176
1069.479980	0.111667
1070.235229	0.0178327
1070.790283	0.0317864
1071.549683	0.0687405
1072.080688	0.00782511
1073.702148	0.00686405
1076.058472	0.0843416
1078.461548	0.0333839
1078.869873	0.028991
1079.186157	0.0142726
1080.294922	0.046492
1080.706055	0.19726
1082.358154	0.94403
1083.787598	1.21691
1084.725830	0.882971
1085.879028	0.343384
1086.690552	0.0726386
1087.739746	0.0196189
1089.187134	0.00152878
1090.020874	1.59019e-005
1090.520386	2.90937e-006
1091.185913	1.15635e-006
1093.759155	0.00084853
1094.673462	0.0314386
1095.635498	0.0528321
1096.198120	0.0341985
1096.784302	0.0177829
1097.551147	0.0142641
1098.040649	0.00761766
1098.406860	0.000255675
1098.827271	0.00108115
1099.329834	0.0358799
1099.821167	0.0294563
1100.104614	0.00209081
1100.318848	0.000143296
1100.699707	0.00322281
1101.218384	0.0193668
1101.587280	0.0171555
1103.285156	0.238714
1106.585693	0.209656
1107.915405	0.741788
1109.238525	0.613738
1110.204590	0.220005
1111.299561	0.105416
1111.585693	0.00103532
1111.938110	0.00755663
1112.718018	0.00505246
1113.077026	0.00631376
1113.341431	0.00236085
1115.316040	0.012623
1115.899414	0.0850183
1116.296143	0.0772338
1116.619019	0.0227369
1116.830444	0.000148626
1117.233521	0.0176846
1117.733887	0.0151074
1118.079590	0.0218846
1120.058228	0.216773
1121.294800	0.992945
1123.230713	2.02397
1124.225952	0.000555775
1124.343384	1.96761e-008
1124.895996	1.86923e-007
1125.949097	2.06599e-007
1126.633911	4.91903e-008
1127.476929	2.65628e-007
1129.137573	3.5417e-007
1130.298218	7.87045e-008
1130.905151	1.47571e-007
1131.459473	5.90284e-008
1131.670776	1.95368e-008
1131.859741	3.5345e-008
1132.146484	0.0223016
1132.740479	0.130648
1133.129150	0.113473
1133.440552	0.0119352
1134.006836	0.0377859
1134.585693	0.0191009
1134.916260	0.00797217
1135.626953	0.0844587
1136.232178	0.452883
1137.064453	0.426165
1137.552612	0.0509924
1138.304932	0.201175
1139.024292	0.112098
1139.347534	0.0904887
1140.141602	0.127826
1140.714233	0.199639
1141.484375	0.0389896
1142.045410	0.054041
1143.421021	0.551444
1145.101074	3.0127
1146.262939	1.84283
1147.530273	0.566224
1148.437744	0.365207
1149.148926	0.0197151
1150.596313	0.162002
1152.817261	0.380937
1153.777710	0.0640218
1154.359009	0.560244
1155.188965	0.040033
1155.563965	0.0435343
1156.775391	0.609726
1159.346069	1.20528
1161.359009	0.200779
1161.920898	0.139857
1162.611328	0.0657458
1163.237671	0.0322912
1164.447144	0.0787593
1166.121338	0.00684758
1167.341919	0.00012645
1167.808105	2.63406e-006
1168.508545	3.35504e-006
1169.249146	9.08703e-008
1169.680054	0.000312782
1170.171509	0.0119571
1170.678589	0.0098245
1170.971069	0.000689315
1171.192261	4.03373e-005
1171.589600	0.00100861
1172.121582	0.00640235
1172.501465	0.00573518
1172.750977	1.512e-005
1172.965942	4.90734e-006
1173.481079	0.00458145
1174.115112	0.0217666
1174.493896	0.0189112
1174.740967	0.000238957
1175.129639	4.83487e-005
1175.490723	0.00390039
1175.997437	0.00325847
1176.417847	0.00424503
1178.278076	0.199305
1179.478271	0.272244
1180.180176	0.210697
1180.735840	0.0607996
1181.529175	0.0826533
1182.153076	0.0617339
1182.596558	0.00391728
1182.977905	6.0753e-005
1183.543945	0.00461907
1184.522949	0.158089
1185.521484	0.373388
1186.106934	0.23127
1186.711548	0.0726171
1187.549194	0.0603068
1188.010620	0.0175659
1188.408203	0.00127659
1188.856567	6.58365e-005
1189.066772	3.46404e-007
1189.396484	1.52662e-007
1189.558716	1.54232e-007
1190.181519	1.02831e-006
1190.994141	5.14157e-007
1191.400635	2.57078e-007
1191.752930	2.05663e-007
1191.590332	1.02831e-007
1192.728760	1.6453e-006
1194.301758	1.33681e-006
1196.527588	2.87928e-006
1198.266235	4.11325e-007
1198.744141	0.00254779
1199.701904	0.0943162
1200.709717	0.158493
1201.298950	0.102594
1201.912964	0.0533473
1202.716309	0.0427913
1203.229004	0.0228522
1203.612549	0.00076805
1204.063354	3.94789e-005
1204.280884	3.10674e-007
1204.606812	1.53296e-007
1204.770264	1.54238e-007
1205.042847	3.5991e-007
1205.424438	3.5991e-007
1205.969604	6.68404e-007
1207.224121	1.69672e-006
1208.615723	9.25482e-007
1209.462036	6.68404e-007
1210.718384	1.69672e-006
1212.112061	9.25482e-007
1212.959595	6.68404e-007
1213.770630	0.00205181
1215.650269	0.0878102
1217.651611	0.273129
1219.079956	0.183723
1219.740356	0.997038
1220.868164	1.22186
1222.013428	0.429225
1223.185791	0.481276
1224.116089	0.0301461
1224.906860	0.00228362
1225.544189	3.37741e-005
1225.947632	1.29444e-006
1226.366333	3.10254e-007
1226.698486	3.08573e-007
1226.946045	1.54245e-007
1227.111084	1.54247e-007
1229.037231	3.44485e-006
1231.653687	1.43964e-006
1233.764526	0.265157
1237.517822	0.326892
1238.793823	0.332284
1239.656372	0.37801
1240.101807	0.0664219
1240.894775	0.166334
1242.112915	0.167433
1243.009644	0.0153163
1244.474609	0.0099408
1245.470703	0.0241264
1245.994385	0.0195319
1246.296753	0.00128832
1246.973877	0.00731888
1247.527710	0.0555527
1247.935303	0.0547292
1248.471191	0.0479845
1249.470459	0.0104491
1249.827515	0.00307336
1251.829590	0.923961
1254.645508	0.70545
1257.093994	0.0677204
1258.663818	0.00502353
1259.763062	0.0459176
1261.900269	0.340884
1263.492310	0.225943
1264.516235	0.142613
1265.825684	0.0945217
1266.481323	0.138333
1268.173340	0.667063
1269.395264	0.355635
1270.218262	0.835311
1271.383667	0.384647
1271.814087	0.593396
1272.906860	0.497016
1274.101807	0.396246
1275.203735	0.116073
1276.086304	0.0129961
1276.874390	0.000430775
1277.322144	2.62493e-006
1277.787598	4.03989e-007
1278.166382	3.08691e-007
1278.419312	1.54234e-007
1278.615967	2.05663e-007
1278.868652	2.57078e-007
1279.514771	9.25482e-007
1280.385864	6.68404e-007
1281.679077	1.69672e-006
1282.888428	5.14157e-007
1283.310547	2.57078e-007
1283.507446	1.02831e-007
1283.676270	2.05663e-007
1284.971191	2.15946e-006
1286.996338	0.00435383
1290.191895	0.0645385
1290.875366	0.00441081
1292.383667	0.113136
1293.010010	0.00431446
1294.593262	0.820415
1298.487183	3.16224
1301.383545	2.40639
1303.830078	0.353012
1305.637207	0.0273989
1306.929932	0.000502842
1307.416748	9.88057e-006
1308.168701	1.25678e-005
1308.984131	2.64537e-006
1330.857300	0.012018
1332.130615	0.0568125
1332.944580	0.042043
1333.465698	0.0151378
1334.346924	0.0235899
1334.996094	0.0156872
1335.453369	0.0013978
1335.859619	2.02402e-005
1337.994263	0.00435604
1341.802368	0.274437
1344.622070	0.019049
1345.543335	0.155593
1346.256348	0.0358494
1346.816528	0.0123502
1347.273438	0.289853
1349.206543	1.32279
1350.296997	7.6808e-008
1350.499146	3.07232e-008
1350.816772	1.38254e-007
1351.307739	1.22893e-007
1351.596558	3.07232e-008
1352.029907	1.99701e-007
1352.636963	1.2299e-007
1353.935791	0.0307237
1356.323242	0.296231
1358.242188	0.375155
1359.324341	0.121029
1360.015869	0.401999
1361.248657	0.182719
1362.493042	0.243994
1363.762695	0.0144999
1364.688477	0.00151657
1365.496216	7.48472e-005
1365.959229	2.06924e-007
1366.447388	1.14878e-007
1366.834229	9.22025e-008
1367.095703	4.60826e-008
1367.299194	6.14464e-008
1367.473511	3.07232e-008
1369.828247	1.21357e-006
1372.359741	1.22893e-007
1372.854614	1.38254e-007
1373.320557	1.07531e-007
1373.640869	6.14464e-008
1373.990356	1.22904e-007
1376.271118	0.0771469
1381.128296	0.631735
1383.791382	0.0465255
1384.714722	0.402985
1387.571777	0.293679
1391.045410	2.30206
1396.335938	1.81781
1397.274292	3.54708
1398.990234	4.35783
1399.630981	0.0325732
1400.137085	0.586338
1401.777832	1.84513
1403.716919	0.0759544
1405.059082	0.00138008
1405.568726	2.5656e-005
1406.338013	3.25991e-005
1407.199097	4.53738e-006
1407.605469	4.25488e-008
1408.448730	0.079804
1409.599365	0.341353
1410.677246	0.0721619
1411.879395	0.0677474
1413.864990	0.570813
1457.433105	2.45862
1464.108154	0.0527358
1465.177246	0.0994935
1465.771118	0.0682359
1466.498779	0.0793428
1467.363770	0.0284339
1467.908569	0.0213031
1469.342773	0.115289
1471.126831	6.26554e-008
1471.368042	1.04426e-007
1471.760132	1.67081e-007
1472.182495	1.25311e-007
1472.846191	3.34162e-007
1473.600586	1.87966e-007
1474.083496	1.46196e-007
1474.445801	1.04426e-007
1474.838257	1.67081e-007
1475.351685	1.87966e-007
1476.136963	3.55047e-007
1477.013062	2.50622e-007
1477.677979	2.08851e-007
1478.342896	2.50622e-007
1479.159302	3.13277e-007
1480.127075	3.55047e-007
1481.639893	6.89209e-007
1482.971924	2.29736e-007
1483.365479	4.17703e-008
1483.910645	3.34162e-007
1484.455933	4.17703e-008
1484.970947	3.13277e-007
1485.698242	1.87966e-007
1486.274048	2.08851e-007
1486.850098	1.87966e-007
1488.093384	6.68324e-007
1489.276611	1.46196e-007
1489.853149	2.50622e-007
1490.369141	1.04426e-007
1490.703125	1.25311e-007
1491.431763	3.75932e-007
1492.251831	1.87966e-007
1492.650024	8.88389e-008
1493.352539	0.0120436
1494.702515	0.0565817
1495.564941	0.0419719
1496.119995	0.0150755
1497.052002	0.0233284
1497.741455	0.0155028
1498.228149	0.00145402
1498.658081	4.03878e-005
1498.998901	2.21281e-007
1499.461792	8.50772e-008
1499.703003	8.35091e-008
1499.885620	4.17703e-008
1500.068359	8.35405e-008
1500.403442	1.46196e-007
1500.860352	1.67081e-007
1501.225952	8.35405e-008
1501.439209	6.26554e-008
1501.957275	2.92392e-007
1502.597290	1.46196e-007
1503.024048	1.46196e-007
1503.450806	1.46196e-007
1504.152222	3.34162e-007
1504.914673	1.87966e-007
1505.402832	1.46196e-007
1505.891113	1.87966e-007
1506.379395	1.46196e-007
1506.867676	1.87966e-007
1507.356201	1.46196e-007
1508.211060	4.38588e-007
1509.096924	1.67081e-007
1509.616211	1.87966e-007
1510.288452	2.71507e-007
1510.808105	8.35405e-008
1511.144287	1.46196e-007
1511.480591	8.35405e-008
1511.816895	1.46196e-007
1512.275513	1.67081e-007
1512.673096	1.04426e-007
1512.979004	1.04426e-007
1513.315430	1.25311e-007
1513.713257	1.46196e-007
1514.080322	1.04426e-007
1514.447632	1.46196e-007
1514.753662	6.26554e-008
1514.906616	4.17703e-008
1515.182129	1.46196e-007
1516.376221	6.68324e-007
1517.417603	4.17703e-008
1517.540039	4.17703e-008
1518.030273	1.67081e-007
1517.693237	6.26554e-008
1518.704468	2.92392e-007
1519.501343	2.50622e-007
1519.995239	8.88389e-008
1520.704346	0.0120436
1522.066650	0.0565817
1522.937134	0.0419719
1523.497314	0.0150755
1524.437988	0.0233284
1525.133667	0.0155028
1525.624878	0.00145402
1526.058838	4.03878e-005
1526.402710	2.21281e-007
1526.869873	8.50772e-008
1527.113403	8.35091e-008
1527.328491	6.26554e-008
1527.851074	2.92392e-007
1528.527466	1.67081e-007
1528.927124	1.04426e-007
1529.203979	8.35405e-008
1529.542236	1.46196e-007
1530.003662	1.67081e-007
1530.526611	1.87966e-007
1530.895874	6.26554e-008
1531.153809	9.13026e-008
1531.532959	4.1548e-007
1532.466309	9.85534e-007
1533.170166	2.31584e-007
1533.570068	1.17643e-007
1533.882813	8.36487e-008
1534.097778	6.26504e-008
1534.313354	8.35405e-008
1534.683105	1.67081e-007
1535.268555	2.29736e-007
1535.854126	1.67081e-007
1536.316406	1.46196e-007
1536.778931	1.67081e-007
1537.272217	1.67081e-007
1537.765625	1.67081e-007
1538.382568	2.50622e-007
1539.061279	2.08851e-007
1539.585815	1.46196e-007
1540.203125	2.71507e-007
1540.758667	1.04426e-007
1541.067505	1.04426e-007
1541.283569	4.17703e-008
1541.808594	3.13277e-007
1542.735107	3.13277e-007
1543.723877	3.55047e-007
1544.465576	1.46196e-007
1544.960205	1.87966e-007
1545.547607	2.08851e-007
1546.073242	1.46196e-007
1546.568115	1.87966e-007
1547.001221	1.04408e-007
1547.249146	4.52611e-008
1547.579834	0.000980131
1548.144775	0.0351153
1548.720825	0.0299619
1549.094116	0.00699266
1549.384155	2.89705e-005
1549.803589	0.00284883
1550.389526	0.0198443
1550.832275	0.0184216
1552.164307	0.00577138
1553.003174	0.216199
1554.142334	0.360812
1554.778442	0.221228
1555.411621	0.176472
1555.744141	0.023518
1556.420776	0.101139
1557.106812	0.361866
1559.843750	0.589887
1562.613403	0.0677197
1564.561279	0.00684406
1566.141846	0.00375713
1570.077515	0.242831
1574.678101	0.759593
1577.789673	0.58993
1580.575195	0.0677197
1582.534424	0.00684406
1583.959839	0.000124771
1584.505005	2.73867e-006
1585.325439	3.4969e-006
1586.227783	2.42692e-007
1586.918335	2.29286e-007
1587.482300	1.46216e-007
1587.921143	1.46196e-007
1588.297241	1.04426e-007
1588.579468	8.35405e-008
1588.955688	1.67081e-007
1589.457520	1.67081e-007
1589.990723	1.87966e-007
1590.396606	8.21347e-008
1590.824829	0.000847556
1591.930298	0.0313806
1593.093628	0.0525296
1593.779297	0.0339651
1594.484619	0.0140813
1597.695068	3.52652
1599.902954	0.240339
1601.357666	0.0782115
1602.527588	0.0852974
1603.836182	0.0642849
1604.688354	0.0151658
1605.068604	0.00686727
1605.687256	0.0198958
1606.207153	0.0198212
1606.930786	0.0208602
1607.458862	0.0058827
1607.870605	0.014024
1608.350708	0.0119202
1609.156616	0.00720088
1609.822510	0.121188
1612.751343	0.0191735
1613.221680	0.0161468
1614.286621	0.0149407
1614.955933	0.0050561
1616.016602	0.114889
1616.750244	0.22437
1617.594116	0.268096
1618.273071	0.0526453
1619.058960	0.0802369
1620.713867	3.82921
1623.182495	2.37657
1624.044189	0.0704788
1624.599854	0.617429
1625.944458	1.50134
1627.278809	0.0901651
1628.543945	0.296053
1630.932495	0.167368
1649.867920	4.08379
1651.388550	0.0203582
1652.677124	0.316539
1654.879761	3.67188
1656.233521	1.68225
1657.807739	0.604749
1658.527710	0.163861
1659.001221	0.0863984
1659.750488	0.0408816
1660.279297	0.0429571
1660.791626	0.0267717
1661.526123	1.17285
1664.872314	3.64876
1668.865234	1.20709
1670.530884	0.111439
1673.007568	4.00163
1688.305298	0.661751
1688.978882	0.0359157
1690.634277	0.25722
1694.775513	5.94446
1698.670166	5.12593
1702.025513	3.77243
1704.542847	1.06032
1717.583008	5.05158
1724.102051	19.2677
1727.813721	9.4453
1730.291382	3.26428
1731.274170	1.65862
1732.725708	0.651137
1733.921143	0.651359
1734.762085	0.216098
1735.474243	1.36769
1739.013794	6.30775
1741.591919	0.115035
1743.960449	1.81864
1744.770874	0.199668
1745.552246	0.0884663
1746.577148	0.466589
1747.445557	1.14611
1749.478882	2.40649
1751.319580	3.79141
1752.742676	1.40189
1754.163696	1.38874
1755.266113	0.23192
1755.723511	0.526211
1759.857422	1.63909
1762.544067	0.925522
1766.425903	0.0294333
1767.551392	0.324834
1768.232666	0.352757
1768.829468	0.556126
1769.929321	0.0635794
1771.376709	1.69216
1773.972046	0.957237
1780.740967	3.80025
1789.385620	0.382027
1790.148682	0.243127
1792.126831	0.459142
1794.268433	0.577926
1794.910400	1.22879
1796.574951	0.418949
1799.274170	3.31867
1802.235718	0.72096
1803.337280	0.467669
1804.574463	0.0220213
1805.149048	0.00541755
1809.539551	2.16508
1810.522217	0.0716629
1811.095337	0.0511728
1812.126465	0.0493301
1812.921753	0.168685
1818.667725	1.84705
1819.676636	0.702069
1820.589600	0.307367
1821.381714	0.178844
1822.328491	0.297452
1823.962280	0.227181
1824.891235	0.214635
1826.054688	0.0427514
1826.690063	0.0137064
1827.850952	0.0199581
1832.348022	9.46472
1835.933350	0.150443
1836.855713	1.36682
1838.621460	23.9003
1841.125854	0.0203514
1841.831177	0.38085
1842.674683	1.59518
1843.819580	5.92643
1846.078613	15.7047
1848.590820	1.42558
1850.632568	60.2415
1862.950928	159.058
1867.747437	57.3793
1880.509399	1364.49
1889.998047	21.1154
1899.708252	30.3703
1902.550781	1.14058
1904.501343	1.94331
1905.671387	0.55256
1914.000000	19.7575
1915.679321	0.335236
1916.349365	0.479437
1917.034424	0.150063
1917.486694	0.037096
1918.055420	0.316913
1918.657471	0.291509
1919.460205	0.781053
1920.246582	1.23719
1921.984863	0.441085
1923.589844	26.8701
1931.790649	1.80411
1933.902344	2.19934
1939.676758	3.09403
1942.986938	2.27444
1944.480713	0.103823
1945.445068	0.102061
1946.118530	0.0564489
1947.140625	0.85186
1948.159668	0.665895
1949.061035	0.167771
1949.937866	0.188938
1950.699951	0.133244
1951.156006	0.00256103
1951.564209	0.00144267
1952.172241	0.0553583
1953.324463	0.111028
1954.091797	0.0736043
1954.690552	0.0898872
1955.863770	0.0373199
1956.542603	0.021993
1957.328857	0.232554
1959.937866	0.37876
1961.034790	0.149942
1961.609009	0.0478325
1962.732544	0.0855477
1963.882935	1.13356
1971.509521	2.15376
1972.339600	0.254065
1973.168213	0.166458
1973.926880	0.137316
1974.667725	0.00488977
1978.604004	15.155
1983.046753	4.34438
1986.084473	0.123329
1989.539795	16.9737
1994.202637	0.81839
1996.083618	24.6481
2001.280640	3.74292
2003.179810	0.801737
2003.919556	0.168956
2004.950562	0.34309
2007.052734	5.73962
2018.583618	0.0458539
2019.071899	0.0208015
2022.904419	0.525805
2027.156006	5.95573
2029.369751	3.17233
2030.891968	0.866316
2032.158569	4.13107
2035.933716	8.19691
2039.286865	5.58657
2041.649536	0.415886
2042.409912	0.0126506
2043.373535	0.556761
2045.318848	0.303728
2046.005249	0.343329
2047.202393	0.300669
2047.896118	0.0155008
2048.725098	0.160731
2050.051514	0.0612395
2052.067139	0.31099
2058.249512	0.293957
2060.261719	0.169834
2061.638672	0.0587109
2063.187012	0.0388771
2064.306152	0.00415801
2068.462402	0.523266
2071.022705	0.451347
2072.721436	0.882929
2074.356934	1.01809
2075.877441	0.853952
2077.245850	0.480076
2079.915771	3.32972
2081.655029	0.0192376
2082.595459	0.0801858
2083.221436	0.0427395
2083.784912	0.106531
2085.056885	1.10038
2087.679932	0.374875
2088.739746	0.358189
2089.364014	0.252544
2089.781494	0.0012234
2090.427979	0.216748
2091.307861	0.0877865
2091.806396	0.0136129
2094.056152	0.134278
2095.183350	0.0377742
2095.911133	0.0999719
2096.472656	0.056658
2097.153809	0.103089
2097.736084	0.0378948
2098.457275	0.0297306
2099.238770	0.538541
2102.098389	0.0409886
2103.272461	0.870944
2105.290283	1.16806
2106.617432	0.738588
2108.083740	0.279324
2110.736328	6.35784
2115.051514	5.48916
2117.983398	2.32894
2120.798584	0.707887
2122.134033	0.247137
2123.361816	3.41747
2129.954346	1.31343
2132.886230	0.467244
2133.964600	0.315466
2134.686768	0.0233783
2135.440674	0.0528919
2136.349121	0.120996
2137.670898	0.269129
2138.398682	0.380621
2139.271484	1.5589
2140.266113	0.365878
2141.143311	0.411663
2142.140869	15.0914
2147.946777	28.688
2150.647461	1.16967
2151.285156	0.799602
2152.005615	4.58337
2156.231689	0.732002
2157.129395	0.60212
2158.334717	0.479235
2158.992676	0.0580185
2160.248291	0.263255
2161.962891	4.90323
2170.470703	1.56836
2171.574951	0.0478209
2172.070801	0.060483
2172.745361	0.0593796
2174.098633	0.00731281
2175.309082	2.36947
2180.561279	0.133158
2181.599609	0.487133
2182.406006	0.439417
2183.122803	0.410003
2184.199463	0.612536
2188.371826	1.63767
2189.380615	0.0102458
2189.961670	0.0108072
2194.422607	6.09341
2195.752441	1.13097
2198.346191	5.69185
2201.261475	5.10737
2203.118164	1.88687
2204.458496	0.763398
2206.079102	0.208716
2207.551758	2.10865
2212.297852	0.0349481
2213.573486	0.0566062
2214.187988	0.192257
2216.012451	0.829858
2217.351074	6.65225
2220.770996	0.0812726
2221.463135	0.809128
2222.375244	2.93365
2223.248535	0.871681
2223.960205	1.66196
2224.963623	0.901224
2228.883789	2.24898
2230.463623	0.594104
2231.923584	0.245987
2233.467529	0.0542298
2234.758057	1.0179
2236.945557	2.47948
2238.180908	1.45054
2239.646729	0.284127
2242.810059	2.80996
2247.184570	0.711709
2251.252441	2.18337
2254.311768	0.204843
2255.055420	1.64162
2256.860840	0.118786
2258.758545	1.6668
2262.039307	1.10763
2263.219971	1.32467
2264.647217	0.09595
2265.382080	0.0790802
2267.153564	0.239469
2269.159912	0.289938
2270.275146	0.991072
2271.112793	2.35826
2272.239746	0.234581
2272.904053	0.674742
2274.504883	4.52719
2275.784668	5.06352
2277.571289	0.132599
2279.185791	6.20001
2282.355713	1.13177
2283.981445	2.91289
2285.396484	1.58734
2286.286621	0.191473
2287.126465	0.4893
2288.193359	0.283289
2289.030518	0.0302743
2289.860107	0.0366322
2291.192139	0.745298
2295.515137	0.68152
2296.687988	0.542268
2297.479004	0.214523
2298.622803	0.148227
2299.344482	0.0652808
2300.680908	2.80424
2307.528076	1.00344
2308.856445	1.96012
2309.751465	4.66069
2313.738037	7.96061
2315.229004	0.375296
2316.464844	1.26908
2318.322510	0.0771284
2320.100830	0.931117
2321.294434	0.285241
2322.136475	0.11434
2323.255371	0.141629
2324.065186	0.0883248
2328.971680	2.94457
2329.964844	0.0762831
2330.802734	0.255097
2332.731689	0.206508
2333.818359	0.465063
2337.237305	0.380168
2338.505859	1.51085
2340.917480	1.0284
2342.391846	0.301276
2344.444824	5.5535
2354.894287	1.85522
2357.666016	20.3887
2362.676758	2.37742
2363.480225	5.67919
2365.659424	1.83188
2366.520752	4.73205
2367.444092	2.51857
2369.277100	0.997521
2370.513916	1.02189
2371.742432	3.40108
2372.578125	0.181108
2373.356689	0.384711
2374.434570	2.63429
2376.139893	9.05704
2382.907227	1.15879
2385.349121	37.4713
2393.638916	28.7714
2399.190430	10.7548
2400.086426	5.61236
2402.675293	4.33445
2404.367432	10.3813
2408.096680	7.5479
2412.240723	82.9058
2413.045166	4.68499
2414.083008	136.339
2418.652588	42.4016
2424.919678	21.0712
2426.532715	1.0032
2428.686768	0.131135
2430.166504	1.60212
2431.268311	0.896661
2434.015625	9.83107
2434.829102	4.32163
2435.644287	19.0663
2439.684326	8.83332
2444.895264	0.816925
2446.512451	1.29684
2448.322998	2.9932
2450.117920	0.608313
2452.190430	2.07795
2453.121826	1.00235
2455.081055	1.26553
2456.522705	1.01558
2457.546631	0.656205
2458.592529	0.861778
2459.422852	0.3724
2460.276123	0.897604
2461.325439	0.0738485
2462.238037	0.223066
2463.547852	5.1135
2465.834229	4.5439
2467.215332	0.581199
2468.424561	3.19734
2469.771729	4.33492
2471.368164	1.87794
2472.798584	0.91681
2473.570557	0.0969461
2474.290283	0.173581
2475.169922	0.124416
2476.112061	2.13755
2479.917725	0.282933
2481.831543	0.29138
2483.908203	0.930909
2485.257568	0.710186
2486.283447	0.725302
2486.920654	0.579201
2488.062988	0.11861
2490.549072	2.50199
2492.306641	0.407231
2492.896240	0.037586
2494.223877	0.959018
2495.420166	1.04594
2496.376465	0.151707
2497.219482	7.65504
2502.693115	2.69403
2503.750000	15.678
2506.405273	3.42855
2507.351318	5.04311
2510.696777	3.08209
2513.193359	0.787411
2518.869873	3.1931
2520.573242	2.18635
2522.135742	0.923708
2523.695313	12.9862
2529.885742	13.1145
2530.863037	1.94591
2532.841309	4.45985
2535.886719	1.02903
2537.440674	5.04986
2540.128174	1.24969
2541.383545	1.36202
2543.333008	10.2783
2557.468018	27.3576
2560.865479	23.7158
2563.784668	3.7863
2565.457275	13.3911
2574.020752	14.3428
2575.689697	0.702098
2577.307129	0.64717
2578.465820	0.306955
2579.128418	0.600026
2579.980713	1.56127
2581.256104	10.3683
2586.072754	8.45189
2590.323486	16.9412
2592.882568	0.0307871
2595.752930	3.14223
2601.268555	2.95821
2605.248535	2.32024
2607.149414	6.77517
2610.096436	1.27357
2611.940430	13.0164
2614.550049	3.57955
2615.667236	0.351006
2616.223145	0.882599
2618.831299	3.14228
2620.611084	0.0399388
2621.209229	0.0704624
2621.835693	0.159688
2623.034424	5.3464
2627.031250	3.09488
2628.925293	18.8272
2632.601318	3.53592
2634.853516	6.60951
2638.588135	12.8818
2642.127930	10.3234
2642.832275	10.7982
2645.408203	0.590404
2646.420654	3.06799
2647.234131	5.02551
2649.271240	0.126029
2649.903076	0.0401483
2651.670654	0.48094
2653.012939	1.54458
2654.719238	1.63402
2656.161377	1.15188
2657.438232	3.59381
2660.699463	0.221142
2662.180176	0.488649
2662.973145	0.157318
2663.817871	0.347252
2665.173584	0.121081
2667.191162	4.56545
2671.669922	1.71362
2675.135010	1.61748
2676.423340	0.385655
2678.039551	0.19343
2679.105225	1.35136
2686.668213	3.92586
2688.272949	0.415057
2689.237549	0.459573
2690.518311	4.10721
2692.912598	2.03378
2694.393555	1.61625
2695.996338	0.277416
2698.872559	3.09598
2700.685303	2.67457
2701.270020	0.133997
2702.597656	1.57032
2704.015869	19.4957
2708.563721	1.36628
2709.969727	0.862921
2710.707275	0.672032
2712.000000	4.417
2713.551025	0.959767
2715.206299	3.04052
2720.140137	18.2368
2722.987305	8.68338
2724.466553	2.74895
2726.421387	2.00324
2727.695801	0.429769
2729.150879	1.08869
2730.057617	0.599058
2731.108643	4.31891
2731.826172	11.9997
2734.777832	1.18765
2739.522217	2.40908
2741.774414	0.272907
2743.725830	7.85911
2749.092773	1.66589
2755.081299	1.74362
2758.513428	11.1965
2764.050049	34.1928
2767.692139	11.7845
2769.665039	0.29912
2770.563232	2.54772
2771.815186	2.97235
2773.741211	1.02963
2774.855469	0.252468
2777.512207	13.0662
2783.097656	31.8564
2789.178223	22.8956
2794.850342	35.5669
2800.603271	3.1321
2804.742188	8.31101
2806.208008	0.803143
2807.162598	0.336999
2807.963379	0.451909
2809.325684	0.176298
2810.396729	2.30977
2814.590820	2.31389
2818.640869	3.54753
2820.373535	2.20949
2821.465088	8.29662
2823.726318	2.01247
2824.464111	0.943134
2825.856689	0.22633
2826.464600	1.44958
2827.912109	1.60401
2829.815918	0.8471
2831.540039	2.50768
2835.892090	13.3785
2839.110596	3.9842
2840.034668	5.03193
2844.796387	10.5452
2848.844238	16.7317
2851.053223	0.0824743
2852.801758	0.37523
2854.241211	0.143387
2859.242676	2.34207
2863.339600	6.71643
2866.997314	0.245577
2868.103760	0.430567
2869.157471	1.20606
2870.241211	15.2621
2874.744629	9.40774
2875.934814	1.83788
2878.511963	7.8955
2879.839844	2.92024
2881.668213	1.04605
2883.142090	3.89568
2885.341553	1.73318
2886.500977	1.34286
2887.352295	0.741404
2888.391846	0.25152
2890.109863	7.59764
2893.460205	1.33689
2895.069580	0.109344
2895.522217	0.43854
2898.200684	1.85824
2899.754150	2.20094
2901.566406	3.26538
2903.299805	7.53896
2904.802979	15.988
2906.600342	4.47523
2908.267090	13.0096
2910.933838	1.46184
2913.064697	1.65282
2914.527832	5.53374
2917.959717	16.5163
2919.028320	48.5043
2923.205078	25.01
2924.381836	4.76516
2926.431641	1.98504
2928.443604	0.110004
2930.226563	1.41545
2931.788574	1.02832
2933.895752	0.749318
2935.561279	0.300981
2936.589355	0.0130089
2939.917969	3.37116
2941.200439	11.3175
2944.428467	13.1438
2945.872070	4.1603
2947.792480	4.42782
2949.332764	6.99135
2952.282227	9.60138
2955.773438	5.2474
2957.594727	7.1522
2958.685791	15.2833
2962.171631	0.269822
2963.585205	0.528279
2964.831299	1.37637
2966.424072	2.31677
2967.851074	2.28429
2971.274414	5.16868
2975.000732	2.93193
2976.706787	1.03926
2978.479004	4.0033
2979.519287	5.23185
2982.781494	4.1532
2984.176758	1.35892
2985.933594	1.05958
2989.213379	6.1493
2992.601563	15.1876
2995.841797	3.55067
2998.190430	0.974394
3000.354492	2.53108
3001.941406	3.60528
3004.165039	1.08897
3005.888428	16.8472
3010.645996	42.1038
3013.844238	18.3849
3015.052490	7.22301
3016.934082	1.5734
3018.574951	5.07651
3020.235352	2.23818
3022.333984	0.37875
3023.738525	5.03443
3025.499023	9.23405
3027.241699	4.08546
3028.812744	12.4988
3033.714111	26.963
3037.304443	3.99333
3039.463623	8.18537
3042.122803	2.17966
3043.104980	1.6778
3044.824219	0.418766
3046.373779	0.959858
3048.338379	3.47133
3051.914063	1.843
3055.087402	0.0280568
3058.557129	17.0646
3059.365479	2.29633
3062.603027	53.2587
3067.386475	29.8707
3069.649658	1.11686
3072.026123	7.27055
3073.281982	7.27762
3075.108643	3.75852
3077.173828	0.70726
3080.777832	5.64655
3081.736816	1.94833
3083.149170	1.08876
3083.993896	0.659582
3085.289307	5.65852
3086.304688	22.7542
3089.742920	0.346136
3090.555420	0.908207
3093.994873	3.53097
3095.635742	12.0607
3099.501221	0.843272
3100.853027	1.3623
3101.640869	1.81823
3102.840332	10.4756
3111.140625	12.7572
3114.811768	4.09929
3117.635742	1.44747
3119.134521	7.55676
3120.782227	3.41011
3122.914795	4.99387
3124.457764	5.70533
3125.916016	2.46499
3127.580811	2.7527
3130.560791	5.61601
3132.082764	1.4433
3133.954834	3.98142
3135.346191	0.598858
3137.150635	5.65173
3141.516113	27.5565
3143.539551	0.190696
3145.141113	31.5059
3153.892822	13.4139
3155.304443	4.1314
3157.458984	29.0285
3161.953613	12.5134
3167.069824	12.6705
3169.251221	11.6635
3171.659912	71.7443
3176.412354	41.9211
3182.561523	0.468787
3183.596680	0.588568
3185.160400	6.01599
3187.203613	60.5829
3193.576416	12.831
3197.953369	4.6082
3199.375000	4.84885
3201.885742	2.62132
3203.419189	2.61144
3205.478760	1.29943
3206.959717	8.67801
3209.860352	3.57496
3210.657471	1.56295
3212.039307	1.98998
3214.324463	0.748272
3215.999756	0.267902
3216.813721	0.379479
3217.653076	1.57479
3219.256836	1.96844
3220.767090	3.13956
3222.389404	0.682016
3223.607422	0.231454
3224.587402	1.01544
3226.062988	1.62343
3227.191162	0.907333
3228.338867	2.98925
3230.362549	0.915711
3231.290283	0.376392
3232.305908	0.679423
3233.033447	0.0604403
3233.905029	0.583364
3234.703125	0.604773
3236.085449	1.61417
3237.099121	1.15123
3237.913574	0.105343
3238.460693	0.0981228
3239.431885	0.531436
3240.527100	2.02294
3242.932861	6.01784
3244.455811	5.01126
3246.387451	4.0391
3247.893555	0.714864
3248.472412	1.09543
3250.225342	0.766033
3251.772461	0.605744
3252.589600	0.75976
3253.598877	1.49339
3255.562744	19.6312
3259.455078	2.49635
3260.596924	3.83019
3262.638428	27.9901
3265.177246	0.900766
3266.513184	9.73401
3270.077393	0.561341
3271.080078	1.32193
3272.213379	6.34892
3273.569092	37.1085
3279.712158	24.2086
3284.050293	7.36074
3285.988037	2.35395
3287.227539	19.598
3293.453857	4.37476
3294.565674	0.480297
3295.654053	1.54451
3296.950684	1.61053
3298.595215	3.42884
3300.097412	1.29718
3303.339355	6.80695
3305.838867	3.82011
3307.573975	8.10282
3309.423340	5.20874
3311.347412	10.1171
3316.600830	14.8059
3318.273926	63.9559
3325.568115	26.5687
3326.834473	10.0918
3329.085693	0.461396
3330.770508	6.65716
3335.385498	8.95232
3338.193115	4.1157
3339.071533	0.700798
3340.152344	3.25167
3341.593262	5.54
3344.072998	1.8081
3346.500732	4.74226
3347.700195	1.95025
3349.907715	0.200266
3351.866211	0.0528608
3353.257324	0.703173
3355.497070	4.54834
3357.171387	0.447984
3358.343506	1.01734
3360.326660	0.986341
3362.020264	0.696521
3363.495361	0.199273
3364.179688	0.243641
3365.933105	10.974
3373.699951	11.6357
3375.105713	7.94988
3380.092285	0.868399
3381.705322	0.341472
3382.715576	0.606443
3383.364990	0.0440053
3385.012695	0.233672
3387.534180	7.22534
3389.905762	1.21192
3391.056396	2.41959
3391.800293	2.5278
3393.407715	0.487289
3394.102051	0.0161332
3394.889160	0.0952878
3395.930664	0.454604
3397.043945	0.938807
3398.177002	1.77521
3399.151367	0.171901
3400.533691	0.895538
3401.395020	1.17866
3402.936768	1.7638
3404.250732	0.626002
3405.067627	0.611191
3406.923828	1.75759
3408.183594	1.11706
3409.111084	1.06861
3410.645020	0.744542
3411.571289	1.40766
3414.354736	9.4656
3416.863281	2.95697
3418.522949	23.1454
3421.888428	0.68654
3423.164063	5.94326
3424.860107	3.12258
3426.470215	2.41247
3429.736084	2.73796
3430.678223	0.919054
3431.658691	15.0991
3438.037354	20.0206
3441.594238	3.09801
3443.758545	22.3652
3447.881836	9.96479
3448.729736	10.3372
3451.187256	2.36346
3452.932617	5.20221
3453.850098	0.915604
3455.008789	6.56426
3457.167236	1.19892
3458.857910	15.1718
3463.461426	19.4293
3465.766846	3.3034
3467.598389	4.12738
3471.055664	13.7406
3472.188721	22.5155
3476.017822	4.73333
3477.519775	2.02379
3479.281982	1.35023
3482.389404	0.205028
3484.361328	0.0489877
3485.144287	0.0377921
3486.025146	0.246142
3487.240479	2.43224
3492.786865	5.18787
3497.938477	0.722327
3498.981445	1.08029
3502.544922	3.77029
3504.452393	2.87023
3506.964600	13.1548
3509.582520	1.68389
3510.715576	2.3517
3511.779785	0.915072
3512.996582	3.70566
3515.240967	1.69118
3516.175049	0.27646
3517.093262	11.4701
3521.003418	8.28614
3521.744141	2.59817
3523.147461	1.01172
3524.125244	0.372752
3525.478271	1.38231
3526.504883	0.0706127
3527.247070	0.0883783
3528.758789	14.9904
3531.866699	9.95528
3533.166016	4.91853
3535.158447	3.83449
3537.536865	7.37567
3539.197510	1.77166
3540.702148	1.13254
3542.812744	0.497937
3543.881836	0.927706
3545.123535	0.078501
3546.147217	2.61512
3551.772217	18.505
3556.381592	10.5778
3558.315918	12.9733
3559.416748	41.5898
3564.098633	0.344968
3565.240479	2.00203
3567.384277	12.4826
3568.941162	42.0266
3573.449951	22.2049
3574.607422	27.3923
3577.002441	3.0647
3578.184082	4.32346
3578.954102	2.71326
3580.503906	5.22368
3582.636719	0.945344
3585.238281	12.9861
3587.423096	11.2506
3588.700928	53.9045
3596.806396	6.37118
3599.324219	34.3189
3603.352051	26.749
3610.361572	3.21865
3611.487305	4.298
3612.327148	8.26948
3614.649170	4.59218
3616.657715	5.80313
3618.533203	2.57506
3620.345215	0.520813
3623.112793	7.40572
3625.063965	0.0684266
3626.154053	0.606355
3627.547119	0.991118
3629.610596	1.8232
3631.358154	1.60467
3633.230957	0.327193
3635.184814	5.90142
3636.606689	0.288536
3639.210205	2.23111
3640.186523	0.13596
3641.179932	1.19173
3643.134521	1.29577
3644.525879	3.23707
3646.560547	0.413143
3647.652344	4.27123
3648.655273	11.1981
3650.933838	0.145359
3652.628174	1.51187
3653.734375	0.70855
3654.308838	0.0725976
3655.745605	0.95424
3657.358887	4.42381
3662.428467	1.95477
3666.156982	0.0329992
3667.615723	0.0133015
3672.550049	1.24623
3674.677002	1.62142
3676.656494	1.03996
3678.534424	5.47007
3680.323975	12.2142
3687.302246	8.62457
3688.442383	0.497634
3689.452393	0.918644
3690.596680	0.744195
3692.655029	10.8552
3696.100342	3.26381
3698.366211	1.23058
3700.233887	1.25198
3702.304199	0.28042
3703.840332	0.648285
3706.235352	0.706447
3707.941406	2.02108
3710.056885	3.92464
3711.737549	3.13937
3714.779297	13.9146
3719.203369	26.5391
3724.810547	15.2247
3726.632813	40.4467
3729.930664	0.734964
3733.648926	28.6604
3735.478760	1.65186
3737.206055	2.44021
3741.197998	6.43878
3742.517822	3.01897
3744.114014	0.388474
3745.304932	4.247
3746.514160	4.13215
3748.278076	3.4382
3750.129150	6.993
3754.165283	11.554
3755.035645	15.7859
3757.259766	0.443895
3758.519531	19.8205
3762.988281	18.6927
3763.985107	37.5101
3767.899414	2.07971
3768.838379	0.751881
3770.146729	5.43228
3773.729248	1.30902
3776.109863	37.1474
3781.907959	48.3703
3783.759766	12.689
3785.681641	6.84385
3787.770020	21.7571
3792.046631	3.24928
3800.119629	406.157
3804.397949	70.5463
3812.480713	90.3524
3818.414551	42.2675
3823.003174	1.7705
3824.188232	4.64174
3829.632813	20.6364
3832.016113	0.210729
3833.077637	0.211638
3838.818848	26.5579
3841.251221	6.48597
3843.295410	3.85091
3845.030518	1.87336
3845.989258	0.885982
3846.935791	1.78202
3848.355469	1.18936
3849.438477	2.08627
3851.054688	7.57755
3853.008545	5.69988
3856.339355	64.1766
3862.227295	19.6034
3864.160889	68.1892
3868.799805	18.9633
3869.823975	31.4623
3873.460938	10.4734
3875.814209	42.8262
3880.735352	7.11296
3881.939697	6.56329
3883.525146	15.621
3885.509033	8.13958
3888.104248	0.950405
3889.925293	3.31576
3895.412109	16.9921
3896.845459	6.17996
3898.235107	4.85578
3899.482422	5.98561
3900.565186	6.38924
3901.992676	28.669
3907.608887	13.5413
3909.095215	50.8288
3914.770996	12.5719
3916.025146	15.2468
3919.853271	22.6444
3920.913330	8.12362
3923.275146	3.97842
3924.681152	0.672074
3925.376465	0.417417
3926.494629	3.53131
3928.663086	1.7818
3930.476807	1.67098
3933.935059	13.5662
3938.137207	13.9341
3941.643555	11.2893
3943.096436	6.71456
3945.321777	4.31743
3949.218506	1.05012
3951.052734	12.6203
3952.691406	2.297
3954.148193	0.118838
3955.772949	6.93826
3960.852783	12.6823
3962.613037	30.4927
3969.582764	44.2137
3973.488037	3.7904
3975.223145	18.5804
3983.049561	27.3179
3985.105469	4.46005
3987.723389	3.36751
3989.753174	1.47005
3992.541260	35.8992
3997.757568	9.81961
3999.093994	1.0371
3999.858887	7.88621
4001.630371	8.6998
4003.723389	3.85707
4005.244629	1.58835
4006.634277	0.718446
4007.643311	0.0347435
4008.616455	0.033674
4009.396240	0.127219
4011.275391	2.09653
4013.645264	5.23325
4016.845215	1.72515
4018.221924	1.41251
4020.493164	2.39878
4022.521240	2.56302
4023.640869	3.38106
4025.422607	9.30492
4027.259033	3.83274
4030.207031	3.88669
4030.867920	0.205462
4032.066650	1.54522
4034.059814	1.43022
4036.120605	2.79831
4037.913086	1.79771
4040.368164	0.657504
4043.482910	1.86501
4051.928955	13.4125
4053.401855	3.09105
4054.650879	2.88261
4056.258545	1.98648
4057.129395	0.808671
4058.310791	0.389524
4059.479004	14.7375
4062.894775	0.897404
4064.165527	1.78439
4065.288818	1.23493
4066.614746	0.744697
4067.861816	0.642238
4070.353027	1.97818
4072.845215	5.59331
4074.020508	0.176195
4074.848145	1.04701
4076.419434	0.45772
4078.365234	16.4187
4081.695557	4.50022
4084.031738	13.3482
4085.420410	0.570364
4086.077881	15.8762
4091.880859	17.2406
4094.864746	0.295905
4096.563477	6.83956
4098.658691	1.35481
4099.765137	0.569472
4101.241699	0.916189
4103.665527	14.1273
4107.796875	16.0303
4112.908203	7.20395
4114.397949	2.869
4115.447754	14.2646
4119.575195	49.7821
4124.664551	44.9121
4128.052246	0.959931
4129.976563	16.738
4136.859375	47.1656
4139.888672	4.15887
4141.762207	0.898993
4144.316895	1.72029
4145.895508	1.01062
4147.115723	1.42773
4148.657227	3.96539
4151.081543	3.74631
4152.396484	5.76992
4154.957520	1.42804
4157.337891	5.36895
4161.738281	7.01202
4164.404785	0.992459
4165.752930	0.825984
4166.875000	2.02968
4168.306152	2.30246
4169.372070	0.579802
4170.833008	1.73024
4172.313965	1.08849
4173.944336	1.14658
4175.259277	4.27553
4177.671875	7.51352
4183.292969	8.30088
4185.390137	1.4443
4188.080566	4.39091
4189.130371	1.39424
4190.589844	4.93315
4191.895508	10.9605
4194.454590	0.274501
4197.372070	13.8514
4198.510254	8.75027
4201.707520	1.03713
4203.165527	16.8364
4208.772949	11.7046
4211.120605	5.24691
4211.972168	1.26418
4213.327637	6.51186
4214.836426	0.781578
4215.578613	4.19672
4218.337402	0.58735
4219.729004	1.66627
4222.382813	6.57683
4225.105469	18.062
4226.466309	9.99173
4228.465332	1.01494
4230.237793	7.85695
4234.385254	5.30303
4238.068848	10.4586
4241.791016	130.121
4253.130859	33.9969
4254.416992	6.89343
4256.432617	1.33251
4258.258789	2.61009
4260.748047	5.91967
4263.343750	6.55377
4264.371582	16.808
4268.284180	19.761
4274.588867	28.8104
4276.645996	84.7508
4280.509766	1.49631
4283.498535	8.24254
4285.057129	3.63858
4287.135742	0.00584596
4289.798340	17.1024
4292.208008	0.584293
4293.564941	9.34384
4297.617188	3.63136
4300.138672	24.5931
4303.066406	0.122201
4306.125977	25.5044
4313.357910	131.265
4317.716797	14.722
4319.709473	12.9868
4322.060059	21.493
4323.493652	4.18737
4324.576172	0.858076
4325.773438	3.55791
4327.564453	85.042
4338.283691	754.997
4356.406250	891.817
4364.354980	9.00196
4365.388672	21.4803
4375.749512	55.5023
4379.621094	21.5405
4383.983887	5.26543
4386.113770	1.44567
4388.139648	6.83204
4391.597168	1.19903
4393.869629	30.9003
4396.578613	0.505757
4398.427246	3.44269
4400.882324	16.2204
4405.229980	23.2273
4406.936523	2.60034
4408.229492	7.23677
4411.849121	11.8879
4414.422363	0.612708
4415.798828	3.58793
4416.587891	2.87845
4418.297852	2.44248
4420.213867	30.3385
4426.057129	16.5212
4427.107422	1.04569
4428.280273	2.8706
4430.312988	5.44701
4432.205566	2.00131
4434.713867	1.78063
4437.152344	13.2152
4438.471191	9.73285
4440.412109	2.91013
4444.766602	10.1727
4448.381348	3.21129
4450.501465	2.23951
4451.964844	0.689405
4452.854004	0.842878
4454.013672	1.60135
4455.711914	0.868134
4457.017090	0.8686
4459.115234	6.30222
4460.990723	6.19095
4463.527344	0.705819
4464.752441	5.53169
4466.787598	12.2833
4472.145020	19.6989
4475.429199	0.0354709
4476.597656	4.52614
4479.723145	31.1449
4481.421387	0.783541
4482.338379	3.30034
4484.270020	6.27157
4488.018066	2.03002
4489.371582	14.5987
4493.557617	3.76917
4495.356445	4.81414
4497.612793	2.19593
4499.067871	0.0812736
4500.384277	1.86245
4502.144043	1.49944
4503.759277	2.70819
4505.052734	14.2411
4508.915039	3.24575
4510.356445	3.06506
4511.826172	2.16214
4512.749023	1.4369
4514.383789	3.6711
4516.258789	0.39325
4517.199707	0.200616
4518.874023	1.01863
4520.054199	0.288607
4521.662598	1.25695
4524.062012	0.445883
4526.244141	1.2452
4529.416016	1.71258
4532.414063	11.1548
4535.124512	25.5323
4538.778809	1.12337
4539.956543	6.16167
4541.936035	1.44353
4543.711914	0.273325
4544.664551	1.07041
4546.666504	4.85171
4549.336914	3.60882
4550.781738	1.96336
4552.018066	0.346191
4553.304688	0.624764
4554.570313	0.916913
4556.201172	0.743094
4557.560547	0.485597
4560.694336	8.90113
4562.777344	0.13411
4564.171387	5.17842
4565.699219	0.20845
4566.602539	0.450279
4567.372559	0.173979
4568.276855	3.9967
4572.256348	3.45061
4573.262695	0.702784
4574.693848	2.49993
4577.260254	40.8409
4584.503418	0.775193
4588.224609	42.1016
4589.801270	13.6354
4593.226074	1.28984
4594.625488	3.5759
4595.822754	1.39791
4596.999512	0.456971
4598.618164	0.503773
4599.991211	5.18919
4601.991211	4.93805
4602.774414	0.847746
4604.481934	1.0321
4605.820313	2.96171
4608.569824	14.4883
4613.623535	23.6998
4619.030762	3.98456
4620.937012	1.77299
4622.486816	3.68162
4624.361816	21.8222
4628.221191	6.58487
4629.559570	1.42814
4630.335938	2.8145
4632.188965	2.79081
4634.221680	0.810398
4635.979980	0.473981
4639.250000	14.2961
4642.020996	1.97342
4643.879883	1.42947
4645.603516	6.41548
4648.993164	46.4113
4655.669922	21.3619
4658.373047	0.13974
4659.450195	0.09485
4660.346191	1.55461
4662.660156	0.742823
4663.779785	1.03128
4665.040527	12.3891
4669.196777	10.0508
4670.834473	5.89605
4674.424805	17.6446
4675.696289	20.5336
4680.932129	75.306
4684.678711	6.67743
4686.703125	1.70475
4688.699219	1.48286
4690.137207	5.28026
4691.642090	30.3834
4695.790039	2.21549
4696.834473	0.41563
4698.182129	3.22506
4699.538574	5.30359
4704.562500	116.484
4711.644043	1.13272
4717.378906	16.3673
4719.517090	22.0899
4723.317383	39.2856
4724.503906	3.82443
4726.035156	4.82457
4727.740234	50.513
4733.794434	13.7447
4738.046387	0.925887
4740.812500	10.8993
4746.438477	0.341167
4755.032227	30.2715
4756.992188	4.62989
4759.651367	9.18912
4761.735840	44.1624
4766.960938	49.4147
4771.046875	4.24351
4773.194824	7.2275
4775.157715	8.19686
4777.413574	5.00885
4779.868164	2.31813
4781.370605	2.32906
4782.710938	1.07643
4784.088379	6.99582
4786.947266	2.03801
4788.244629	1.60848
4790.154785	6.08596
4791.715332	33.4272
4797.111328	33.9841
4800.813477	2.59168
4801.908203	0.743731
4803.525879	0.799758
4805.732910	3.40179
4807.508789	14.3244
4809.025879	19.9804
4813.857910	63.3603
4818.148926	1.66296
4820.026367	2.0447
4821.328125	2.40315
4823.683594	8.58216
4826.284668	1.5499
4829.020508	5.07403
4831.027344	4.64256
4832.008301	4.69288
4834.155762	4.31477
4837.006348	6.19564
4840.627441	11.9056
4841.724609	13.2663
4845.590332	14.8503
4848.626465	4.35907
4850.772461	3.62326
4853.429199	11.8221
4854.871582	12.3561
4859.761719	17.6138
4862.062012	2.22535
4864.521973	2.7818
4866.783691	3.00817
4868.604980	1.29546
4869.824707	1.67523
4871.041016	2.71093
4872.445313	2.08404
4874.395996	30.1101
4879.833008	16.9776
4883.054688	3.52039
4885.340820	4.467
4887.462891	0.745615
4890.130371	0.993789
4892.472168	0.28831
4894.059570	0.440513
4895.239746	1.08402
4895.985352	0.41535
4898.102051	3.87109
4900.147949	7.62171
4902.376953	34.8127
4907.062988	9.2534
4908.722656	11.5519
4911.022461	0.454165
4913.208008	7.59535
4917.333984	0.641521
4918.470703	0.314325
4922.803223	5.20921
4924.038574	1.21224
4925.282227	1.04778
4926.313965	5.6436
4928.587402	2.70127
4930.957520	3.65944
4934.076172	27.867
4938.592773	17.7819
4943.085938	7.15573
4946.993652	4.00343
4949.167480	5.14025
4950.159668	0.125318
4951.350098	10.8002
4955.777344	8.94322
4957.293945	1.33978
4958.987793	1.81831
4959.517090	0.0337353
4960.672852	14.0337
4964.690430	24.6413
4967.828125	0.630243
4968.876465	3.26271
4971.062012	0.316281
4972.431152	2.36613
4974.813965	17.0566
4976.591797	7.82107
4979.674316	1.90065
4981.851563	6.136
4984.196777	12.6166
4986.261719	8.79619
4988.722656	5.35438
4991.198242	1.33456
4992.865723	5.83367
4998.325195	19.1533
4999.348145	1.67231
5001.009766	7.61201
5003.056152	4.71502
5004.129883	0.565592
5005.432617	7.1007
5010.637207	11.4686
5013.395996	10.8039
5018.780762	13.1255
5023.007813	13.7688
5024.756348	12.2387
5028.500000	2.99306
5030.173828	10.4117
5033.112305	36.875
5038.691895	7.59275
5045.164063	2.25527
5049.731445	88.5635
5053.338379	33.4642
5058.152344	2.39321
5059.674316	5.0093
5064.367188	4.94053
5069.729980	52.6754
5074.748047	7.42043
5077.084473	6.28023
5079.455566	4.60975
5080.645996	0.350279
5081.999512	2.94678
5083.246094	6.32626
5086.185547	1.89598
5088.230469	7.36059
5094.296387	1.23635
5095.609375	1.31414
5096.809570	2.00555
5099.346191	22.8893
5107.705566	11.2816
5108.965820	1.38874
5110.189941	1.06634
5110.992188	0.0544919
5111.863281	0.74494
5113.992676	3.11361
5116.196289	4.89577
5118.873047	2.29636
5120.431641	0.578648
5121.531250	1.14572
5123.287598	1.77487
5126.423828	14.7377
5128.408203	14.2774
5135.371094	8.17765
5136.946289	3.67667
5139.392090	0.236396
5140.358398	0.118612
5141.351563	0.541482
5142.342285	2.40452
5145.803223	44.8954
5151.432617	0.362603
5152.861816	4.09968
5155.377441	2.18944
5157.263184	1.27983
5158.904297	0.293644
5160.348145	0.888641
5161.672852	0.340538
5163.715332	1.72373
5165.637695	1.06338
5166.855469	0.2442
5168.235840	1.1616
5169.963867	2.65207
5171.632813	0.217049
5172.559570	0.615715
5174.837891	0.588345
5176.126465	5.67498
5178.319336	5.82588
5181.407227	2.78226
5183.025391	5.12898
5184.912109	11.3075
5187.488281	2.90994
5189.257813	7.77952
5191.874512	0.413373
5193.627441	3.40655
5195.050781	0.777517
5195.863770	0.295904
5197.481934	0.601794
5198.687012	0.806649
5199.963379	0.814618
5201.224609	1.00649
5202.790039	1.30167
5205.018066	33.9576
5209.993164	37.0674
5213.468262	2.47228
5216.595703	12.1669
5217.698242	0.988227
5218.871582	3.74091
5220.725098	25.2296
5226.498535	25.4413
5231.700684	4.34995
5234.131836	2.10089
5236.510742	2.51343
5238.571777	7.22126
5243.997559	6.6898
5245.730957	8.73213
5249.338379	0.0568119
5254.916992	13.6198
5258.224609	16.0449
5262.370117	4.28556
5265.086914	12.296
5266.732422	19.3363
5271.030273	38.6009
5276.853516	8.92368
5278.486328	4.45848
5281.721191	1.59544
5282.634277	0.154909
5284.421875	0.172731
5285.474121	1.44951
5287.408691	1.19445
5288.883789	4.47114
5291.899414	3.32742
5294.883789	2.14847
5295.567871	0.100383
5297.007813	1.67449
5298.202148	2.27783
5300.476563	7.77442
5301.310547	0.207434
5302.407227	16.1364
5312.174805	52.2191
5317.732910	4.73594
5320.886719	9.42687
5321.839355	3.07706
5325.261719	38.7954
5330.056152	2.83136
5333.593750	11.5266
5336.232422	3.4504
5338.777832	11.437
5341.304688	1.145
5345.769043	27.6951
5350.158691	4.58644
5351.421875	0.910976
5352.304688	3.6838
5354.153320	0.3375
5355.949219	18.2729
5360.909180	3.26876
5362.598145	2.01213
5366.956055	14.2795
5369.628418	7.93357
5370.754395	1.30121
5371.820801	7.34601
5374.928711	3.14939
5376.592285	2.90006
5378.953125	3.90639
5382.319336	17.1558
5386.627930	2.02107
5388.550293	1.86393
5390.133301	0.407768
5391.178223	0.585255
5393.258789	1.55104
5395.881348	12.8208
5397.242676	4.86665
5399.098145	29.3207
5407.296875	53.6927
5414.068848	6.25792
5415.558105	1.75346
5416.469238	0.660396
5418.049805	1.50779
5420.799316	4.75535
5425.892578	16.0626
5427.069824	1.24308
5428.693848	13.1545
5432.426270	10.504
5434.554199	2.21923
5438.373535	3.80917
5440.380859	0.189468
5441.708496	5.05354
5443.861328	12.2378
5446.614258	4.56319
5448.402344	18.9986
5449.266602	4.54736
5450.856445	6.16115
5452.344238	0.432764
5453.559570	4.4009
5457.778809	15.9281
5459.347656	5.97399
5461.854004	2.47393
5464.024414	2.75056
5466.079590	1.47563
5467.512695	0.280037
5469.356445	0.339723
5470.129395	0.361638
5471.974121	8.32303
5475.551758	2.32641
5477.148438	5.41873
5479.697754	0.149955
5480.223145	0.00201012
5481.648926	12.0457
5487.511719	39.881
5490.329590	3.4862
5494.603027	48.2874
5499.103516	38.7133
5506.585938	32.4518
5508.840332	0.478106
5511.171387	17.3975
5514.669922	1.00692
5515.987305	3.6094
5519.372070	66.3899
5523.226074	0.997417
5524.802734	2.80067
5526.194824	2.02708
5528.341797	0.223037
5529.346680	0.746904
5532.544434	3.59644
5534.510742	3.62916
5536.674316	1.21581
5538.169922	12.9062
5541.836426	9.9991
5544.181152	8.79336
5546.158203	2.01194
5547.525879	0.995057
5548.866211	1.53451
5550.528320	0.258642
5552.594727	5.84682
5555.610840	2.9666
5556.977539	2.02026
5558.637695	11.8455
5561.243652	3.33398
5563.714355	2.08653
5569.824707	14.7706
5572.693848	6.69138
5575.466797	8.13441
5577.958008	45.5175
5585.117188	28.666
5590.277344	34.5175
5593.279297	1.02615
5598.342773	28.7946
5601.889160	5.82527
5603.176270	11.8361
5606.298340	3.50097
5610.782715	45.6796
5614.426270	5.14244
5616.691406	5.18102
5618.962891	2.39169
5620.407227	1.54354
5621.863770	0.192643
5623.120605	0.53044
5625.522461	24.9637
5636.590332	4.3847
5638.358887	2.8499
5640.646973	4.11934
5643.162109	8.66615
5645.050781	1.11558
5647.025879	11.2982
5648.976563	6.86682
5651.313965	19.1712
5655.259766	1.18438
5657.628906	8.31942
5661.452637	5.59977
5666.333496	34.2896
5668.408691	11.0875
5671.430664	4.03641
5673.929199	4.27998
5675.838867	0.682179
5677.075684	3.24838
5679.104980	3.2315
5683.629395	18.0516
5687.402832	9.28051
5689.653809	5.25253
5691.770508	3.37272
5694.186523	1.61759
5695.499512	3.12283
5697.428711	3.05489
5700.427734	5.19884
5703.295410	12.6169
5706.843750	7.11897
5709.357910	21.461
5712.731934	1.35037
5715.840332	12.9596
5716.839355	2.41501
5718.278320	2.19658
5720.282227	0.500227
5722.001953	12.2426
5726.086426	12.3431
5728.141113	3.53704
5730.658203	3.09945
5731.877441	1.72469
5732.882813	5.10096
5736.291992	3.39834
5737.662109	5.68803
5741.142090	8.87711
5742.991699	52.9646
5751.336914	36.6406
5756.541504	21.1281
5757.995117	29.1642
5763.407227	9.79441
5766.083008	7.82362
5768.292480	9.41573
5771.280762	4.26284
5775.076172	4.57089
5778.031738	0.850823
5780.638672	1.11291
5783.887695	3.95499
5786.390625	4.80683
5789.146973	56.1503
5796.685059	68.9999
5800.786133	1.47647
5806.389648	65.8233
5808.785156	2.19341
5811.478027	31.9378
5816.165039	0.171208
5818.273926	3.86708
5820.798340	3.65658
5822.487793	6.13313
5826.446289	2.86389
5829.314941	6.37521
5831.738770	4.95459
5832.436523	0.241997
5833.461426	0.865307
5834.520508	3.89728
5836.445313	2.66581
5839.335449	0.836597
5841.192871	0.875755
5843.607910	6.86324
5850.263672	34.1077
5854.852051	7.45806
5856.509277	2.61031
5858.572266	4.06586
5861.495117	0.998658
5862.630371	0.357679
5863.792480	6.34251
5867.147949	3.55799
5868.069824	0.103503
5869.391113	2.44113
5871.615234	0.300338
5873.222168	0.226658
5875.690918	0.453295
5878.815918	0.672516
5880.921387	6.98934
5885.204590	1.80476
5887.524414	0.743196
5890.979004	10.666
5894.360352	3.67411
5896.269531	27.0758
5903.554199	47.3309
5910.608398	24.9264
5915.327148	4.16235
5916.735352	2.49689
5917.755859	2.55313
5919.587402	0.417124
5920.914551	1.68414
5925.392090	1.80779
5926.953125	0.658943
5928.281250	4.46044
5932.073730	20.9855
5933.865234	11.6296
5936.640137	0.869402
5938.194824	1.14612
5939.673340	3.03353
5942.218750	2.20753
5944.833984	2.59103
5947.194824	1.38953
5950.111328	1.7813
5952.777832	1.6843
5955.018066	5.19288
5959.832520	6.26957
5961.651367	8.84568
5965.736328	17.074
5971.166016	10.6789
5974.911621	0.324313
5976.259766	0.0966601
5977.664551	0.575664
5981.568848	2.9578
5983.423340	4.93135
5985.580566	15.1458
5990.136719	2.0255
5992.400391	8.46869
5994.486328	4.96396
5996.956055	1.45605
5999.784668	1.28277
6001.769531	0.773515
6003.618164	5.5
6006.648438	1.39104
6009.251465	1.15908
6011.769531	0.373544
6013.571289	0.772616
6017.467285	3.83178
6020.151855	12.4587
6022.794434	4.49067
6025.906738	41.1759
6039.554688	35.4473
6046.353516	0.398495
6047.413086	0.411877
6053.679688	52.7113
6059.856445	14.295
6063.505371	2.60451
6069.265625	2.85139
6070.876465	1.66446
6073.214355	12.5039
6077.580566	6.32437
6079.128418	3.22015
6081.888184	2.2971
6087.473145	19.8058
6091.972656	13.8176
6093.627930	1.81559
6095.187500	16.9293
6098.730469	5.49812
6100.092773	0.950263
6101.989258	4.74041
6104.388184	13.3085
6108.820313	1.13371
6112.831055	40.7742
6117.785645	4.79127
6119.482910	3.09146
6121.132813	5.64423
6122.953613	9.03473
6128.376465	9.37518
6131.501465	1.50874
6133.705078	6.12885
6136.895996	1.52242
6138.359375	1.14239
6139.641113	1.54801
6141.531250	1.57837
6142.947266	4.00653
6148.739746	0.751394
6149.966797	0.827335
6154.164551	16.3097
6156.362305	2.83577
6158.524414	0.831611
6159.691406	0.7393
6164.612793	28.1453
6170.359863	25.1912
6174.234375	0.286831
6179.142090	15.6646
6181.174805	2.83085
6183.176270	10.9537
6188.289063	6.34975
6190.147461	2.844
6191.864746	0.773714
6193.309570	1.41719
6194.957520	0.506793
6196.287598	0.550388
6198.229004	7.27625
6204.015625	10.4874
6209.823242	15.0294
6214.405273	11.9831
6216.259766	19.784
6220.483887	15.0764
6225.958984	16.2687
6228.062500	40.8439
6240.090820	24.0219
6242.584961	13.122
6249.874512	3.59297
6253.091797	20.6983
6257.656250	0.787242
6259.540527	3.3353
6261.966797	5.58542
6264.155762	3.09054
6266.488770	1.10397
6269.684570	0.722042
6273.651367	1.08288
6276.897461	13.4399
6280.800293	6.42131
6282.679199	3.12674
6286.193848	2.55207
6289.469238	5.41066
6292.966309	23.8313
6299.139160	32.8309
6307.422363	23.0747
6313.069824	1.81649
6315.628906	4.14923
6318.038086	1.73129
6320.488281	1.05701
6323.402344	1.71739
6326.004395	10.5279
6333.353027	10.4427
6339.780762	5.55149
6343.525879	0.177059
6346.047852	1.59417
6350.310059	0.0294555
6353.500000	1.87845
6355.625000	1.80564
6357.865723	5.49928
6360.125488	1.26656
6362.264160	1.64393
6365.070801	0.210677
6367.455566	0.746059
6369.025879	0.637514
6370.920410	0.649172
6371.988770	0.454223
6374.199219	5.39098
6377.753418	3.25792
6379.674805	3.16054
6384.711914	3.83498
6394.836426	2.1889
6397.283691	4.17059
6400.700684	5.09179
6402.722656	1.61161
6406.134277	1.50155
6407.438477	0.830043
6410.749023	0.044719
6418.202637	1.44552
6420.270508	0.695969
6425.375977	0.364234
6428.856934	2.88503
6430.874512	4.13393
6433.054688	16.7955
6440.018066	9.67547
6441.973633	0.843269
6444.629883	1.59789
6449.619141	0.975797
6457.593262	0.557521
6459.667969	0.00323749
6461.366211	1.13763
6463.528320	3.15705
6465.872070	12.5748
6472.100586	19.6977
6479.221680	10.4411
6483.894531	0.749786
6486.575195	6.42011
6489.904785	5.89646
6493.382324	20.4382
6498.360840	22.5596
6501.128906	2.02812
6505.691406	5.88602
6510.180664	0.440729
6511.670410	0.482673
6512.869629	0.501878
6514.069336	0.595498
6515.899902	0.433504
6517.349609	0.117161
6518.899414	0.195085
6520.710938	0.586445
6523.084961	1.22474
6525.393555	1.47792
6527.852539	0.121156
6529.994141	0.927957
6533.063477	9.48076
6539.161621	7.86614
6545.255371	3.92531
6550.433594	19.459
6556.941406	0.611217
6559.845703	3.31724
6563.220215	28.4539
6569.895508	6.45541
6578.148926	7.25323
6580.709473	0.312909
6582.416992	16.7578
