TITLE "<<210916_CKF_A5_PM_8918_XF_M23_ThermoSIN_MSMS1kVPos_Sen_MetON_AlkTrx_XCal_TIS_100Da_10K_6800hv>> 4700 MS/MS Precursor 8918 Spec #1=>AdvBC(32,0.5,0.0)=>NR(2.00)=>SM31=>CT[BP = 7214.4, 2983]" CENTROID
TYPE MASSSPEC
10.042513	8.05534
14.328476	0.0367319
14.583743	0.384558
14.743282	0.265444
14.868523	0.0779143
14.992928	0.0838532
15.099395	0.0068781
15.186219	0.000513103
15.256815	8.55055e-006
15.657331	0.212824
15.780865	0.100244
15.903439	0.0473817
16.114613	8.08439
16.414761	1.82112
16.472784	0.229391
16.535719	1.19325
16.639353	0.121238
16.699554	0.100263
16.798172	0.213073
17.043512	0.529988
17.451477	0.151381
17.703800	0.00049032
17.854664	0.110014
18.063768	0.0655235
18.150814	0.31116
18.231133	0.261535
18.322147	0.0307249
18.399305	0.0591225
18.468035	0.0214754
18.506430	0.00282744
21.148392	2.93518
21.986176	0.0133203
22.052435	0.010109
22.092216	0.00255448
22.140133	0.00403896
22.250652	0.00579344
22.300907	0.00861974
22.354000	0.029456
22.494406	0.0614459
22.596321	1.82572
22.802893	5.29877
22.917568	10.5342
23.249241	11.6619
23.373308	1.73697
23.719191	7.11876
24.265881	0.66575
25.185595	0.020721
26.441502	0.378348
26.547430	0.0371112
26.601927	0.041418
26.765591	0.0123856
26.827812	0.0110533
29.003725	12.6182
30.326355	1.75296
30.429583	0.826794
30.648697	0.0474168
30.829792	1.37709
31.303083	5.95966
31.991400	3.09092
32.827343	3.56271
33.947285	0.517188
34.049412	0.213513
34.546223	3.89829
34.782337	0.027767
34.996189	7.01883
35.538292	1.20463
35.621784	0.0740649
35.851700	0.473822
35.982410	0.77772
36.094501	0.438529
36.164097	0.00578164
36.216183	0.030543
36.344845	0.21439
36.415508	0.0593707
36.493095	1.38449
37.516129	3.76402
37.662643	0.252698
37.867809	25.0223
38.873135	18.6576
39.340267	222.852
39.902557	43.4398
40.825207	5.39412
41.093555	0.00651206
41.280586	4.45285
42.901661	11.1181
43.403557	9.39668
43.672165	4.14347
43.818829	1.40195
43.930462	1.03307
44.144798	1.97291
44.361385	29.4153
44.488239	63.0063
44.942993	4.46206
45.043919	2.61073
45.151886	2.12041
45.311523	0.543239
45.610638	5.32348
45.817108	86.5934
46.496609	14.3321
46.639896	10.559
46.793114	55.2121
47.412483	28.2944
47.782429	0.0137873
47.907722	28.1511
49.382954	3.52199
49.839832	4.83303
50.369587	4.84684
50.887932	17.132
51.106625	13.4453
51.541489	4.65364
51.661598	8.98775
52.277084	30.6507
52.889847	1.91017
53.135426	5.56122
53.314705	2.55856
53.751034	5.09637
54.150703	0.297606
54.332493	0.392795
54.465687	0.0912739
54.577843	0.221398
54.763218	0.616681
55.716339	2.10331
56.702553	20.0484
57.871288	8.92138
58.083187	1.30726
58.494423	16.6433
58.593193	0.508293
58.827915	103.972
58.975784	53.4182
59.150448	56.5099
59.424709	45.4378
59.594776	9.97951
59.709301	50.3277
59.997910	29.2436
60.167534	7.19202
60.360004	20.6728
60.438416	2.64127
60.569660	39.4548
60.822533	4.34413
60.918190	2.832
61.119507	67.4699
61.725269	21.6664
61.935196	27.2238
62.065666	19.0027
62.293095	11.7211
62.534180	60.1861
63.235600	58.9327
63.642124	3.87198
63.901642	14.8769
64.177559	2.4815
64.367249	0.36194
64.482162	0.71287
64.708870	10.911
65.283447	32.8845
65.973358	25.4714
66.467926	1.89676
66.629417	0.22901
66.727242	4.10319
67.076553	5.22174
67.313583	1.73793
67.603775	1.79912
67.923302	0.58805
68.173050	4.74456
68.750298	0.99819
69.055000	1.72604
69.288872	2.87519
69.398827	2.17539
69.645950	21.4941
70.562210	106.785
70.888847	1.64629
71.052437	0.911062
71.203789	1.08979
71.598938	22.592
72.615646	4.92709
73.604248	50.8046
74.121994	9.02687
74.628807	6.9091
75.664078	5.61126
76.200417	0.116669
76.416939	0.970855
77.339691	14.9278
77.701668	1.76282
78.013618	3.74472
78.245483	7.37083
78.410194	17.7607
78.841225	0.844658
79.293327	24.1641
79.588890	1.40887
79.826645	3.43682
80.090820	1.53941
80.211258	0.481225
80.653374	31.0397
80.899078	3.42959
81.474724	15.6403
81.717880	39.2824
82.175446	8.60878
82.459656	33.5197
82.950333	1.93717
83.183617	33.0221
83.835030	4.6169
83.959503	10.3223
84.675362	29.5989
85.552650	4.87428
85.703941	0.960616
85.923141	8.64855
86.231056	5.06129
86.634285	27.4496
87.115723	8.72595
87.771057	0.514576
88.079659	9.1961
88.974091	1.12724
89.189995	1.70081
89.346718	0.496734
89.696777	5.51247
89.910706	0.028176
90.285500	69.5208
91.925537	50.5942
93.485611	67.101
94.289955	32.4417
94.863609	0.336442
95.166000	18.1597
95.412209	0.616853
95.760010	5.44687
96.031975	2.90164
96.325615	10.5898
96.624565	0.805696
96.965385	5.34312
97.087555	8.53473
97.448906	6.59797
97.704872	8.93396
98.000053	6.38484
98.458290	2.27955
98.596756	4.59655
98.964569	2.43803
99.259399	25.2451
99.850967	2.39742
100.005821	1.50425
100.449493	17.3652
101.051727	13.0626
101.669312	31.2199
102.164505	1.0919
102.341805	5.38674
102.950462	24.5794
103.821457	14.0837
104.522293	5.60451
104.859085	0.324453
105.176079	1.7176
105.991852	0.978238
106.173775	0.380926
106.451836	16.4411
107.089836	10.4142
107.286552	1.01263
107.551163	0.515441
107.877708	2.80636
108.053360	0.0762766
108.217644	0.604951
108.486137	0.949054
108.841614	1.77162
109.304672	0.0318688
109.712135	11.3361
110.508469	4.86296
110.787735	2.22912
111.094162	3.65099
111.371925	2.16968
111.568848	5.86766
111.765961	5.33713
112.204391	0.815548
112.485603	2.43902
112.703049	2.31375
112.866577	0.658778
113.061394	6.15642
113.432816	5.6284
113.762436	10.4289
114.051231	2.92487
114.400146	0.820245
115.178268	12.1959
115.833618	23.0797
116.683563	41.5979
119.014305	14.1401
119.306496	1.08141
119.756943	117.932
122.014061	11.3981
122.234001	8.4267
123.033508	10.1345
123.699417	1.52548
123.965088	4.74762
124.292519	0.857878
124.529854	1.0849
124.717651	1.40767
125.027100	14.3032
125.700500	3.52459
126.070702	1.52911
126.386505	9.34707
127.335579	14.4918
127.586754	1.99736
128.117844	8.32742
129.090149	7.58953
129.541580	0.762433
129.778214	1.67236
130.061783	6.56194
130.842728	1.72909
130.992905	0.118539
131.317642	21.783
132.434601	7.89701
132.752975	2.53839
133.288956	11.6229
133.716202	5.81289
134.137253	3.26158
134.512634	8.38947
135.342834	15.7245
135.899689	15.3705
136.188568	8.19006
136.733185	8.93991
137.021545	14.6487
137.406311	3.95974
137.795502	5.29509
138.113968	1.67142
138.355499	0.852193
138.723038	1.70817
139.565247	1.1384
139.809769	2.71526
140.375366	0.0189161
140.856216	1.49326
141.104340	1.85039
141.484085	21.2606
142.106735	0.891129
142.505646	1.32192
142.911545	4.9064
143.600952	101.05
144.504578	9.08425
144.801437	2.37113
145.254227	3.65178
145.690399	3.68736
146.313965	22.8291
147.260025	22.2658
148.066040	8.74506
148.776306	2.31367
149.127151	3.69625
149.526993	6.92849
149.856995	3.17907
150.179901	0.248569
150.462387	3.62675
150.877777	1.17475
151.226471	0.0843169
151.439514	1.72776
151.742630	1.04949
151.936920	1.02403
152.242004	1.41596
152.426697	0.125556
152.651962	1.12062
152.920807	0.46153
153.582047	4.08138
154.429703	2.17953
154.833847	6.68272
155.876770	11.613
156.652817	5.51405
157.770737	11.6313
158.172195	11.0099
158.968002	6.68886
159.918549	65.8559
160.563995	0.346781
161.390915	14.7355
161.788666	47.5263
165.247940	7.20212
165.855774	6.47764
166.191360	2.13906
166.715393	2.22779
167.213181	0.307422
167.435135	0.142856
167.564880	0.131535
167.830734	0.702905
168.146210	0.354609
168.432419	3.45784
168.900253	0.0588234
169.253479	7.98616
169.508438	0.406768
169.833939	12.0504
170.176956	4.65389
170.587357	8.00123
171.225021	0.175129
171.442551	0.254323
171.557983	0.314087
172.316711	3.34933
172.516663	0.73225
172.756287	13.7082
174.012604	2.88776
174.576370	1.40293
175.039276	1.67086
175.539917	3.89329
175.833115	2.20496
176.104065	3.76249
176.573929	2.36672
178.231689	35.951
179.577194	8.21209
179.775177	6.42279
180.321960	2.97378
180.629761	2.39562
181.165390	0.393682
181.630371	0.895196
182.741241	4.52685
183.105576	2.37237
184.369980	4.70657
185.094528	9.05723
185.819595	8.22653
186.225922	0.862543
186.749420	4.10656
187.161255	0.384895
187.482742	0.763694
187.814819	0.97677
188.233124	15.0133
189.163376	12.0466
189.457428	6.93
189.896790	0.544033
190.500671	0.937653
190.811066	9.08339
191.988922	1.28823
194.024078	5.00791
194.524750	1.61178
194.930740	0.92767
195.433502	0.365714
196.268707	5.95012
196.594391	17.3975
198.282364	10.9677
199.389954	31.2709
200.421768	8.51501
200.640366	0.0719605
200.802841	0.953416
201.063873	1.13074
202.094574	0.759015
202.370148	0.317524
202.602814	0.101436
202.790985	0.00863872
202.935318	0.0621286
203.183151	0.0653093
203.710403	0.204363
204.162689	4.23136
205.153915	0.901066
205.396118	0.524486
205.889801	0.257329
206.106186	0.0666181
206.464783	0.127777
206.720825	0.0311126
206.944427	0.0646237
207.503448	0.282749
207.819199	2.20481
208.826523	4.52718
209.161209	0.172535
209.707626	1.76309
210.038727	2.41493
210.626785	6.11002
212.521973	28.0162
213.259613	7.68737
213.491989	14.8966
214.333862	0.519513
214.829681	3.81228
215.674271	20.2878
216.904175	3.42164
217.222916	3.47887
217.417007	3.52889
217.993805	0.233702
218.415833	0.366661
218.763443	5.88623
220.188629	5.52314
220.490524	1.08813
221.052582	0.0110621
222.049728	32.7113
222.954514	10.5369
223.347885	3.95632
223.907578	2.21842
224.473434	1.95764
225.072296	1.35826
225.537750	1.2218
226.026779	6.82472
226.883072	9.52674
227.900162	8.90867
228.587204	1.08635
229.224594	1.51554
229.579575	1.30348
229.797485	0.183969
230.140533	0.536497
230.432693	0.16481
230.660828	0.00964481
231.454132	1.15084
232.197189	1.58817
232.628677	1.70568
233.095505	1.85155
233.357056	2.41013
233.749817	5.18256
234.260956	1.11617
234.612549	1.28337
235.142914	0.0608395
235.376282	0.314948
235.852142	5.03409
236.506821	6.91651
236.866577	7.54909
238.186768	17.5074
238.574738	3.07003
239.098877	8.19318
240.777573	0.448491
241.325195	1.04787
241.727722	0.748778
242.133194	0.507629
242.512299	14.8632
243.144073	6.23381
243.513748	24.8819
244.482849	1.47731
244.863876	9.50861
246.347855	7.99511
246.715240	3.46178
247.340530	8.01085
247.562836	5.01455
248.019608	11.8134
250.242554	41.6185
251.055206	1.89265
251.709137	22.4895
253.418137	9.54473
253.992645	0.501871
254.372253	0.296874
254.678024	1.97173
255.321609	2.60559
255.762329	0.883629
256.092896	5.39191
256.883759	8.12536
257.270569	1.55897
258.060547	7.40765
259.423462	8.36236
260.129700	0.0627654
260.536133	0.703732
261.213074	1.06665
261.520691	0.907772
262.139191	0.311354
263.188660	1.57708
263.509094	2.93975
264.501984	5.94288
265.600006	0.697137
265.931976	1.37479
266.633759	3.95509
267.791718	2.16448
268.666595	2.69855
269.241028	1.60922
269.756531	0.527878
271.121704	38.7269
273.394989	26.8831
274.520782	5.51508
274.777527	2.62432
275.147247	0.898013
275.399689	0.542055
275.780853	0.330957
276.128815	0.912609
276.310486	0.177664
276.676300	7.36874
277.763489	0.857212
277.987762	0.0943701
278.389618	0.296989
279.581177	6.02815
280.142273	12.0393
282.545044	4.54357
283.196655	5.84877
283.950592	0.781337
284.359039	0.457339
284.869019	0.459209
285.171814	0.316854
286.368958	11.0128
287.642578	3.73628
288.368164	0.329005
289.369507	2.19339
289.639862	2.24506
290.415802	0.175196
290.833527	0.558424
291.135345	0.170883
291.622711	13.0239
294.154633	24.6131
295.762177	6.23732
296.277039	12.6926
296.774353	2.22165
297.479797	2.96799
298.029449	23.5587
300.614197	7.49244
301.399261	57.1669
303.472290	4.87457
303.909058	1.66738
304.325073	0.251056
304.537415	0.440316
305.490295	2.90738
305.888397	0.221725
306.802887	1.75051
307.660675	6.12021
307.979584	2.91233
308.738922	1.476
308.917664	0.221659
309.324677	1.50623
309.967804	1.12597
310.627655	9.44561
311.814453	4.25247
312.183380	4.82346
313.065918	2.17718
313.481140	1.10845
314.059113	0.131785
314.436920	2.77403
316.976563	3.31456
317.316772	0.518791
317.622467	0.318645
318.146759	0.0489402
318.363190	0.0712625
318.660645	0.215894
319.683411	3.68793
320.479279	0.311443
320.821564	0.228
321.143280	0.281523
321.549164	0.0659834
321.860168	0.209822
322.199951	0.136919
322.406036	0.00864148
322.717072	0.563767
323.191681	0.32779
323.401398	0.0950064
323.794098	0.682669
324.199951	0.609892
324.470123	0.261024
324.900330	0.595843
325.183655	0.175209
325.706604	0.0648872
326.086670	0.057728
326.686920	3.35739
327.421234	1.94027
328.003174	1.00643
328.590576	0.665543
329.481476	0.385856
329.844757	0.139652
330.813721	2.33177
331.424438	1.10643
331.955902	0.622464
332.515991	6.53574
335.012390	2.62689
335.539398	0.438348
335.828888	0.981676
336.526794	0.0266364
337.391205	10.9326
338.568268	2.3397
338.769928	0.170323
339.168823	1.02418
340.357361	6.02308
341.614166	3.46586
342.153259	0.166073
343.080139	21.0276
345.245453	25.2941
346.251465	0.0795177
347.164246	3.31726
348.467072	0.305214
348.779846	0.16527
349.534607	0.0652387
349.827087	0.341747
350.215942	0.215948
351.104584	43.9375
353.099518	48.9455
353.853821	0.0391582
354.434479	3.03425
354.978180	0.635457
355.749054	2.34756
356.217865	0.436514
356.543152	0.566862
356.886353	0.389748
357.298279	0.0972325
358.219788	2.13066
359.623718	0.724326
360.017883	2.12833
361.152985	2.42416
361.532867	0.193111
361.791809	0.00311091
362.369781	0.164591
362.635925	0.0558346
363.590027	0.152677
363.991089	1.60633
364.474823	0.935746
364.796417	2.69358
365.601196	1.10744
366.143158	0.862451
366.610748	1.27883
367.192871	0.699726
367.922607	5.19952
368.937622	1.78082
369.446960	0.170254
369.840485	0.0518617
370.151642	0.117259
370.456207	0.309795
371.211456	0.147791
371.633728	0.436492
372.012268	0.587377
372.753082	0.585092
374.141266	0.665851
375.247314	4.85289
376.406189	2.05849
376.708527	3.65744
377.408936	2.37139
377.894348	8.365
380.359467	1.98953
380.757172	0.246958
381.079773	0.0355096
381.532959	0.0980979
381.934784	0.110523
382.167175	0.0133224
382.659058	0.224786
382.926147	0.150011
383.173065	2.57606
384.425598	4.81314
385.845917	6.0727
386.779114	3.18996
387.413147	1.20607
388.080627	0.610128
388.434845	0.404318
389.176392	0.609969
389.712158	0.726637
390.023773	0.450609
390.426941	1.14396
390.865387	1.06999
391.159576	0.646523
391.563477	0.878624
391.969269	2.96825
394.009003	11.8671
395.066132	12.2521
395.493011	8.98867
396.202728	0.205049
397.118164	4.52918
397.775482	0.581204
398.363739	1.78641
398.964966	1.07404
399.427429	0.0231528
399.680145	0.764163
400.285126	0.136102
400.539124	0.108037
401.031982	0.137607
401.453644	0.66797
402.513733	0.448382
403.651398	0.164239
406.853210	0.296677
407.371521	0.523781
407.707733	0.388371
408.118652	0.204188
408.532135	0.199098
409.905029	1.18054
410.262238	0.124422
411.000183	0.385917
411.404297	0.248929
411.666046	0.432383
412.001495	0.158471
412.210205	0.0258379
412.507446	0.183154
412.872040	1.88282
413.896545	0.793052
415.103333	2.32986
415.743042	3.61108
416.316620	9.78607
417.306824	0.0269936
417.706726	0.790668
418.058411	1.23504
418.459656	1.11939
418.910675	3.93559
419.783478	1.43711
420.264038	3.66796
420.885498	0.165744
421.737213	1.71024
422.656342	0.266009
422.951538	0.0799075
423.406616	0.0929461
423.791382	0.0355856
424.170654	0.166815
424.575806	0.182849
424.804504	0.182961
425.107178	2.03309
425.781555	0.864285
426.574249	1.88336
426.896332	0.159407
427.239929	1.2844
427.804169	0.754828
428.000580	0.153032
428.409058	0.193968
428.615692	1.48319
431.164795	0.947049
431.497223	0.95858
433.184418	8.26337
434.210999	4.95202
434.661957	6.38276
436.329285	22.5811
438.097961	9.55246
439.160065	1.45382
440.124573	0.490847
440.811310	0.570881
441.096741	0.0483644
441.478516	0.334617
442.047791	0.244359
443.530487	0.425811
443.761322	0.173875
443.938354	0.411844
444.408875	0.526562
444.939026	0.875235
445.571136	1.14078
445.936737	4.98093
447.277679	15.7315
448.728516	15.2058
450.261322	5.77311
451.364685	0.88832
452.182556	17.3044
456.734070	3.69451
457.250275	6.76038
459.052673	0.276137
459.857391	4.99101
460.274780	0.372856
460.580688	0.20813
460.899872	3.9807
462.095001	17.7043
463.369904	1.53244
464.009125	1.89255
464.545807	4.1719
466.302460	0.589885
466.670166	0.0709945
467.292572	3.41609
468.272064	3.47179
468.882599	1.2114
470.012360	3.91482
470.769562	2.55471
471.517578	3.82739
472.098541	3.09516
473.023041	2.87178
473.273529	0.178161
473.715607	1.03448
474.558197	1.3292
476.053375	1.49257
477.337952	0.457447
479.161835	0.217157
479.817596	0.144609
480.502472	0.0524648
481.112701	0.155625
482.609589	0.279999
482.997772	0.448648
483.365631	0.874685
483.770996	0.0511485
484.154907	0.480336
484.785461	2.23506
488.316132	6.04309
489.122406	16.3709
491.362823	29.0678
492.866364	0.945151
493.766602	0.883003
494.205292	0.482513
494.583496	0.788134
494.944977	1.84084
495.775482	1.01777
498.102722	3.9764
500.553253	0.275296
500.987244	0.117675
501.964600	0.317437
502.212769	0.0515431
503.106323	0.840566
503.805634	2.33013
504.516449	6.11629
505.563995	8.99192
506.678284	0.489524
507.099518	0.533408
508.978973	3.63837
512.587708	4.15873
513.909729	4.00745
514.706116	2.26637
515.412048	3.14081
516.025635	6.075
517.459961	0.920104
517.975891	8.31179
519.421753	30.1257
520.712769	3.28493
522.088745	0.654965
522.784973	0.0453597
523.672852	10.2566
526.472351	8.53243
527.882263	12.9284
529.493713	1.0826
530.149231	0.349155
533.416626	1.90631
537.495483	0.308425
538.143372	0.115334
538.639771	0.101263
539.034912	0.0616313
539.529236	0.0546124
539.928711	0.0337303
540.525146	0.633541
543.306580	6.74406
545.671204	9.91008
546.914673	0.236715
547.508606	5.29004
548.180237	0.345833
549.109985	1.43814
549.522217	0.00810594
550.261230	2.10448
552.783936	1.59492
554.303589	1.97223
554.979065	1.62121
555.740723	0.898018
556.286499	0.08578
557.916565	2.22386
560.149414	0.416283
560.561035	0.16368
560.908569	0.151487
561.431396	0.0666971
561.878662	0.0426298
562.298828	0.0677119
562.714172	0.00794778
563.580994	0.0819614
564.610107	0.0667244
565.042786	0.310053
565.521973	0.267237
566.044312	0.00572323
566.503296	0.0457577
567.044067	0.0443602
567.609619	0.00271273
568.867432	1.39241
571.888550	1.5453
572.790405	0.656961
573.096680	0.0407783
573.647888	0.306206
574.168823	0.103171
574.746399	0.901306
576.108765	1.74438
576.913940	0.986036
577.661560	0.667196
578.409485	0.184795
579.028503	0.0252545
579.411377	0.00884059
580.197266	0.0113827
580.529053	0.0187399
580.788147	0.0189506
580.976257	0.00105875
581.452393	0.246197
582.159485	0.536265
582.570007	0.348386
583.069824	0.144462
583.504639	0.203655
583.921997	0.142212
584.205261	0.0424332
584.835815	0.0539583
585.227905	0.0200069
585.618469	0.0774078
586.046143	0.0931239
586.508606	0.0550432
587.005188	0.0310457
587.452515	0.0361375
587.862427	0.00769457
591.232239	4.60135
595.160828	0.120485
595.804077	0.269007
596.776978	1.32574
597.205139	0.0756071
597.914063	2.56946
598.591370	10.9674
601.599731	18.1499
603.908142	11.0395
605.699036	1.1495
606.572937	0.0617183
607.740173	1.76758
609.913452	0.038488
610.276855	0.149968
610.646667	0.143802
610.967529	0.152992
611.635620	0.532577
614.808533	26.3903
618.365967	20.5385
620.008850	4.10577
621.598999	1.21733
623.702820	1.25728
625.130981	0.136063
625.571594	0.10409
626.042297	0.0525049
626.561401	0.0413928
626.985474	0.0122156
627.567932	0.10841
628.580444	0.0529291
629.048706	0.162389
629.857727	0.15181
630.661499	0.0974819
631.315002	0.0259668
631.543518	0.0141351
632.258240	0.221535
639.134277	0.187
639.601135	0.0482471
639.821655	0.00455207
640.368103	0.00124692
640.668518	0.0278387
640.944275	0.0285596
641.530945	0.00394952
641.805908	0.00129359
642.194580	0.0024751
642.452942	0.0165219
642.766541	0.00635875
643.081543	0.048962
643.451172	0.119617
644.092285	0.01
644.547241	0.379553
645.102051	0.388618
645.632080	0.00972335
646.056396	0.100074
646.699890	0.0987494
647.884766	0.778327
650.308472	0.101847
651.484009	0.257705
653.270996	3.01677
655.519897	5.14328
656.715088	1.71555
657.153503	2.39977
658.988403	3.23442
660.223877	0.0240539
661.199951	0.255803
661.893799	0.0990297
662.260376	0.279645
662.629456	0.00564984
662.994507	0.0363149
663.268188	0.0228347
663.765625	0.0220269
664.009033	0.00957095
664.565308	0.00434222
665.030945	0.0678524
665.756348	0.157324
666.197327	0.0974886
666.645630	0.0353701
667.264893	0.0276493
667.614441	0.00824099
669.375183	1.19698
679.912781	0.0264486
680.667847	0.248587
681.228943	0.170135
681.717529	0.0989741
682.175964	0.123264
683.167847	0.261909
683.526672	0.391433
684.125305	0.489304
685.080811	0.269757
685.737549	0.113943
686.324463	0.0148444
686.675293	0.072221
687.148193	0.0934008
687.448730	0.0208477
687.859985	0.149464
688.305847	0.0767032
688.618713	0.030455
688.845581	0.018267
689.412964	0.0298775
689.799866	0.324122
694.320679	0.128724
695.715149	0.175623
696.429199	0.116586
696.828003	0.215391
697.180237	0.00657894
697.538696	0.036263
697.887634	0.0322829
698.362732	0.037333
698.598938	0.00853372
699.228760	0.00917569
701.003296	0.0900467
702.041992	0.0587819
702.493896	0.0388195
702.960571	0.0195831
703.568787	0.0165612
703.996216	0.00873225
704.292969	0.000335668
706.340820	0.110201
709.453186	0.911646
710.955383	1.38797
711.813965	0.783823
712.655518	0.815559
713.449341	0.191244
714.203918	0.0718222
714.710144	0.00203776
715.506165	0.0635099
716.947754	1.6101
718.022522	1.08306
718.945129	0.302712
719.820862	0.342077
720.510986	0.0187072
721.446167	0.161505
726.857239	0.808006
728.404236	1.73495
729.287781	0.971883
730.187439	0.496931
730.900208	0.118998
731.153809	0.045001
731.422546	0.0374707
731.599915	0.000815535
731.965637	0.000984871
732.364746	0.203456
735.062317	0.0917977
735.396790	0.0234255
735.863403	0.236164
736.427429	0.204946
736.854553	0.0597627
737.440796	0.0394914
737.989441	0.440581
742.119629	0.446964
742.929993	0.172843
743.698059	0.820234
748.747864	0.511704
749.988647	0.212653
751.548706	0.727357
752.436401	0.414826
753.422546	0.136217
754.136780	0.0241534
754.778259	0.00333529
755.304382	0.000941546
758.077087	0.00628721
762.406189	0.0241584
762.956665	0.0922254
763.261658	0.0806809
763.477478	0.000920029
763.693481	0.000188747
764.061401	0.016993
764.466003	0.0148622
764.709900	0.00203287
765.857483	0.0185875
767.581482	0.0419855
768.373962	0.217004
769.317566	0.289391
770.146912	0.165261
771.036682	0.0956494
771.763428	0.0582519
774.598755	0.00690724
775.431763	0.0578018
776.039490	0.0490083
777.142883	0.264477
777.855225	4.11355
789.327087	0.0421665
790.118896	0.113005
790.709351	0.088038
791.147705	0.0227061
791.765686	0.0267111
792.300537	0.0141728
793.048462	0.232673
802.507568	2.7407
804.431763	0.116253
805.728455	0.0759744
806.350159	0.358564
806.870056	0.324097
807.479248	0.0297303
808.006348	0.0929703
808.378113	0.0165216
809.647949	1.47879
810.457336	0.459248
811.278137	3.17258
813.953552	0.0150784
815.960938	8.28729
818.247314	4.75253
819.619995	0.908941
820.508972	0.745383
821.420288	0.549238
822.232849	0.694579
823.329224	0.0706841
825.297607	1.49397
826.792114	0.0155598
827.135742	0.0249577
827.379211	0.00103961
827.902527	0.00416925
828.338806	0.0149955
828.660034	0.0136049
832.358948	0.377145
837.369507	1.21417
839.974243	0.823865
841.040222	2.05226
842.235474	3.3194
842.815796	0.0467916
843.094604	0.311937
844.021484	0.223098
844.626099	0.0789287
845.439758	0.0890388
848.096191	0.606244
857.775757	1.79729
864.298950	6.91081
867.074280	0.463765
868.234924	3.63031
868.890869	0.592242
870.844421	0.567219
873.907715	1.00688
876.289246	0.804512
878.212585	0.13391
879.742004	0.107361
881.718689	0.136817
882.497009	1.59954
883.542297	1.66581
884.534607	0.586882
885.486755	0.581047
886.197632	0.0147958
886.641907	0.00628976
887.393860	0.0400208
888.295105	0.0606026
888.799805	0.0387478
889.315979	0.017455
890.067993	0.0385676
890.444458	0.0211622
890.809387	0.00280089
891.424255	0.00906922
891.767822	0.00694252
893.482117	1.2192
913.850586	0.729676
929.924561	0.0131756
931.194580	0.304631
931.993774	0.164606
932.432861	0.0469262
932.766357	0.00151836
933.218689	0.0691055
933.708679	0.0587051
934.240295	0.00969982
935.162048	0.049963
935.855591	0.0704507
936.289246	0.0817842
936.957581	0.0752108
937.556702	0.019177
938.058899	0.0272754
938.517395	0.00866541
938.854858	0.000291764
939.251892	1.52937e-005
939.439453	1.65107e-008
942.037903	6.65481e-010
942.522888	0.039979
943.596924	0.148755
944.274109	0.147957
944.659180	0.130432
945.452454	0.0575581
945.983643	0.0332178
946.372498	0.0216117
946.738586	0.000445285
947.166138	0.000160771
947.414124	3.55441e-008
953.901917	0.000356499
954.344238	0.0136271
954.800720	0.0111966
955.064026	0.00078556
955.263123	4.59053e-005
955.620789	0.00114959
956.099670	0.00729654
956.441650	0.00653618
956.666199	1.71261e-005
956.859863	5.61146e-006
957.053467	2.93618e-008
965.267395	0.641145
966.594055	0.811191
967.538086	0.241915
968.596130	0.300839
969.736267	0.0136941
970.514221	0.00168422
971.191162	8.62293e-005
971.565552	5.90454e-007
983.587524	0.00233711
985.273743	0.103544
987.087830	0.281311
988.005188	0.072443
988.217957	0.0280111
989.161804	0.0670305
989.612732	0.00242063
990.118408	0.0232988
990.887085	0.00287889
991.756226	0.0358322
992.669617	0.0602105
993.203613	0.0389745
993.760132	0.0202668
994.488220	0.0162565
994.952942	0.00868169
995.300659	0.000291405
995.709229	1.49418e-005
1013.413818	0.150593
1015.842896	0.482157
1017.383423	3.57846e-008
1017.583130	1.07354e-007
1017.932739	1.43138e-007
1018.532104	2.86277e-007
1019.031738	7.15692e-008
1019.356567	1.61031e-007
1019.831360	1.78923e-007
1020.306335	1.61031e-007
1020.581360	3.57846e-008
1020.731384	7.15692e-008
1021.071289	0.00193568
1021.952332	0.0711609
1022.881226	0.142578
1023.442322	0.0833484
1023.977051	0.03705
1024.758911	0.0386009
1025.150757	0.0235164
1025.614990	0.00140248
1025.965576	2.98889e-005
1026.163574	1.30183e-007
1026.465942	5.29542e-008
1026.616211	5.36698e-008
1026.816772	8.94615e-008
1027.042480	7.15692e-008
1027.293335	1.07354e-007
1027.845337	2.86277e-007
1028.372437	8.94615e-008
1028.548096	3.57846e-008
1028.824219	1.61031e-007
1029.326416	1.96815e-007
1029.778442	1.25246e-007
1030.029785	5.38981e-008
1031.034546	0.0741145
1033.234619	0.452618
1034.632935	0.325551
1035.578125	0.100195
1036.660522	0.335834
1037.518188	0.217322
1038.302246	0.0140976
1038.766357	0.0463584
1039.569092	0.0431959
1040.376953	0.00246837
1041.086182	8.06852e-005
1041.488159	2.38468e-007
1041.912720	1.33619e-007
1042.249268	1.07391e-007
1042.476685	5.36744e-008
1042.653687	7.15692e-008
1042.805298	3.57846e-008
1043.007568	1.07354e-007
1043.361450	1.43138e-007
1043.766113	1.43138e-007
1044.170776	1.43138e-007
1044.575439	1.43138e-007
1044.980225	1.43138e-007
1045.385132	1.43138e-007
1045.840820	1.78923e-007
1046.271118	1.25246e-007
1046.575073	8.94615e-008
1046.828247	8.94615e-008
1047.157593	1.43138e-007
1047.714844	2.50492e-007
1048.272339	1.43138e-007
1048.576660	7.16798e-008
1049.615845	0.0370549
1051.806641	0.440174
1053.165894	0.230155
1053.682861	0.104495
1054.253784	0.146656
1055.026245	0.0885616
1055.457642	0.0252342
1056.226685	0.0104961
1056.928223	0.000521583
1057.519287	7.56393e-006
1057.893188	1.48054e-007
1058.280518	1.07755e-007
1058.587524	1.07372e-007
1058.816772	5.36765e-008
1058.969604	5.36769e-008
1059.249878	1.43138e-007
1059.657471	1.43138e-007
1060.039795	1.25246e-007
1060.422119	1.43138e-007
1060.753540	8.94615e-008
1060.932007	3.57846e-008
1061.212524	1.61031e-007
1061.697144	1.78923e-007
1062.003174	3.57846e-008
1062.105225	3.57846e-008
1062.207275	3.57846e-008
1062.309326	3.57846e-008
1062.411377	3.57846e-008
1062.513550	3.57846e-008
1062.615601	3.57846e-008
1062.717651	3.57846e-008
1062.819702	3.57846e-008
1062.921753	3.57846e-008
1063.023926	3.57846e-008
1063.125977	3.57846e-008
1063.228149	3.57846e-008
1063.559937	1.96815e-007
1064.121704	1.96815e-007
1064.581421	1.25246e-007
1065.168945	2.86277e-007
1065.833374	1.78923e-007
1066.523560	3.04169e-007
1067.034912	5.36769e-008
1067.341797	0.120525
1077.757080	0.0272947
1078.866211	0.200943
1079.601196	0.138962
1080.101807	0.0587757
1080.911621	0.0423787
1081.468384	0.0317512
1081.878784	0.00305388
1082.243286	4.59343e-005
1109.668091	0.000356246
1110.145752	0.0136279
1110.638428	0.0111973
1110.922729	0.000785402
1111.137573	4.57789e-005
1111.523682	0.00114931
1112.040527	0.00729724
1112.409546	0.00653688
1112.651978	1.74765e-005
1112.860962	5.48501e-006
1114.640747	0.00479246
1115.232300	0.0248063
1115.600464	0.0215522
1115.840820	0.000272295
1116.218628	5.49562e-005
1116.569580	0.0044453
1117.062256	0.00371377
1117.350342	0.000300437
1117.567749	1.6688e-005
1117.777222	6.72877e-007
1120.370483	0.120528
1122.442017	3.65546e-007
1124.699341	2.77815e-006
1127.905518	1.68151e-006
1129.168213	7.31091e-008
1129.273560	7.31091e-008
1130.326416	1.38907e-006
1131.748535	5.84873e-007
1132.512695	4.75209e-007
1133.118896	3.65546e-007
1133.619751	3.28991e-007
1134.727417	1.20641e-006
1136.574341	0.0368777
1138.909546	0.169521
1140.473145	0.185821
1141.339355	0.1406
1142.626221	0.0559429
1143.782837	1.04117
1146.783081	1.14605
1149.355957	0.822669
1151.087158	0.30545
1152.037231	0.145094
1152.682617	0.0456468
1153.341797	0.0864736
1154.003296	0.0780294
1154.583496	0.00604731
1154.960327	0.000300621
1155.399292	1.55599e-005
1155.930298	1.08758e-007
1156.169556	2.19553e-007
1156.515991	2.559e-007
1156.862183	2.19327e-007
1157.102051	1.09664e-007
1157.288452	1.46218e-007
1157.448364	7.31091e-008
1157.554932	7.31091e-008
1157.661499	7.31091e-008
1161.501953	5.19075e-006
1165.740723	0.00467476
1167.578125	0.207093
1169.568726	0.390108
1170.710571	0.219441
1171.806519	0.1424
1172.865723	0.0471153
1173.702515	0.00496831
1174.309448	8.63611e-005
1174.698853	0.120526
1197.496582	0.00479268
1198.109985	0.024807
1198.491699	0.0215528
1198.740845	0.000272389
1199.132690	5.50496e-005
1199.496582	0.00444549
1200.007446	0.00371392
1200.306152	0.00030053
1200.531616	1.62858e-005
1200.748779	7.47526e-007
1205.439941	0.00701189
1207.308716	0.310637
1209.313965	0.77274
1210.509521	0.456399
1211.622803	0.21499
1212.672974	0.0628593
1213.537476	0.00745144
1214.304199	0.00024445
1214.737183	1.0781e-006
1230.364014	0.155046
1231.007813	0.106556
1232.452148	0.0911699
1232.934692	0.00834836
1233.338989	0.000582627
1233.794312	2.96677e-005
1262.931519	0.0019352
1263.912598	0.0716596
1264.945068	0.120421
1265.548706	0.0779492
1266.177734	0.0405322
1267.000610	0.0325119
1267.525757	0.0173631
1268.133301	0.00521068
1269.354004	0.0487201
1270.294189	0.151352
1270.887085	0.0493878
1271.764404	0.149186
1272.376343	0.428349
1273.159546	0.418611
1273.977295	0.0245978
1274.590698	0.0895404
1275.584351	0.145699
1277.158569	0.067863
1277.806274	0.24312
1278.534668	0.230413
1279.475342	0.0500659
1279.937866	0.0633337
1280.608765	0.0275009
1281.056030	0.0497023
1281.463135	0.0447702
1281.725952	0.000109844
1282.507446	0.00889543
1283.036133	0.00742902
1283.345093	0.00060054
1283.578247	3.31034e-005
1283.802856	1.54991e-006
1285.307861	0.0019352
1286.297729	0.071999
1287.480835	0.709572
1290.203247	0.173657
1290.861694	0.166254
1291.471191	0.389816
1292.788574	0.0214461
1295.490967	0.476768
1298.680420	0.0395389
1300.425415	0.00139265
1301.632935	0.0355387
1302.686768	0.0759561
1303.279785	0.0563727
1303.941040	0.0263527
1304.720947	0.0210574
1305.296021	0.00749199
1305.720459	0.000307975
1307.141968	0.00145323
1308.711914	0.0276422
1309.946899	0.0442238
1310.737427	0.0641535
1311.185913	0.0385108
1312.435669	0.434506
1313.171265	0.232272
1313.721558	0.0743228
1314.201904	0.00852337
1314.676147	0.048809
1315.213379	0.0546862
1316.067627	0.338044
1321.910156	4.35577
1325.942871	1.21787
1326.592407	0.201483
1328.693604	0.224081
1329.834351	0.0156821
1332.481445	0.00320113
1336.043701	0.596013
1339.681274	0.00180707
1340.453247	0.132433
1341.560547	0.428614
1342.519165	0.107754
1343.443970	0.39089
1344.003662	0.575545
1344.603149	0.12846
1345.532227	0.13905
1346.126465	0.121688
1346.684204	0.0147422
1372.038086	0.00035647
1372.569702	0.0136276
1373.118164	0.0111971
1373.434570	0.000785542
1373.673828	4.58908e-005
1374.103516	0.00114956
1374.678833	0.00729699
1375.089722	0.00653663
1375.359497	1.73501e-005
1375.592163	5.35857e-006
1375.824707	1.48904e-008
1389.269897	0.0136962
1390.568115	0.0647476
1391.398071	0.0479152
1391.929321	0.0172524
1392.827759	0.026884
1393.489624	0.0178777
1393.955811	0.00159313
1394.369751	2.26325e-005
1394.755249	1.27425e-008
1426.319580	0.00233675
1428.353760	0.106096
1430.569580	0.282456
1431.796509	0.143199
1433.118164	0.0617861
1434.213623	0.0333363
1435.134399	0.00244716
1435.969971	7.81246e-005
1436.451050	4.84544e-007
1453.645752	0.0364111
1456.257202	0.515119
1457.784302	0.353349
1459.108643	0.106349
1460.219116	0.109305
1461.166260	0.056267
1461.812256	0.0384665
1462.483032	0.0203378
1463.367676	0.016343
1463.936401	0.00866443
1464.368652	0.00034537
1464.776855	1.18175e-005
1465.635742	5.15772e-006
1470.156982	1.13771
1503.822754	0.46852
1506.539429	0.186821
1507.832275	0.11477
1509.086548	0.0785927
1510.319702	0.0270095
1520.164917	0.395601
1530.046631	5.59962e-005
1564.514038	0.0152076
1568.636230	0.77626
1573.199951	2.02726
1576.112305	1.26605
1577.441772	0.118817
1578.342529	0.276283
1578.927002	0.0719974
1579.662720	0.0179697
1581.079712	0.101401
1582.993652	0.00839351
1584.460327	0.000129245
1584.992310	2.4035e-006
1585.803833	3.06504e-006
1591.227783	1.1659e-005
1592.117554	0.112913
1596.047852	0.0639688
1599.300415	0.00100433
1600.663574	7.71113e-006
1602.070313	9.04791e-006
1628.698730	0.00181494
1630.052246	0.0133613
1630.641968	0.0113707
1631.024292	0.0026538
1631.321167	1.00566e-005
1631.750610	0.00109728
1632.348755	0.00764768
1632.803345	0.00678209
1633.124512	9.90758e-005
1633.413818	2.1744e-005
1637.438843	0.483868
1646.743042	2.11706
1650.155029	1.57936
1651.932739	2.25974
1653.018066	0.688595
1655.141724	1.7756
1657.859741	0.275068
1658.760132	1.46218e-007
1658.536377	1.09664e-007
1659.239746	4.021e-007
1659.943115	4.021e-007
1660.486816	2.19327e-007
1660.934570	2.92437e-007
1661.478394	3.28991e-007
1662.150391	4.38655e-007
1662.758423	2.55882e-007
1663.270508	3.28991e-007
1663.878784	3.65546e-007
1664.423096	2.55882e-007
1664.903442	2.92437e-007
1665.319336	1.82237e-007
1666.013550	0.0070133
1668.213989	0.318293
1670.607056	0.804256
1671.932373	0.402517
1673.364136	0.184984
1674.554199	0.0984616
1675.548584	0.00734223
1676.452271	0.000232567
1676.972046	1.38443e-006
1677.504517	2.80819e-007
1677.931763	2.19685e-007
1678.253296	1.46224e-007
1678.510620	1.46218e-007
1678.703491	7.31091e-008
1678.864380	1.09664e-007
1679.089478	1.46218e-007
1680.279785	1.2063e-006
1681.567017	2.55882e-007
1682.178711	4.38655e-007
1682.790405	2.55882e-007
1683.080200	7.31091e-008
1683.208984	7.31091e-008
1683.531128	7.31091e-008
1683.370117	1.09664e-007
1683.756592	1.82773e-007
1684.110840	2.19327e-007
1684.465210	1.82773e-007
1684.815552	2.14521e-007
1685.321899	0.00289927
1686.457153	0.107287
1687.651855	0.179598
1688.356079	0.116126
1689.078613	0.0609604
1690.029663	0.0490329
1690.641357	0.0259932
1691.106445	0.00103604
1691.545532	3.49662e-005
1691.912964	2.27963e-007
1692.304321	1.46588e-007
1692.529053	1.09647e-007
1692.690552	7.31091e-008
1693.207275	5.11764e-007
1693.821045	1.82773e-007
1694.241089	2.92437e-007
1694.628784	1.46218e-007
1695.084595	3.71584e-007
1696.229004	0.0736298
1697.966431	0.382095
1698.893066	0.278885
1699.620850	0.152882
1700.472778	0.222816
1701.304932	0.175638
1702.031738	0.00346417
1702.495361	0.000334644
1702.927246	1.2902e-005
1703.388672	1.97635e-007
1703.689697	1.46342e-007
1703.916016	1.09658e-007
1704.207642	2.19327e-007
1705.342041	1.06008e-006
1706.541748	2.92437e-007
1707.132568	3.73373e-007
1707.700073	0.000742646
1708.292358	0.0266497
1708.895996	0.0228058
1709.287476	0.00535931
1710.036011	0.00204371
1710.645508	0.0151099
1711.109497	0.0137545
1711.437866	0.000143369
1711.734497	2.14467e-006
1711.994263	7.97955e-008
1712.449097	2.19327e-007
1712.968872	3.65546e-007
1713.488770	2.19327e-007
1713.748779	7.31091e-008
1714.008789	2.19327e-007
1714.431274	2.55882e-007
1714.821411	1.82773e-007
1715.374146	4.38655e-007
1716.089478	3.65546e-007
1716.544800	1.46218e-007
1716.772461	1.09664e-007
1717.260498	4.38655e-007
1717.715942	7.31091e-008
1718.008789	2.55882e-007
1718.757324	5.84873e-007
1719.505981	2.55882e-007
1719.994263	2.92437e-007
1720.482666	2.55882e-007
1721.036377	3.65546e-007
1721.557495	2.19327e-007
1722.050903	5.46554e-006
1724.168701	0.168534
1744.094116	0.00290003
1745.249146	0.108175
1746.463379	0.280033
1747.173584	0.170803
1747.904663	0.0420017
1748.939819	0.0349659
1749.477783	0.0129214
1749.979614	0.00102086
1750.426392	3.53181e-005
1750.893311	4.7933e-007
1789.426636	3.99175e-006
1792.213989	0.381112
1794.247070	3.02951
1797.215576	1.41132
1797.731323	2.18377
1799.894165	0.760674
1800.679810	0.142619
1801.198486	0.235992
1802.303955	0.0749056
1803.024536	0.0178238
1804.100586	0.0233502
1806.292603	0.00633574
1807.786011	0.000150284
1808.374268	2.74486e-006
1809.241333	3.47491e-006
1810.213867	1.99754e-007
1810.946167	1.96301e-007
1811.547485	1.25269e-007
1812.015503	1.25246e-007
1812.416748	8.94615e-008
1812.717651	7.15692e-008
1813.152344	1.61031e-007
1813.720825	1.43138e-007
1814.255981	1.43138e-007
1814.724365	1.07354e-007
1815.058960	7.15692e-008
1815.460449	1.43138e-007
1818.707764	1.59241e-006
1822.058594	1.96815e-007
1822.662109	1.25246e-007
1823.131592	1.25246e-007
1823.768677	2.14708e-007
1824.506714	1.78923e-007
1825.077026	1.25246e-007
1825.479614	8.94615e-008
1825.845947	1.05752e-007
1826.369507	0.00344437
1827.124756	0.0629326
1827.747192	0.0563908
1828.150146	0.00733813
1828.802734	0.0669846
1829.545410	0.0434675
1830.041626	0.0395052
1830.399414	0.00962606
1831.274536	0.016334
1831.878296	0.0040856
1833.216553	0.314932
1835.680664	0.864634
1836.941650	0.375147
1837.576294	0.0955573
1838.468872	0.238224
1839.376709	0.101844
1839.944702	0.0360756
1840.872314	0.0108574
1841.857666	0.000230663
1842.401978	2.08826e-006
1842.882935	1.50184e-007
1843.409058	1.07712e-007
1843.746582	7.15748e-008
1844.016357	7.15691e-008
1844.252441	5.36769e-008
1844.589844	1.25246e-007
1845.163330	1.78923e-007
1845.804443	1.61031e-007
1846.513062	2.14708e-007
1847.492065	3.04169e-007
1848.268555	1.07354e-007
1848.673828	1.07354e-007
1849.247925	1.96815e-007
1849.720825	5.36769e-008
1850.126221	1.61031e-007
1850.497925	3.57846e-008
1850.835815	1.43138e-007
1851.410278	1.61031e-007
1851.849976	7.17194e-008
1854.498779	0.156754
1860.318115	0.211961
1901.094727	0.0136388
1902.585815	0.129318
1903.513794	0.0888517
1904.218140	0.0245432
1905.308350	0.0296315
1906.020508	0.0262684
1906.587769	0.00158761
1907.073975	4.58497e-005
1928.111572	2.40731e-005
1929.548584	0.311192
1933.934204	0.305955
1936.943115	0.239718
1939.406860	0.291164
1940.751099	0.648605
1941.830811	0.490162
1942.463501	0.12892
1943.406982	0.268883
1944.327759	0.0541689
1944.907349	0.022034
1945.879272	0.0103802
1946.885376	0.000228869
1947.443848	1.9576e-006
1947.899048	1.9549e-008
1950.029907	0.0093508
1952.413696	0.414136
1954.995972	0.779957
1956.476807	0.438722
1957.898071	0.285583
1959.272461	0.0940863
1960.355713	0.00978115
1961.334351	0.000311065
1961.894165	2.05565e-006
1962.352661	2.78602e-008
1963.095337	0.00315549
1964.357300	0.107299
1965.648071	0.179654
1966.408813	0.116081
1967.188843	0.0612724
1968.216553	0.0487977
1968.875977	0.0257721
1969.378296	0.0017319
1975.669312	0.932989
1985.258545	4.52251
1990.108521	6.04476
1992.297485	0.356296
1994.200928	1.01504
1996.068970	5.14908
2000.746460	2.82056
2008.200317	0.00233852
2010.632446	0.126227
2013.128784	0.102174
2013.772583	0.0819962
2014.729126	0.226661
2016.210449	0.082946
2016.905273	0.0289171
2017.656494	0.0248142
2018.739990	0.0165917
2019.411865	0.00871203
2019.919800	0.000344959
2020.397583	1.10522e-005
2020.797729	1.45254e-008
2023.346802	0.014893
2028.040527	0.949766
2033.130005	1.07192
2034.720215	1.3794
2035.840210	1.56344
2036.373047	0.192053
2037.471558	0.521762
2039.128906	0.565155
2040.513306	0.0618956
2041.921509	0.0120818
2042.825684	4.63913e-005
2043.787231	0.000404095
2044.396362	7.68731e-006
2045.321899	9.71881e-006
2046.346191	1.44119e-006
2072.047607	1.14415e-005
2073.669678	2.21208
2075.655029	1.10018
2077.025635	0.550178
2078.807129	0.473377
2081.115723	0.561993
2082.668213	0.203624
2083.455322	0.189924
2084.166016	0.307183
2084.602051	0.0463065
2085.317627	0.0700558
2086.144531	0.353258
2087.272217	0.340534
2088.548828	0.0710779
2089.224854	0.070725
2090.023438	0.109107
2091.158936	0.0312789
2091.849121	0.0194169
2092.319824	0.00534011
2092.991943	0.0183857
2110.029297	0.0650003
2111.557373	0.0604782
2112.570068	0.0495923
2113.233154	0.0176301
2114.354492	0.0243792
2115.163330	0.0192219
2133.182617	1.56574
2143.526855	0.834053
2147.235840	0.180089
2147.961182	0.439968
2148.944580	0.449335
2150.012451	0.0239839
2150.784424	0.0974624
2151.911377	0.0930006
2153.276123	0.00935649
2156.892822	0.278238
2162.264160	1.08258
2165.265625	0.495124
2166.485840	0.147467
2168.162598	0.140542
2169.409668	0.051231
2171.376709	0.016646
2173.153076	0.000141613
2173.779785	3.0452e-006
2174.754395	3.88653e-006
2175.786133	6.10707e-007
2176.616211	5.44025e-007
2177.276611	3.46547e-007
2177.790283	3.46525e-007
2178.230713	2.47518e-007
2178.561035	1.98014e-007
2178.781250	9.90071e-008
2179.331787	6.43546e-007
2180.139648	4.45532e-007
2180.947510	6.43546e-007
2181.865723	5.94042e-007
2182.600342	3.96028e-007
2183.188232	3.96028e-007
2183.629150	1.98014e-007
2184.180420	5.44539e-007
2184.731689	1.98014e-007
2184.989014	1.48511e-007
2185.283203	2.47518e-007
2185.577148	1.48511e-007
2186.165527	2.47518e-007
2185.834717	1.98014e-007
2186.422852	9.90071e-008
2186.974609	6.43546e-007
2187.526123	9.90071e-008
2187.790283	2.65633e-007
2188.670898	0.0422984
2190.297119	0.225256
2191.370605	0.188132
2192.224854	0.0400116
2193.153564	0.077734
2194.089600	0.0687124
2194.903076	0.0057605
2195.519531	0.00545648
2199.089111	1.08551
2202.764404	0.264352
2203.495850	0.461686
2204.685059	3.62114
2208.261475	3.37565
2209.770752	0.180984
2210.665771	0.163078
2211.413818	0.0928244
2212.522461	0.0412787
2213.294678	0.0297
2213.728271	0.00195818
2215.591309	0.000570149
2216.234619	1.06957e-005
2217.407959	0.00490414
2220.138428	1.13071
2227.322021	0.123732
2228.217041	0.0194705
2228.731201	0.0217198
2230.251221	0.0128016
2230.802002	0.00643705
2246.731445	3.16813
2253.448242	0.0578901
2254.923584	0.478959
2255.987549	0.329983
2256.722168	0.127001
2257.891602	0.113324
2258.699951	0.0795514
2261.608154	3.12905
2279.505127	0.0257446
2280.179199	0.0214808
2280.632568	0.00471487
2281.017578	0.00530749
2282.197266	0.015261
2282.740967	0.0124841
2283.147461	0.0223166
2297.219727	0.102794
2299.100098	0.75808
2300.885010	0.147095
2302.606934	0.199781
2306.324219	5.56622
2310.533447	0.326485
2312.437256	1.38064
2314.081055	1.50353
2316.801758	0.0332433
2317.414551	0.0147975
2322.430176	4.66423
2326.881836	0.0723081
2332.219482	4.11726
2333.569580	0.082092
2334.312012	0.0670616
2336.840332	9.2834
2342.486084	4.17131
2349.607666	14.137
2356.565430	2.7412
2357.648438	1.89545
2358.503418	0.0338622
2359.183105	0.977816
2364.786865	204.562
2366.035889	247.647
2378.092285	33.1751
2380.981201	0.20595
2381.910645	0.144672
2387.526611	11.1672
2399.223389	1.83877
2400.103516	0.05032
2402.657471	0.485811
2403.722412	0.0836935
2405.731445	0.345199
2406.900391	0.214365
2407.816895	0.110791
2408.823486	0.127282
2409.817383	0.104208
2414.413818	10.2999
2430.126221	0.922644
2438.535645	10.0107
2444.351074	0.0230876
2445.529541	2.31206
2446.407471	3.34927
2448.250977	0.113043
2451.273193	5.53078
2456.542969	1.12447
2458.739746	1.25317
2459.889648	0.507557
2462.025146	0.246161
2462.854980	0.139993
2465.764893	1.58515
2474.023438	0.110326
2474.831543	0.0722526
2475.756836	0.0172283
2476.969727	0.00722875
2477.874023	0.152234
2495.653809	0.601853
2504.488525	2.79258
2511.395996	2.79217
2516.942627	1.50885
2520.145996	0.0389315
2521.301270	0.126963
2522.415283	0.0961767
2523.139404	0.0358534
2524.351807	0.0518886
2525.245605	0.0357066
2525.881836	0.00303444
2528.497314	0.309049
2534.245361	0.97698
2538.185547	0.022678
2538.771240	8.5253e-008
2539.167969	3.6537e-008
2539.485352	6.0895e-008
2540.120117	1.33969e-007
2540.913818	1.09611e-007
2541.747314	1.46148e-007
2542.581055	1.09611e-007
2543.216309	8.5253e-008
2543.851563	1.09611e-007
2544.288330	2.4358e-008
2544.447266	2.4358e-008
2545.003174	1.46148e-007
2545.599121	3.6537e-008
2546.195068	1.46148e-007
2546.751221	2.4358e-008
2547.426758	1.82685e-007
2548.261230	7.3074e-008
2548.897217	1.2179e-007
2549.771729	1.46148e-007
2550.447754	6.0895e-008
2550.726074	2.4358e-008
2551.322510	1.58327e-007
2551.919189	2.4358e-008
2552.157959	4.8716e-008
2552.714844	1.2179e-007
2553.351318	7.3074e-008
2553.828613	7.3074e-008
2554.345947	8.5253e-008
2554.982666	1.09611e-007
2555.778809	1.33969e-007
2556.654541	1.33969e-007
2557.570313	1.46148e-007
2558.326904	8.5253e-008
2559.083740	1.46148e-007
2560.278809	2.19222e-007
2561.314697	9.7432e-008
2561.992188	1.09611e-007
2563.028564	2.07043e-007
2564.104736	1.2179e-007
2564.663086	4.8716e-008
2564.942139	3.6537e-008
2565.261230	6.0895e-008
2565.620117	4.8716e-008
2566.019043	7.3074e-008
2566.657227	1.2179e-007
2567.215820	4.8716e-008
2568.013672	1.94864e-007
2569.290771	1.94864e-007
2570.488281	1.70506e-007
2571.286621	7.3074e-008
2571.845703	9.7432e-008
2572.444580	8.5253e-008
2573.123535	1.2179e-007
2573.802734	8.5253e-008
2574.481934	1.2179e-007
2575.281006	1.2179e-007
2575.920410	7.3074e-008
2576.559814	1.2179e-007
2577.239258	8.5253e-008
2578.078857	1.70506e-007
2578.878418	7.3074e-008
2579.518311	1.2179e-007
2580.516602	4.82462e-007
2580.158203	7.3074e-008
2580.946777	0.00111315
2581.677246	0.0399747
2582.421387	0.0342088
2582.904053	0.00803907
2583.827148	0.00306523
2584.578613	0.022665
2585.150635	0.0206318
2585.555420	0.000215139
2585.921143	2.80797e-006
2586.642090	2.4358e-008
2587.162598	1.33969e-007
2587.763428	4.8716e-008
2588.043945	3.6537e-008
2588.444580	8.5253e-008
2588.965332	7.3074e-008
2589.806885	1.82685e-007
2590.848877	1.33969e-007
2591.490234	6.0895e-008
2591.850830	4.8716e-008
2592.412109	1.2179e-007
2593.174072	1.09611e-007
2593.895996	1.09611e-007
2594.898682	1.94864e-007
2595.901611	1.09611e-007
2596.543457	8.5253e-008
2597.185547	1.09611e-007
2598.068604	1.58327e-007
2599.072021	1.46148e-007
2599.794678	7.3074e-008
2600.396973	1.09611e-007
2600.838867	2.4358e-008
2600.999512	2.4358e-008
2601.160156	2.4358e-008
2601.561768	9.7432e-008
2602.606201	2.19222e-007
2603.932129	1.82685e-007
2605.177979	1.94864e-007
2606.424072	1.82685e-007
2607.670654	1.94864e-007
2608.997803	2.07043e-007
2610.526611	2.55759e-007
2611.773926	1.2179e-007
2612.297119	3.6537e-008
2613.062012	1.94864e-007
2614.511475	2.4358e-007
2615.638916	9.7432e-008
2616.283447	9.7432e-008
2617.296631	3.29688e-005
2619.603027	0.887375
2621.391846	0.160807
2622.095703	0.216257
2623.170410	0.337928
2625.104248	0.145327
2626.755127	0.434427
2632.534424	0.822702
2637.716797	1.16982
2639.263184	2.91485
2641.004883	1.57711
2641.693115	0.115019
2642.779297	0.723289
2644.434814	0.700159
2645.315430	0.0403362
2646.004150	0.0574992
2647.568848	3.14259
2653.782715	0.431143
2656.680664	1.61046
2658.322021	1.40697
2659.030029	0.00250563
2659.765625	0.753251
2662.071289	1.3226
2670.057861	5.59706
2676.536621	1.45768
2678.160156	1.65934
2679.558105	0.937038
2681.496826	0.125871
2685.220947	0.959217
2685.877930	0.0953477
2686.473633	0.0325599
2687.053955	0.129787
2688.500977	0.0646975
2689.466064	0.657992
2693.520996	0.989217
2694.459961	0.270515
2696.536377	0.0172771
2699.189941	0.252992
2704.421143	0.610072
2705.881836	1.42093
2708.704834	0.932489
2710.494141	1.68669
2711.854492	0.644302
2713.218262	0.0269679
2714.114990	1.38188
2725.022461	2.7164
2727.536865	0.171622
2728.667480	2.93771
2731.688965	6.39406
2736.499268	0.407957
2738.241943	3.64021
2739.391602	0.130291
2740.524414	1.51403
2745.077393	105.865
2752.465576	17.0012
2753.841553	0.397548
2757.178711	4.11713
2759.330811	0.654065
2764.428711	3.15986
2770.375732	0.644235
2777.254639	2.90879
2786.449463	0.609905
2789.076904	2.24582
2791.984619	0.300348
2799.283936	18.893
2808.511475	9.57512
2809.561279	8.80517
2815.854248	11.5917
2821.105469	1.62068
2834.590576	4.97723
2849.069580	5.25721
2860.019287	1.96244
2861.613037	0.148196
2863.099365	0.21006
2864.045166	0.108345
2865.003662	0.0624392
2866.221924	0.0459627
2866.961914	0.0172417
2870.487305	0.959805
2871.468262	1.11369
2872.909180	0.855907
2874.889404	0.373333
2876.360352	0.257887
2878.524414	0.385872
2887.135254	0.0929898
2890.104004	0.187532
2891.916016	0.118367
2893.725098	0.0935434
2899.365967	1.85254
2906.404297	0.247239
2907.691650	0.162528
2908.643799	0.0333832
2909.728271	0.0866254
2910.840576	0.0686612
2917.442139	5.96172
2920.089111	1.06619
2920.843994	1.99199
2925.009521	4.45538
2929.240479	3.30615
2930.803711	2.4684
2933.247070	3.54942
2934.524902	4.55905
2940.578857	14.9029
2947.873047	16.4773
2953.462402	1.31142
2954.269287	0.360241
2956.544434	0.0116152
2960.307617	1.5749
2963.656250	1.15158
2968.781006	0.0118088
2969.457764	0.0367541
2971.328857	5.22275
2975.089600	5.48554
2978.658936	4.34134
2980.104004	0.0689505
2980.791260	0.47564
2982.548828	1.36844
2984.203369	0.559437
2986.198975	0.252422
2987.359131	0.127795
2989.830566	0.281944
2990.525879	0.323094
2991.749268	0.543417
2993.403809	0.633238
2994.862549	1.08805
2996.786865	0.362283
2997.966553	0.132474
2998.898682	0.215296
3000.037598	0.131691
3001.043701	0.0898152
3002.400391	2.2625
3007.266602	0.694592
3008.447754	0.508643
3009.390381	0.128224
3010.720459	0.275133
3012.968018	1.89989
3015.842529	0.00569545
3017.976807	1.99129
3018.661133	0.392508
3019.597412	0.409376
3020.489746	2.50388
3022.763184	0.521055
3024.199463	1.65626
3030.318359	2.07579
3034.731934	14.2309
3037.737305	4.523
3039.073242	3.8205
3040.916260	0.273677
3042.120117	0.153093
3046.928711	4.10017
3057.151123	0.407107
3059.426270	0.0406266
3060.791504	0.0865468
3061.496582	0.0992456
3062.982178	0.0361349
3063.732422	0.0613997
3064.284912	0.104186
3064.853027	0.287548
3065.812744	0.032275
3067.274414	0.121815
3068.116455	0.336542
3070.392334	0.708179
3071.566162	1.49653
3073.037354	0.139161
3073.622803	0.289477
3074.782227	0.379828
3075.845459	0.169724
3076.379150	0.120073
3077.109131	0.0909384
3077.979248	0.0872511
3078.789551	0.00159457
3080.268555	0.312224
3082.214355	0.279588
3084.140625	0.231718
3087.024902	0.380647
3090.109375	0.766592
3091.987793	0.476302
3093.864258	6.30078
3099.948242	3.59114
3103.109375	7.82356
3103.960693	7.42701
3106.122803	0.167425
3107.473877	0.206649
3109.843018	1.19975
3113.421631	1.43811
3114.369385	0.474844
3115.214600	0.269158
3116.569092	0.149473
3117.367920	0.0171872
3118.331299	0.0479873
3119.338135	0.0557288
3120.539307	0.0697726
3121.581543	0.0172155
3124.727051	0.238334
3138.998047	2.11548
3141.969971	0.91996
3144.747559	0.332884
3146.049805	0.124321
3147.741699	0.211611
3149.562500	0.355828
3151.086426	2.25209
3153.016357	1.49893
3154.851074	0.674006
3159.302734	7.9701
3160.555908	8.92612
3163.930664	0.415958
3165.229248	0.298167
3165.958740	0.230339
3167.614990	0.447593
3170.663086	1.38428
3172.408203	1.26983
3174.091797	0.907474
3175.848389	0.252462
3178.455566	0.882303
3179.608643	1.42463
3184.398438	5.55468
3187.131104	0.179862
3188.608643	5.11806
3190.217285	0.811562
3192.680176	5.3021
3196.148926	8.25535
3200.071533	16.1232
3205.789063	6.98097
3219.198730	2.25522
3223.185791	2.11401
3225.404785	0.782126
3227.052246	0.376922
3228.944824	1.0563
3230.596680	1.06979
3231.918945	0.337612
3232.665527	0.291355
3233.853516	2.2151
3239.095947	2.65088
3245.637695	5.01261
3251.515381	2.70209
3253.559326	0.323616
3254.806885	0.197055
3255.505371	0.10803
3256.158936	0.015435
3257.151611	0.263237
3258.504639	2.36192
3268.586182	3.79211
3271.976563	0.314366
3273.735107	0.362824
3275.611572	0.236048
3277.277832	0.568192
3280.665283	0.145978
3281.498535	0.253618
3282.601074	0.434605
3283.607910	0.44795
3284.687500	1.00797
3285.762451	1.4237
3286.691162	0.502621
3287.909912	0.452753
3288.849365	0.102213
3291.229248	0.0128079
3291.954346	0.0108377
3292.619385	0.00175398
3295.722412	0.199274
3297.041260	0.11125
3298.065674	0.0984069
3302.208740	9.75864
3308.960938	4.71163
3309.882324	3.29117
3313.875977	0.631
3314.860596	0.142236
3315.571289	1.48732
3322.604004	2.27085
3325.911377	0.904782
3327.841553	0.270902
3330.524658	2.21735
3334.566406	2.00954
3338.724854	7.96393
3342.769531	1.71144
3344.102295	2.27206
3346.087891	5.41293
3347.569580	8.24112
3351.714844	1.14106
3353.175781	1.83409
3354.866943	0.770552
3357.614502	2.33124
3359.571289	2.62631
3361.461426	1.6527
3363.202637	1.2572
3364.944336	0.191689
3375.673584	6.3444
3378.738770	0.201401
3380.943359	0.542476
3382.242920	0.673378
3386.844238	3.13746
3390.747559	3.45922
3392.019531	1.42645
3394.197021	0.128632
3396.722412	8.59845
3400.565674	7.50195
3402.013428	3.41845
3404.445313	1.3055
3407.230957	1.73785
3410.608887	0.274551
3413.487061	0.795823
3415.108643	0.241175
3417.441650	0.214238
3419.962646	1.39963
3428.324951	2.5014
3432.949951	4.56396
3436.704590	5.39902
3437.991211	1.84378
3441.198730	3.51776
3445.279541	0.241093
3448.724609	0.187639
3450.650146	0.192739
3451.376953	0.223277
3452.587402	0.295714
3453.075195	0.0535647
3454.684570	2.82721
3460.439941	3.46718
3463.496338	0.22084
3464.508301	0.42984
3467.205566	1.66339
3469.289063	1.3125
3471.167480	0.45139
3472.401611	0.342611
3473.751709	0.533373
3475.634277	0.03123
3478.368652	3.37598
3482.286133	4.72442
3484.643799	2.85098
3486.473145	4.49953
3489.065430	1.83472
3489.762695	0.169874
3490.908447	1.30416
3493.431641	2.33624
3500.410889	0.501827
3501.705322	0.150194
3503.220947	1.26282
3506.740723	0.817045
3509.297363	1.5529
3512.361084	0.0987937
3514.077881	2.17208
3517.276123	0.175168
3520.825684	3.21976
3525.314697	5.83229
3529.379883	1.08697
3530.648193	0.221477
3531.546875	0.12259
3532.710693	0.0645215
3534.099609	0.0659509
3535.759766	0.817309
3538.560547	0.115167
3539.522949	0.312391
3540.632080	0.632594
3541.501465	4.28936
3544.472900	4.935
3545.729736	3.03737
3547.991455	0.536134
3548.878662	0.69408
3552.425293	0.423253
3557.625000	1.22255
3561.460449	1.00695
3563.303711	1.79878
3571.090332	1.07098
3572.802002	0.143488
3574.527344	0.205722
3576.375000	0.0375844
3578.689453	2.56067
3587.936523	2.75637
3590.189941	3.89031
3591.981689	1.48539
3594.052002	0.306151
3597.438721	2.46991
3599.374512	0.561053
3602.113525	0.667865
3603.182373	0.985767
3604.695801	0.607446
3606.978760	2.56692
3608.096680	1.41556
3613.146973	0.0612107
3614.316895	0.0409252
3615.392090	0.0236496
3616.686279	0.0174509
3617.586426	0.00244338
3621.733887	0.341521
3623.187500	0.157937
3624.222412	0.103915
3625.608887	0.177143
3626.917480	0.188593
3628.971191	9.23014
3638.152588	6.09822
3640.331055	19.7551
3645.221924	12.36
3648.437256	1.48772
3653.673828	2.96882
3668.374023	10.9072
3670.660400	1.37527
3671.935303	0.7117
3672.762695	0.34351
3674.286377	0.482281
3675.880127	16.0161
3682.540283	1.00121
3685.231201	3.15814
3686.910645	2.96284
3688.801025	25.8733
3697.828125	16.5117
3701.189941	0.14509
3703.648926	4.20509
3712.394287	0.224567
3715.709717	0.440306
3717.566162	0.439453
3719.076904	0.385425
3719.886230	0.168421
3721.195557	0.188479
3723.296631	10.0499
3725.838623	6.86634
3727.855225	2.35195
3730.538086	5.20165
3737.389648	0.376711
3738.958008	0.688978
3739.955811	0.438971
3741.475830	0.16954
3742.511719	0.341285
3746.801758	3.59146
3747.599121	0.00707653
3749.220215	0.479766
3750.798096	0.216207
3753.896973	6.42462
3761.622803	0.198496
3763.372803	1.00605
3765.925537	0.0793463
3766.968994	0.514112
3768.517822	1.95507
3770.445313	0.0961756
3772.410645	2.47782
3775.284180	0.777176
3776.765869	1.01273
3777.552002	0.091677
3778.866211	0.629603
3780.178711	0.123996
3783.528320	6.273
3789.041504	9.07604
3795.115479	5.0423
3798.475830	0.694673
3800.229980	0.377953
3802.025635	0.0515584
3802.755859	0.0742715
3805.789063	2.20873
3807.355957	1.80846
3808.897949	0.97578
3809.833740	0.289339
3811.113525	0.615053
3812.465088	0.356194
3813.505127	2.5372
3817.894287	11.656
3821.786377	4.31862
3822.605469	2.8896
3825.309814	0.321672
3826.406494	0.475357
3829.314209	0.0110734
3830.584229	0.21496
3832.219727	1.41701
3834.114990	7.41312
3839.028076	20.1155
3842.979248	6.08168
3844.250000	0.692661
3846.297607	1.68829
3847.766602	3.0469
3850.175781	21.2653
3873.190186	24.9811
3875.392334	1.19103
3877.618896	1.78788
3879.625488	1.4627
3881.333252	2.05308
3883.226074	1.9143
3885.091797	1.35701
3886.919434	3.62684
3890.463379	0.0855363
3892.176025	4.54496
3896.611328	6.0848
3900.427490	6.52456
3902.547852	3.62188
3904.803467	2.01093
3906.296143	1.18221
3907.158203	0.455739
3908.107910	0.415324
3909.835205	0.68087
3911.152832	8.5184
3914.483887	14.8288
3918.335205	4.52135
3925.938477	4.92123
3927.197754	1.05474
3928.475830	1.39744
3929.378418	0.618427
3930.837891	0.431873
3932.558838	1.20086
3934.365967	12.516
3937.915771	6.11484
3939.724121	1.6609
3941.880371	1.59629
3943.373291	0.787197
3944.037109	0.0798063
3945.379150	1.24453
3948.828613	1.46386
3949.983398	3.97282
3953.015381	0.0395083
3954.853027	4.1378
3956.901611	0.481414
3958.629150	0.489728
3959.628418	0.797413
3961.723389	0.418471
3963.680664	0.206506
3965.007324	3.57928
3967.372070	4.42304
3969.494873	1.10847
3971.297363	1.00094
3972.757813	0.727432
3975.240234	5.61137
3979.374512	2.09383
3981.135010	0.416556
3982.642334	0.92289
3984.023926	0.823184
3985.148193	0.500503
3986.369629	0.215974
3987.415527	0.182353
3988.437500	0.0597015
3989.645996	0.0295601
3990.980225	0.169208
3991.926758	0.327293
3995.493652	4.61624
4000.208984	7.45786
4006.079346	4.6719
4010.927734	7.51043
4016.623779	9.43068
4021.198975	4.29125
4022.636719	0.854649
4025.486816	2.35777
4026.553711	0.246739
4028.413330	1.5522
4031.125244	1.95275
4032.395264	0.201935
4033.284912	0.232186
4035.082764	0.351503
4036.052002	0.0635737
4036.994629	0.02486
4037.955322	0.0280974
4038.832275	0.0226231
4043.224854	7.1205
4049.199707	1.54094
4051.320313	9.34503
4054.976318	2.75791
4056.724609	1.07275
4058.912598	1.42894
4062.087646	2.8091
4064.063477	1.70549
4064.956787	0.183251
4066.230713	1.0605
4067.819092	0.439177
4069.098877	3.86257
4083.657227	1.66548
4085.411865	0.374961
4086.868164	3.23802
4088.933105	2.29763
4091.053223	1.13881
4092.677490	0.274137
4093.998535	3.64932
4095.987793	7.12757
4097.807617	1.32449
4099.374512	2.25076
4100.534668	4.48483
4103.989258	6.15198
4106.103516	1.63254
4107.620117	0.756698
4108.576172	0.66534
4110.073730	0.67202
4111.212891	7.33589
4118.749023	7.38415
4120.196289	0.707619
4121.690918	3.76303
4122.967773	1.43405
4123.931152	7.12161
4128.590820	8.06432
4132.616211	1.23593
4135.477539	0.488531
4137.289551	0.959773
4139.609375	10.6904
4143.099609	1.2798
4144.956543	5.62032
4146.692383	2.67448
4148.882813	2.00663
4150.638672	1.41391
4154.294922	8.2304
4157.549316	0.125116
4159.849121	3.89763
4166.825684	3.80852
4170.331543	6.53506
4171.814453	0.56271
4173.431152	1.86708
4174.709473	0.594446
4176.057617	5.77647
4179.731445	9.62727
4183.919922	0.991661
4184.764160	0.649315
4190.556641	536.923
4202.552734	18.7963
4204.724121	4.85102
4206.806152	3.19902
4208.285645	2.72994
4210.135742	5.25369
4212.066406	3.72029
4214.116211	14.5534
4225.324219	7.52089
4227.653809	5.10164
4229.787109	10.9311
4233.303223	4.90499
4235.290527	13.4458
4237.202148	4.14075
4239.395020	23.747
4253.457520	11.5559
4255.062988	4.53899
4257.310547	2.37081
4258.979980	39.9773
4266.561035	1.89592
4269.069336	16.1883
4271.603027	0.505093
4274.509766	1.52284
4275.813477	10.1942
4282.928711	5.57556
4284.143555	0.105601
4285.455078	0.640579
4288.158203	2.68343
4289.991211	4.97712
4292.083008	8.20101
4297.430176	19.0342
4299.316895	3.42511
4301.122070	3.3903
4303.522461	0.705914
4305.420898	5.34505
4309.894531	3.28521
4313.512207	0.497616
4314.733887	0.528936
4315.610840	0.243001
4317.163086	0.380198
4318.408203	0.792941
4322.314453	2.37094
4324.680664	1.86637
4327.714844	1.54202
4329.151367	0.320501
4331.196777	0.990936
4333.156250	6.0006
4336.013184	7.64167
4338.088379	0.54687
4340.543945	1.43808
4343.229004	0.247101
4344.771973	0.260715
4346.331543	0.0874295
4347.446289	0.148092
4348.626465	0.15103
4350.666016	5.95177
4357.461914	3.63011
4359.864258	22.4479
4364.987793	2.0691
4366.463379	1.08037
4367.566406	0.263151
4368.586914	0.849237
4370.117188	0.717891
4378.020508	6.41467
4381.816895	0.846516
4382.530273	0.0554686
4383.593750	2.21561
4385.720215	0.94794
4387.720703	0.843385
4389.400879	0.0780318
4390.746094	1.70498
4393.627441	0.528928
4396.085938	0.95664
4399.365234	1.64059
4400.490234	0.520695
4401.911133	8.17421
4409.013184	4.55413
4411.153320	0.928723
4413.189453	0.64251
4415.085449	0.445716
4416.656738	0.186666
4418.978516	0.45678
4420.666504	4.30716
4423.492676	4.85001
4424.453613	0.25937
4425.714355	1.63552
4427.338867	0.687161
4429.713867	2.73271
4434.903809	2.44109
4438.033203	10.1151
4447.094238	8.33706
4448.791504	0.42957
4449.875488	0.378851
4451.145020	0.335292
4452.095703	2.94389
4456.090332	2.77053
4457.660645	1.17194
4460.181152	0.479454
4462.535645	0.575338
4464.300293	0.733305
4465.949219	2.10967
4468.254395	1.27082
4470.586914	1.85528
4472.329102	0.793169
4474.215332	7.73406
4478.813477	0.049118
4479.990723	0.215433
4482.519043	6.51236
4490.749512	44.7607
4493.617676	2.84184
4495.038086	1.53423
4496.166992	13.067
4502.725098	5.10298
4506.666504	20.1838
4508.232910	19.4363
4514.619141	9.52009
4516.263184	1.82611
4517.835938	0.0978059
4519.545410	31.7023
4529.318848	33.668
4533.499512	3.48493
4535.780762	1.6466
4537.999023	0.774198
4540.667969	1.44253
4544.054688	0.596691
4547.498047	6.32853
4553.053711	6.7397
4559.936523	3.465
4562.089355	3.68275
4564.593750	3.62995
4567.088379	2.19341
4569.056152	1.03641
4570.786621	0.62153
4572.154785	0.635303
4573.430664	0.18036
4574.734375	0.449643
4576.160156	0.330349
4578.261719	0.285059
4581.334961	2.35883
4582.956055	0.166819
4584.031250	0.0366049
4585.478027	1.02922
4586.459961	1.24233
4589.123047	1.70061
4598.598633	12.2184
4600.218750	11.1356
4607.519531	12.6562
4611.213379	3.51212
4613.355957	6.48333
4614.430664	0.909327
4615.623535	0.427748
4616.670898	0.699656
4618.409180	1.64864
4620.048828	3.41251
4622.275879	1.17829
4625.046387	15.9517
4629.939453	5.74878
4631.817871	0.795133
4634.153320	0.609741
4635.992676	0.149782
4639.535156	0.420843
4641.375000	0.6464
4645.335938	7.47121
4651.404297	6.91168
4655.347656	3.5042
4656.646973	4.51114
4659.095215	0.139016
4660.445313	0.0935771
4661.214355	0.863019
4664.890625	0.200189
4671.174316	10.2645
4673.117676	0.562747
4674.852051	9.02216
4675.996582	6.68157
4679.798340	3.15281
4681.856934	1.27924
4684.003906	1.07343
4686.614258	4.13525
4691.799805	5.74004
4694.706055	12.282
4699.427246	8.38084
4700.412598	14.1565
4703.256348	0.182847
4704.014648	1.74305
4706.708984	1.40856
4708.202637	1.04489
4710.932617	0.39371
4712.152344	0.334857
4713.554199	1.10436
4715.002930	0.467509
4716.405762	0.788609
4717.758789	7.31148
4724.490723	17.7001
4725.890137	9.01694
4730.040039	7.504
4732.368164	1.372
4734.104004	0.317012
4735.162598	1.78238
4741.999023	26.185
4745.008301	63.6273
4753.272461	12.372
4754.546875	0.6234
4756.181152	3.85336
4758.462891	0.812384
4760.208496	0.646254
4762.636719	1.98159
4767.520020	10.593
4768.706055	1.87248
4769.677246	13.8364
4772.747559	3.73493
4774.438477	28.7795
4788.201660	635.297
4798.701172	1.67965
4806.138672	62.3789
4809.206055	9.9068
4810.414551	19.749
4812.971680	0.56953
4816.817383	11.9761
4819.825684	3.59666
4823.984863	22.0119
4825.308105	17.1585
4828.994629	58.7155
4841.062012	52.8007
4844.013184	0.930695
4846.158691	8.64713
4849.641602	16.4431
4851.113770	27.3035
4862.746582	6.98048
4864.237305	1.28286
4866.978027	5.02424
4868.113770	3.59245
4871.092773	0.967782
4873.221680	9.30527
4880.764648	32.0813
4885.866211	7.71899
4886.981445	3.20772
4888.837891	10.5794
4894.209961	7.57732
4898.159668	2.46109
4903.557617	4.54314
4905.038574	0.671684
4906.020996	0.118035
4907.878418	0.271758
4909.296875	8.67317
4914.576660	3.66494
4916.649414	7.5452
4918.496094	5.88473
4920.966797	1.18794
4922.209473	1.2258
4923.973633	3.26169
4925.256348	0.455997
4926.416016	2.3193
4928.333496	3.73887
4930.645020	5.02122
4932.997559	1.78355
4936.017090	0.784989
4937.842285	2.58273
4939.090332	1.99754
4940.612793	14.5837
4947.890137	23.1575
4951.696777	3.0257
4953.246094	1.86352
4956.250488	1.01077
4958.436035	13.8606
4966.992188	0.356544
4968.326172	0.551683
4970.981934	3.36461
4973.590820	5.89359
4975.447266	0.818713
4978.039063	0.118062
4980.153320	7.3547
4985.804199	0.327397
4987.143066	0.330528
4989.619629	2.06708
4990.907227	1.57567
4992.566895	16.1265
4998.558105	1.34087
4999.997070	1.10024
5001.102539	0.834094
5002.881836	1.30846
5005.408203	1.60071
5008.860840	0.261874
5010.417480	0.944609
5013.434082	0.758234
5015.335938	0.331536
5016.187500	0.102399
5017.682129	0.906596
5021.111816	0.638819
5023.148438	3.92259
5029.711426	12.788
5031.300293	1.06074
5032.813965	8.75692
5035.573730	15.7788
5038.759766	1.55423
5040.243164	9.81789
5042.664551	0.96389
5044.286621	1.33213
5046.626953	0.369701
5050.717285	4.24473
5052.806641	4.43454
5057.008789	2.59162
5060.392090	1.27105
5064.353027	15.5503
5069.835449	6.12291
5071.136230	0.873885
5073.801270	7.76746
5084.416992	1.06102
5090.039063	6.24443
5091.772461	0.323078
5092.839355	0.182928
5094.579102	0.184327
5095.677246	0.0832672
5097.146484	2.58
5104.407227	0.922853
5107.518555	1.97572
5109.410156	1.59874
5110.480469	0.293638
5111.750488	1.2044
5113.400391	0.0488481
5115.384766	1.43399
5122.092285	3.7243
5123.312988	0.183348
5125.880859	23.0419
5133.620117	12.5822
5150.294922	64.1653
5151.383301	2.4972
5152.916016	4.40377
5154.731934	7.51165
5157.414063	17.6914
5168.013672	182.746
5171.468750	28.4771
5175.339355	0.18461
5178.651367	4.27964
5180.662598	2.3326
5182.213379	0.110656
5183.945313	1.60164
5185.993652	24.457
5189.311035	2.1066
5191.343262	3.16466
5193.222168	0.307434
5194.931152	0.491723
5196.793945	7.17615
5202.354980	13.3619
5206.902344	1.99876
5208.594727	2.77906
5211.020020	0.0195146
5214.016113	7.16985
5218.640625	1.872
5222.280273	3.18677
5226.156738	2.42972
5229.522949	2.20622
5230.647461	0.0617233
5232.226563	2.18732
5234.951172	2.44749
5236.489746	0.422366
5237.626465	0.695355
5238.856934	0.185289
5240.551270	0.64277
5243.015137	1.41183
5244.931641	2.09547
5247.444336	3.34309
5249.569824	5.25785
5253.225098	12.1267
5257.444824	0.830461
5259.656738	5.4866
5261.330078	4.48193
5262.417480	3.20431
5264.201172	1.29238
5265.266602	1.40344
5268.418457	4.84336
5269.556152	36.1729
5279.756348	2.26907
5285.217285	2.6969
5287.058594	0.562433
5288.223633	0.574215
5289.497070	0.531409
5291.170898	0.177178
5293.242188	0.369421
5297.674805	6.41961
5300.155762	1.9096
5301.667480	3.12187
5302.519531	2.58981
5304.357422	1.05298
5305.503906	0.0896213
5308.908203	5.3789
5313.981445	0.0500684
5316.080078	1.304
5319.829590	0.121387
5321.922852	0.695746
5322.958984	0.455444
5324.791016	0.0693712
5326.298340	0.299655
5328.453613	3.15185
5334.027344	3.24134
5336.300293	1.86398
5338.834473	3.31275
5345.373047	26.1847
5348.311035	8.34052
5350.586914	8.59314
5352.738281	10.4321
5354.790527	4.86895
5357.208496	3.34191
5359.152344	3.40452
5362.158691	0.621347
5364.789063	1.01052
5367.393555	3.44165
5372.252930	0.300655
5374.051758	0.0468888
5377.506836	0.504165
5382.678223	4.71754
5387.089355	3.56138
5389.258789	3.07844
5390.217285	0.76084
5391.905273	1.48546
5393.460449	0.321948
5394.545410	1.4978
5396.064941	3.37735
5398.916992	0.73431
5400.371582	0.927797
5402.987305	0.250665
5404.414063	1.09821
5407.066895	13.328
5410.770508	12.4712
5415.977051	8.11191
5417.945313	4.49701
5420.201660	2.39123
5422.295410	2.606
5425.937500	3.28375
5428.782227	4.02939
5431.322266	2.17602
5434.062012	1.18573
5436.371094	1.64167
5442.916016	0.711836
5449.301758	7.95564
5453.417480	0.0554945
5454.704590	0.897887
5456.250977	0.560271
5457.907715	0.0679134
5459.088867	0.612038
5461.542969	0.21636
5463.577637	1.21238
5465.315918	0.541647
5469.559570	12.5306
5472.741211	2.23059
5474.784668	9.06637
5478.354004	2.40574
5480.765625	12.2571
5494.844727	129.422
5506.199219	48.5564
5509.373535	4.72759
5513.472656	9.17753
5516.418945	5.16344
5518.676758	1.5865
5521.811035	2.70378
5523.504395	0.905349
5525.018555	0.343799
5526.382324	0.587309
5527.957520	0.357804
5529.317383	2.01003
5531.985840	0.302473
5533.339355	0.696839
5534.863770	2.75639
5535.952148	1.46625
5537.538086	0.676999
5538.767090	0.688523
5540.645996	2.95838
5541.639648	6.34633
5546.788086	6.00189
5551.016113	3.68727
5552.913574	4.48328
5555.281738	1.20691
5556.986816	9.11247
5559.477051	2.09463
5561.544434	12.5122
5568.921875	13.2124
5572.283691	0.576864
5573.605469	0.20258
5575.294922	4.42775
5576.623535	10.7454
5579.402344	4.87043
5581.039063	15.4621
5584.355957	0.0280296
5588.728027	29.0611
5593.185059	14.6107
5594.831055	5.70244
5598.288086	2.66455
5600.338867	1.31597
5601.095215	1.20458
5604.208008	26.2685
5605.642090	11.025
5608.537109	13.5217
5612.159668	7.8832
5615.005371	0.52733
5625.022461	428.258
5628.920898	53.4361
5633.194824	0.265126
5635.820801	29.2535
5642.969727	5.69147
5645.937988	16.693
5647.398926	18.4246
5651.891602	0.309407
5653.952148	1.21802
5660.723145	35.6854
5664.465332	4.49855
5666.544922	20.5936
5671.661133	0.424976
5673.405762	7.85712
5680.937012	10.5896
5684.482422	4.54577
5686.170898	5.31931
5689.673828	1.83726
5691.458008	0.763115
5692.819336	0.301819
5694.022949	0.367416
5695.506348	0.0488436
5697.665039	0.950811
5699.298340	1.51331
5701.224609	0.709
5702.039551	1.08662
5703.728027	5.73017
5707.862305	8.83059
5709.774902	4.12238
5712.203125	1.42443
5717.633789	5.24579
5719.752930	0.823438
5722.682617	3.98613
5725.005859	2.51751
5726.707520	0.39512
5727.943359	1.16232
5729.022949	2.69161
5731.975098	1.47774
5734.101074	1.63494
5736.768066	59.5072
5741.199219	6.7185
5747.092285	30.9757
5755.767090	4.39309
5761.837402	51.2722
5771.665039	8.80863
5775.901855	4.72557
5777.027344	12.945
5782.989258	1.80984
5785.387207	0.160009
5787.051758	0.409241
5788.298340	0.0688088
5795.718750	19.6055
5798.895020	9.76144
5802.945313	1.03918
5806.085938	9.14407
5807.954102	11.1279
5813.760254	13.9471
5820.670898	12.9114
5822.399414	1.83223
5824.571289	3.86628
5828.507324	1.55302
5829.753906	0.0850568
5833.233398	38.2556
5837.791992	1.71306
5842.380371	40.6073
5847.987305	22.1514
5851.690430	2.63495
5853.312500	2.43242
5854.398438	1.27982
5856.525879	0.398354
5857.620605	0.147133
5859.182617	0.980928
5861.445801	1.77615
5863.625977	0.653913
5866.367188	0.620928
5868.441895	4.5382
5871.509277	1.31278
5874.475586	1.27421
5876.398926	4.1388
5879.197266	1.87244
5881.279785	7.5103
5886.500977	3.55625
5888.514160	1.04772
5890.398438	0.401134
5892.090820	0.569976
5893.334961	0.185687
5896.492676	2.57027
5899.149414	3.55242
5903.298340	1.11015
5905.395020	0.890866
5911.467285	15.9565
5912.935547	1.56601
5914.422363	21.7993
5922.082520	17.0046
5925.206055	8.44408
5929.375000	0.850111
5931.270996	12.1544
5939.679688	14.567
5941.333984	5.37815
5946.272461	9.50035
5947.960449	17.4129
5953.067383	35.8838
5957.336914	7.51705
5961.145020	13.0218
5972.708984	15.4625
5975.859863	2.41686
5978.326660	0.597538
5979.901855	1.42494
5982.231445	3.40809
5984.646484	3.0284
5987.234863	18.8551
5995.687988	10.4755
5997.173828	6.79113
6001.009277	1.21229
6002.662598	3.0097
6003.689453	1.29199
6005.436035	0.734527
6008.370605	11.7448
6013.055176	6.04147
6014.259277	4.25641
6019.479004	4.069
6022.404785	0.465917
6023.872559	0.76297
6025.429199	0.76701
6026.850098	0.383677
6028.187500	0.344774
6030.120605	1.08515
6033.333496	7.51542
6037.105957	7.3736
6039.787109	1.22078
6043.398926	3.78271
6049.166504	0.333575
6052.403809	0.959783
6055.213867	5.51047
6057.791992	2.49738
6058.825684	0.113207
6060.464844	4.83554
6063.654297	2.41716
6065.699219	6.47463
6073.086914	6.81047
6075.702637	2.03245
6079.203613	10.5038
6085.068848	14.8778
6089.765625	2.28612
6091.245117	0.756864
6092.644043	2.01447
6094.736816	1.54767
6097.700684	2.25491
6100.100586	8.51882
6104.960449	16.7081
6109.300781	2.07984
6110.656250	0.582148
6112.249512	0.525417
6114.443848	4.48014
6119.908691	4.53502
6121.952148	1.57347
6124.653809	1.83163
6127.390625	1.02253
6130.290527	2.70179
6132.361816	5.26868
6135.485352	2.84669
6138.200684	1.60467
6140.268555	2.2297
6145.113770	2.00001
6147.753906	4.10577
6151.339355	4.63774
6153.069824	1.48545
6154.357422	1.15438
6156.566895	1.28771
6158.896484	1.94952
6161.467773	17.1609
6166.774902	8.81325
6175.815430	5.84021
6178.441895	0.602772
6179.962402	2.30741
6181.826660	12.0898
6186.889160	9.8423
6188.752441	21.6286
6197.310059	25.3571
6201.427246	3.2914
6203.266602	3.37614
6206.089844	1.42596
6207.923828	3.57335
6215.612305	0.509488
6220.759277	2.58834
6224.389648	0.71398
6226.834961	3.85295
6231.065430	9.83319
6233.109863	3.56795
6235.513672	15.3217
6249.756348	64.9878
6259.943359	16.9757
6264.565918	0.618284
6267.592285	6.9047
6269.718750	43.5106
6280.895996	44.2685
6286.663086	6.07006
6291.818359	0.864957
6294.398438	1.05444
6297.664551	1.33502
6299.511230	1.37658
6302.594727	0.460614
6306.258789	4.74663
6308.652344	3.22761
6311.807129	1.41659
6313.137207	0.352544
6315.196289	1.44963
6317.273926	2.0017
6318.430664	0.408199
6320.220703	1.62189
6321.584961	1.01908
6323.515625	7.1647
6327.852539	0.51539
6330.331055	2.39983
6335.287109	5.55497
6337.676758	0.22719
6339.589844	0.759447
6343.234375	9.81448
6348.275879	7.49675
6349.845215	1.48531
6352.800293	0.860933
6354.674316	0.281544
6357.676758	0.910657
6361.123047	1.09952
6363.465820	1.1871
6366.074707	1.13305
6368.490723	1.28487
6371.372559	0.439162
6373.546387	3.55146
6377.380371	3.77891
6379.999023	1.32909
6382.767090	0.995696
6385.668945	0.5922
6388.249512	1.02186
6390.512207	1.3519
6393.382813	1.54212
6395.177734	0.529249
6396.141113	0.558319
6398.104980	2.02142
6400.902832	0.634172
6403.847656	1.46324
6405.707520	4.58129
6409.155273	1.28407
6412.375488	0.242374
6416.914063	3.11937
6421.162109	20.3093
6427.128418	1.37446
6436.203125	5.95452
6440.814941	1.84024
6442.990234	0.461742
6445.509277	1.76132
6448.753906	1.58384
6451.477051	15.0106
6453.428711	3.69206
6456.397949	6.93072
6458.287598	4.79404
6461.298828	5.59574
6463.233887	3.42087
6467.461914	92.4833
6476.337891	30.3051
6485.292480	2.56862
6488.011719	15.6532
6494.288086	23.2209
6503.669434	222.157
6513.337891	2.80558
6517.847168	14.273
6523.831543	11.4702
6526.388672	1.83544
6529.819336	2.28324
6531.867676	21.7182
6538.105469	15.8497
6540.238281	3.64816
6543.153320	3.4045
6545.365723	1.99796
6546.874512	0.827323
6548.350098	1.72926
6550.116699	2.09292
6552.727539	6.18455
6557.219727	9.4577
6562.176758	0.211561
6570.895996	38.5081
6582.438965	50.8278
6588.205566	2.29969
6592.440918	4.27082
6597.058105	2.63394
6599.723633	2.82098
6602.062012	2.57287
6604.508301	0.480653
6606.732910	6.49265
6609.061523	2.11275
6611.721191	2.69665
6615.622070	0.819352
6618.458984	11.473
6621.830078	46.9462
6632.540527	85.4989
6643.844238	23.5588
6653.056641	1.42005
6655.841309	3.04355
6658.543457	1.2443
6660.941895	0.335501
6662.015137	0.339667
6663.884277	0.505877
6667.242676	1.70276
6670.988770	0.900785
6673.349609	0.536015
6676.296875	1.20608
6686.356445	1.14268
6688.292480	0.946078
6691.202637	0.371026
6693.401855	4.22873
6699.846680	12.9013
6702.317871	1.87167
6705.598145	31.1
6711.618652	1.49667
6713.899414	4.15789
6716.567871	43.7199
6732.595215	26.6632
6735.360352	51.8722
6745.791016	3.46992
6749.169434	17.1989
6759.557129	3.91863
6761.806152	3.66711
6768.291992	28.6317
6777.430664	39.391
6782.492188	0.924328
6784.816895	10.5409
6790.957520	0.0942819
6792.387207	1.22425
6800.619141	19.1274
6804.686523	26.1447
6812.065430	12.5944
6815.229492	6.34587
6822.866699	4.5272
6825.892090	0.172827
6827.387695	0.134286
6829.664063	6.52157
6835.607422	17.2442
6843.926758	16.1975
6848.181152	0.177439
6850.834473	0.860164
6853.542969	1.80194
6857.281250	0.328159
6859.868652	9.92377
6867.920898	18.9662
6873.513672	0.421365
6875.696777	7.49832
6880.982910	23.0383
6886.126953	9.25668
6887.907715	6.57554
6890.406250	0.0304524
6893.424805	2.61142
6895.023926	4.06575
6900.277832	0.222756
6902.663574	0.830891
6904.759766	0.106879
6906.203125	0.289437
6908.519531	4.9908
6921.014160	35.5106
6929.958008	17.391
6933.939453	5.1672
6936.285645	1.77862
6938.622070	2.58815
6941.666504	2.18066
6943.365234	4.68959
6948.892090	1.2642
6953.301758	1.18158
6954.901855	0.623909
6956.352539	0.616364
6960.023438	13.8908
6965.896973	11.281
6972.187500	4.33302
6975.749023	4.19689
6979.186035	0.277054
6982.606445	1.11978
6984.173340	1.61676
6989.032715	8.19816
7000.212402	53.5504
7002.717285	9.09995
7004.812988	104.05
7017.052734	21.025
7021.248535	8.93291
7022.902344	10.8411
7026.927734	18.267
7034.345703	0.171199
7037.376953	5.75398
7042.356445	3.01512
7045.501953	1.42223
7048.647461	1.75732
7051.025391	0.457607
7053.165039	0.133242
7054.660156	0.536268
7055.965820	3.56269
7061.475586	5.37082
7066.420410	0.687003
7067.690918	0.0556137
7069.783203	0.444898
7073.530762	2.15442
7077.183594	2.29125
7079.702148	5.08219
7084.182129	3.57534
7086.972168	4.45132
7089.906250	1.38172
7093.243164	35.4563
7101.503906	19.9804
7108.348633	7.11644
7111.526855	0.408329
7113.831055	2.25905
7116.876953	6.6635
7121.987793	16.2817
7125.641113	5.77051
7128.041504	3.08791
7131.005371	0.686136
7133.434082	0.66857
7135.520508	0.813428
7137.091797	0.790321
7138.589355	0.717762
7140.584961	0.601592
7142.558105	5.70631
7148.684082	0.175082
7152.323242	4.91435
7155.356445	4.64515
7157.242188	0.228384
7159.250977	1.41729
7161.415039	17.5585
7169.243164	31.8211
7172.762207	4.68314
7176.409180	2.75715
7178.773926	1.58941
7182.558105	27.4387
7195.921875	176.22
7198.185547	118.799
7204.576660	8.29514
7214.368652	2983.48
7233.706055	30.1693
7236.128906	11.9595
7238.789063	3.38518
7241.669434	1.69151
7247.542969	38.2193
7250.367188	26.6342
7252.694824	8.95347
7256.818848	82.952
7266.582520	0.960579
7268.331543	0.453475
7270.054199	0.756843
7271.506348	5.49796
7276.467285	7.09251
7278.153809	1.75647
7280.274902	12.8578
7287.087891	26.172
7288.984863	0.682445
7290.731445	1.50045
7292.345215	18.4859
7297.981934	26.7059
7303.532227	5.27785
7306.086914	0.512565
7309.040527	15.8032
7315.278809	45.6602
7322.858887	30.8982
7330.808594	13.7092
7335.879883	8.532
7338.429199	24.5154
7347.225098	17.8352
7351.144531	15.6626
7357.516113	4.8954
7361.433105	1.12997
7363.965820	1.97734
7367.569336	2.68363
7371.037598	1.00365
7373.007813	0.665114
7376.251465	4.18167
7379.418457	10.7115
7381.590820	8.98664
7384.890625	1.20797
7388.780762	18.7642
7395.411133	41.5535
7401.632324	10.2316
7405.090332	3.20448
7408.247559	8.92957
7411.655273	2.50588
7414.558105	1.91058
7415.912598	1.27701
7419.335938	43.6329
7424.392578	3.12145
7427.778320	8.53066
7429.819336	26.4626
7434.776367	3.11012
7436.715820	0.139051
7438.111328	1.3359
7441.764160	4.94495
7444.543945	4.61084
7446.299805	0.727807
7447.779785	1.59445
7453.284668	82.4398
7464.974609	4.60125
7473.218262	69.6578
7480.879395	3.97914
7482.367188	2.78074
7483.853027	0.619205
7485.372559	3.61928
7488.716309	5.29836
7491.064453	21.6448
7501.528809	12.782
7503.616211	1.8379
7504.788086	1.29327
7506.569824	4.15412
7508.871582	33.0403
7514.658203	14.6243
7516.753906	26.8376
7524.279785	13.2538
7529.664551	7.57338
7531.287109	0.418778
7533.092285	0.988528
7535.089844	5.11552
7538.743652	1.21845
7541.616699	3.30838
7544.343262	3.80435
7547.260742	14.2979
7550.225098	4.96691
7552.673340	19.9206
7556.457031	2.78358
7562.008301	11.5317
7566.043457	16.2272
7568.385742	7.50172
7571.840820	25.8915
7586.413574	31.5235
7595.784668	9.37203
7598.044922	0.389717
7599.660156	1.4301
7601.908691	1.44236
7603.204102	0.0764114
7606.974609	4.2388
7608.579590	1.01558
7610.935059	5.64676
7617.319336	14.4279
7623.484863	13.6874
7628.959473	5.3077
7631.995605	1.66471
7634.941406	3.26288
7639.798340	0.999219
7642.230957	0.993636
7644.269531	0.367663
7645.690430	0.604972
7647.730469	0.463503
7649.381348	0.474194
7652.758789	2.22805
7655.396973	2.54726
7658.182617	12.6621
7666.289063	23.1638
7669.928711	0.873753
7672.685547	14.8847
7676.762695	4.5219
7681.144531	15.7451
7682.915039	9.70092
7686.291992	0.259687
7690.196289	13.7192
7696.135254	4.1216
7699.443359	1.13843
7702.195801	1.22048
7704.420898	14.0207
7709.218750	10.1238
7711.062012	5.29415
7714.824219	2.71923
7719.012695	5.6878
7721.982910	29.7603
7728.149414	35.0175
7738.155762	78.5011
7744.726563	12.809
7752.639160	81.4703
7757.692383	21.9911
7766.702148	35.199
7772.253418	0.362602
7773.984863	0.557767
7775.925293	0.381524
7778.228027	7.26596
7779.470703	10.2226
7782.666992	9.19551
7785.750488	8.28345
7789.729980	8.75788
7792.512207	23.4362
7799.050293	25.3394
7801.843262	1.01299
7804.904785	4.44204
7808.729004	1.20289
7812.292969	0.168718
7815.988770	1.74107
7821.253906	28.5384
7827.315430	16.8626
7833.966797	11.8456
7839.297852	7.05927
7842.145020	62.3192
7854.211914	54.1537
7855.921875	17.5443
7860.733887	51.5961
7869.257324	36.3711
7877.140625	32.9848
7880.448730	69.1646
7887.722656	4.08357
7898.638672	78.2439
7907.645996	1.28664
7914.395996	58.1066
7927.006348	18.6482
7931.671875	10.354
7933.403809	15.7728
7936.724121	0.306558
7939.854980	17.088
7943.101074	3.51194
7945.965820	5.33333
7949.547363	21.6442
7959.104004	2.44466
7962.716309	7.24165
7966.441895	10.5283
7968.515625	1.8348
7970.918945	37.3381
7976.485840	3.40252
7979.015137	4.37074
7981.907715	1.05726
7984.045898	1.72206
7987.529297	1.97586
7990.755371	9.99373
7993.513184	2.74889
7996.406250	3.90599
8004.445313	10.5074
8006.294434	7.17921
8010.006348	2.51466
8012.538574	2.34098
8017.434082	12.871
8019.545898	18.221
8027.964355	22.4511
8029.853516	26.3922
8037.563477	23.7698
8043.244629	11.594
8047.618652	0.306594
8049.151367	3.21701
8052.054688	8.03814
8055.155273	3.99419
8059.558594	27.6611
8061.813965	37.9366
8068.574707	20.9858
8070.568359	8.05793
8074.216797	11.2876
8076.809082	1.04663
8080.793945	21.1308
8082.858398	39.3848
8088.679199	11.1291
8090.777344	12.1504
8093.760254	7.36612
8097.028320	2.29366
8100.688477	1.80912
8106.710938	28.5423
8108.660156	20.5669
8113.538574	1.32173
8116.159668	9.84838
8118.515137	9.68903
8121.862793	9.65761
8124.804199	1.78937
8126.785645	2.40284
8129.671875	5.68801
8132.616211	40.9331
8141.473145	34.7853
8143.106934	14.5922
8146.799316	10.0835
8149.228027	49.0147
8156.779297	45.5538
8162.927246	5.6049
8166.924805	27.5179
8174.172852	88.0858
8184.863770	14.7913
8193.538086	12.8705
8195.633789	28.2014
8205.142578	21.1841
8207.090820	0.965679
8209.031250	0.709017
8210.644531	1.73485
8212.849609	15.9838
8222.044922	7.20606
8224.248047	6.78426
8226.696289	5.44703
8229.627930	0.61123
8231.502930	1.14118
8233.888672	5.08625
8236.705078	2.12473
8239.257813	0.960713
8241.777344	1.89883
8244.059570	0.623596
8248.086914	8.9988
8254.822266	48.241
8260.856445	7.60034
8263.822266	3.77181
8268.423828	10.8246
8270.935547	2.9109
8273.958984	25.4016
8276.399414	33.5138
8283.358398	14.1074
8285.661133	5.02478
8289.149414	8.99952
8296.466797	7.35763
8299.327148	8.92335
8302.340820	49.1043
8313.527344	31.5105
8315.681641	34.2844
8322.871094	7.68414
8324.418945	3.82856
8328.819336	6.94539
8332.483398	2.89119
8336.380859	6.18268
8337.819336	5.37208
8342.081055	7.25533
8343.975586	26.3278
8352.165039	20.2153
8358.006836	26.1941
8362.027344	1.16261
8363.922852	2.53464
8365.547852	1.47564
8367.358398	0.861411
8369.035156	1.88456
8372.438477	10.5907
8376.876953	52.2508
8382.706055	1.73457
8385.839844	14.7351
8392.111328	2.46373
8393.916992	1.39551
8395.413086	0.578359
8397.956055	6.98405
8403.962891	3.78184
8407.281250	4.42919
8409.149414	0.951259
8410.449219	1.48976
8412.724609	0.718568
8415.298828	2.62078
8418.610352	3.06625
8421.605469	4.15775
8424.400391	11.2687
8432.540039	37.5613
8441.050781	2.74241
8443.337891	1.86675
8444.673828	1.87491
8449.952148	22.3911
8456.328125	3.54005
8459.273438	6.52334
8461.073242	1.25141
8462.635742	5.95506
8466.691406	1.36725
8470.107422	8.05471
8472.105469	34.9764
8484.420898	53.3165
8492.271484	5.51927
8496.253906	1.56944
8499.633789	1.55569
8502.163086	5.03889
8511.384766	12.351
8513.722656	3.27355
8516.320313	2.80026
8520.569336	8.86405
8524.341797	2.72278
8527.683594	1.37955
8531.782227	7.03712
8538.818359	1.51641
8542.833984	4.56442
8547.287109	5.47432
8549.199219	0.155094
8552.109375	12.8909
8556.458008	5.03848
8561.676758	23.1467
8565.756836	13.7136
8568.842773	1.69261
8571.506836	1.31291
8573.327148	0.772143
8575.690430	0.776338
8577.159180	0.41958
8579.047852	3.78057
8583.532227	1.54529
8590.000000	1.21072
8592.456055	2.62951
8594.578125	2.195
8596.372070	0.937264
8598.087891	1.36351
8600.021484	1.33899
8601.857422	1.11435
8603.887695	1.32329
8606.446289	0.651102
8610.065430	25.0763
8611.961914	35.5536
8621.261719	47.3034
8627.326172	5.27972
8629.357422	10.7671
8633.051758	7.73618
8635.821289	1.88311
8638.957031	2.40619
8641.048828	0.701618
8645.855469	6.00388
8648.617188	3.60202
8652.197266	1.02349
8654.645508	10.8729
8660.946289	5.253
8664.060547	3.64409
8666.233398	1.49949
8667.439453	0.221927
8669.428711	0.250532
8671.897461	1.05953
8675.068359	1.79801
8677.749023	11.8738
8684.043945	9.78016
8689.773438	2.51231
8692.777344	1.80832
8696.245117	1.91255
8698.245117	0.561868
8700.142578	0.75676
8702.283203	7.17102
8710.620117	0.431846
8713.331055	3.01719
8715.971680	5.06275
8720.766602	3.7129
8724.709961	6.32122
8727.831055	1.78755
8730.761719	9.5309
8737.125000	5.18504
8740.082031	2.97441
8742.887695	2.92285
8747.953125	12.8256
8750.916016	0.614894
8754.113281	2.97647
8757.871094	8.34377
8766.126953	3.32175
8769.003906	3.27106
8773.894531	3.6047
8775.001953	0.598393
8777.176758	1.32711
8780.326172	10.7537
8795.617188	4.50074
8799.642578	23.397
8807.235352	13.3097
8814.211914	76.6101
8823.382813	51.7674
8828.276367	0.431556
8830.542969	6.60347
8835.833008	0.0721741
8839.387695	0.415137
8844.339844	11.4098
8851.627930	1.68863
8853.375977	2.89758
8859.930664	14.8581
8866.483398	6.1981
8870.440430	5.42967
8872.807617	19.8164
8880.363281	13.1791
8882.054688	13.1536
8889.776367	12.3185
8893.118164	0.230236
8895.025391	2.18603
8898.085938	21.9257
8903.430664	12.6326
8905.384766	5.94211
8909.691406	19.6686
8921.131836	21.6702
8927.278320	24.7844
8932.510742	1.00114
8940.400391	29.1253
8948.457031	3.43117
8955.791016	30.1081
8963.034180	1.84285
8965.931641	6.24061
8968.166016	15.1115
8977.041016	15.447
8982.948242	1.10475
8987.760742	6.77119
8993.916016	1.38538
8996.857422	1.51618
8999.361328	2.68778
9005.756836	3.56219
9008.301758	0.418886
9012.008789	10.5884
9016.196289	0.558627
9019.196289	17.762
9025.812500	21.108
9034.093750	1.87025
9037.213867	9.94971
9039.766602	27.7307
9047.490234	6.96419
9052.619141	0.302561
9055.008789	0.366421
9058.545898	2.37371
9067.145508	3.48766
9072.692383	0.408015
9074.388672	0.682087
9077.020508	0.0593538
9078.479492	0.0273083
9081.111328	0.450213
9083.172852	0.142389
9084.860352	0.188393
9087.274414	1.1108
9090.389648	2.18321
9092.610352	0.994875
9095.523438	1.18533
9098.267578	1.20783
9103.566406	1.01821
9105.647461	2.2734
9109.015625	22.3559
9117.450195	19.8338
9127.590820	20.8154
9137.845703	4.48261
9141.903320	0.333312
9143.864258	0.16667
9145.797852	0.285608
9147.689453	0.356716
9149.527344	0.321107
9151.823242	0.481148
9153.934570	0.198628
9155.563477	1.8269
9160.981445	0.367265
9163.424805	0.161688
9167.460938	0.0511596
9171.451172	0.830332
9173.803711	0.314359
9182.107422	5.49991
9186.162109	9.74832
9205.876953	11.1965
9208.649414	8.26402
9215.024414	3.98533
9217.203125	1.30815
9219.289063	0.326334
9220.951172	0.667549
9223.062500	0.271059
9226.797852	0.893332
9231.016602	1.16995
9233.498047	4.65076
9243.491211	21.7909
9249.926758	5.28614
9253.296875	1.75927
9255.744141	4.18991
9258.955078	0.305701
9264.067383	5.44331
9266.095703	9.27617
9272.991211	2.10037
9274.633789	3.68443
9281.542969	0.797742
9284.038086	0.689591
9287.574219	0.426106
9291.003906	0.131305
9294.112305	0.0680408
9297.882813	1.50431
9305.437500	1.39729
9306.752930	1.19504
9318.369141	10.4472
9323.423828	2.27023
9325.614258	4.3772
9331.378906	21.3637
9339.430664	18.9828
9345.814453	7.02913
9352.189453	2.84219
9355.537109	1.27726
9358.906250	1.09925
9365.019531	7.98449
9367.863281	12.5484
9373.988281	1.12516
9377.003906	0.934559
9381.325195	0.31985
9383.892578	0.272382
9386.507813	0.100126
9389.147461	2.37053
9395.181641	0.000179486
9396.522461	0.00521863
9401.157227	1.37003
9403.214844	0.730659
9406.060547	0.756193
9408.689453	1.06651
9412.002930	0.262353
9414.103516	0.251128
9415.099609	0.0223927
9418.133789	18.1857
