TITLE "<<201110_CED_CKF_B7_PM_7271_RM7807_ThermoSIN_MSMS1kVPos_Sen_MetON_AlkTrx_XCal_TIS_100_30_10k_6900hv>> 4700 MS/MS Precursor 7271 Spec #1=>AdvBC(32,0.5,0.0)=>NR(2.00)=>SM31=>CT[BP = 6046.6, 363]" CENTROID
TYPE MASSSPEC
10.043459	3.51687
10.120523	2.39229e-007
10.182297	1.12579e-007
10.266610	3.6588e-007
10.356262	1.40723e-007
10.428765	2.67374e-007
10.511578	1.97013e-007
10.564447	9.85063e-008
10.587146	2.81446e-008
10.597242	2.81446e-008
10.632617	1.68868e-007
10.683254	1.12579e-007
10.713696	5.62893e-008
10.741637	9.85063e-008
10.769615	5.62893e-008
10.784891	2.81446e-008
10.795081	2.81446e-008
10.825681	1.40723e-007
10.856324	2.81446e-008
10.866548	2.81446e-008
10.881892	5.62893e-008
10.897248	2.81446e-008
10.917740	8.44339e-008
10.938250	2.81446e-008
10.948512	2.81446e-008
10.969051	8.44339e-008
11.005042	1.12579e-007
11.051402	1.40723e-007
11.082362	2.81446e-008
11.092692	2.81446e-008
11.103027	2.81446e-008
11.113366	2.81446e-008
11.123711	2.81446e-008
11.149592	1.12579e-007
11.206639	1.97013e-007
11.248219	2.81446e-008
11.263831	5.62893e-008
11.279454	2.81446e-008
11.289875	2.81446e-008
11.315950	1.12579e-007
11.360346	1.26651e-007
11.399591	8.44339e-008
11.446774	1.68868e-007
11.499315	1.12579e-007
11.541435	1.12579e-007
11.583632	1.12579e-007
11.623260	9.85063e-008
11.657660	8.44339e-008
11.745213	3.79953e-007
11.838428	1.12579e-007
11.881165	1.12579e-007
11.923978	1.12579e-007
11.966867	1.12579e-007
12.009835	1.12579e-007
12.052879	1.12579e-007
12.096001	1.12579e-007
12.139199	1.12579e-007
12.179769	9.85063e-008
12.250248	2.67374e-007
12.318209	8.44339e-008
12.356349	1.12579e-007
12.400010	1.12579e-007
12.449221	1.40723e-007
12.493046	8.44339e-008
12.531456	1.12579e-007
12.575426	1.12579e-007
12.624984	1.40723e-007
12.669117	8.44339e-008
12.707797	1.12579e-007
12.752075	1.12579e-007
12.801980	1.40723e-007
12.846421	8.44339e-008
12.885371	1.12579e-007
12.929957	1.12579e-007
12.980209	1.40723e-007
13.024960	8.44339e-008
13.064179	1.12579e-007
13.109075	1.12579e-007
13.159673	1.40723e-007
13.204732	8.44339e-008
13.244222	1.12579e-007
13.289425	1.12579e-007
13.340370	1.40723e-007
13.385737	8.44339e-008
13.439712	1.8294e-007
13.525154	2.39229e-007
13.602284	5.62893e-008
13.582267	4.2217e-008
13.633771	9.85063e-008
13.673897	9.85063e-008
13.699723	2.81446e-008
13.711210	2.81446e-008
13.722701	2.81446e-008
13.734197	2.81446e-008
13.745698	2.81446e-008
13.774471	1.12579e-007
13.837878	1.97013e-007
13.884084	2.81446e-008
13.901430	5.62893e-008
13.918788	2.81446e-008
13.930367	2.81446e-008
13.941949	2.81446e-008
13.953537	2.81446e-008
13.976727	8.44339e-008
13.999935	2.81446e-008
14.011547	2.81446e-008
14.023163	2.81446e-008
14.040597	5.62893e-008
14.069677	8.44339e-008
14.092963	2.81446e-008
14.104613	2.81446e-008
14.116268	2.81446e-008
14.127929	2.81446e-008
14.145427	5.62893e-008
14.162937	2.81446e-008
14.195066	1.26651e-007
14.238937	8.44339e-008
14.291673	1.68868e-007
14.350382	1.12579e-007
14.397435	1.12579e-007
14.444567	1.12579e-007
14.488822	9.85063e-008
14.527231	8.44339e-008
14.624962	3.79953e-007
14.728972	1.12579e-007
14.776644	1.12579e-007
14.824391	1.12579e-007
14.884185	1.68868e-007
14.938103	8.44339e-008
15.010144	2.53302e-007
15.094412	1.40723e-007
15.142671	8.44339e-008
15.187984	1.26651e-007
15.239420	1.12579e-007
15.293977	1.40723e-007
15.372954	2.25157e-007
15.470436	2.25157e-007
15.839347	1.79473
16.068485	0.0577746
16.113192	0.050489
16.146734	0.0397806
16.288183	0.00376115
16.370359	0.544965
18.944826	1.07677
19.268009	0.283205
19.410711	0.166079
19.551626	0.077196
19.682699	0.0706103
19.759096	0.0945815
19.844646	0.0929453
19.949207	0.00918475
20.019760	0.0242812
20.267448	0.11969
20.320271	0.0392478
20.379776	0.0496007
20.430679	0.244683
20.575132	0.0237057
20.618109	0.00662778
20.747419	0.0398951
21.336187	0.175554
21.567211	0.164862
21.670391	0.114306
21.740589	0.0486447
21.854462	0.0372461
21.932081	0.0255131
22.044930	0.116601
22.759081	0.873657
23.698463	2.1593
24.246948	0.0638663
24.374229	0.30313
24.458651	0.377395
24.519415	0.595162
24.646265	0.0954982
24.930399	1.34853
25.146364	0.00309466
25.726143	5.48718
27.332682	2.79579
27.453144	0.137505
27.566483	0.977921
28.545677	1.80739
29.370993	0.511666
29.777267	0.893887
29.959566	0.358907
30.150982	0.232477
30.298023	0.109214
30.410397	0.00979005
30.647717	0.444227
31.965105	3.41265
32.204029	0.187313
32.306366	0.144619
32.430843	0.0326019
32.539036	0.0323819
32.698448	0.118046
32.853409	0.0308602
32.976013	0.264493
33.053078	0.237315
33.177666	0.0530012
33.299408	0.0351891
33.378578	0.0406541
33.465771	0.0106519
33.560146	0.0248828
33.628185	0.0138183
33.670147	0.000199008
33.890648	0.0899575
33.995564	0.0446088
34.121403	0.164897
34.273697	0.37125
34.372704	0.00416315
34.463131	0.0983839
34.633701	0.557885
35.403660	3.9797
36.204571	1.25629
36.400532	2.4668
36.560020	0.695916
36.772465	0.220752
37.072231	0.154712
37.388523	0.133702
37.673622	0.110135
37.772190	0.221376
37.896538	0.301608
38.043716	0.0188369
38.132343	0.0863435
38.253841	0.0321749
38.465626	0.216437
38.643501	0.103872
38.727726	0.0130218
38.862503	0.0727496
39.000557	0.0140576
39.097546	0.173986
39.657524	0.665697
39.863441	0.573228
40.000797	0.4374
40.133160	0.32315
40.228832	0.250476
40.394611	3.02034
41.173321	0.404204
41.295509	0.212255
41.396351	2.99844
41.746193	0.74433
42.579338	2.6022
44.105019	6.38467
44.389839	0.297932
44.510826	0.0964969
44.660923	0.242655
45.710262	14.131
46.000523	2.90685
46.192108	0.673038
46.439732	0.614921
47.003201	4.17463
47.749649	15.4568
47.966667	97.9644
48.114040	70.9104
48.282055	45.0093
48.479527	69.3859
48.651882	4.01847
48.785023	20.4555
48.929302	3.82943
49.029613	33.052
49.177193	6.38827
49.264843	1.40368
49.350937	14.2797
49.535355	55.8798
49.843006	7.78622
50.053989	27.4001
50.289764	10.8964
50.466805	3.78566
50.593719	3.90429
50.809696	35.2866
51.080582	6.84763
51.408451	56.205
51.965321	58.6606
52.325191	6.44584
52.499325	22.2759
52.966232	3.61404
53.263775	0.830951
53.382355	13.2726
53.884785	53.9739
54.471394	44.362
54.996281	19.2943
55.417770	1.96899
55.689281	3.2495
55.876682	10.3214
56.490376	25.5748
57.026512	11.2226
57.470409	22.8202
59.062626	5.33196
59.676098	2.38062
60.139297	2.09005
61.683262	4.58227
62.351036	2.85288
62.691418	0.908825
64.459229	12.0519
68.061821	3.47635
69.165543	0.553893
69.385513	0.0171216
69.503136	0.942732
69.734657	2.09271
69.957268	2.35185
70.313347	1.37414
70.605293	7.39772
70.838211	4.10174
71.097679	1.35472
71.664688	3.70384
71.836487	1.6764
72.623489	1.2962
73.150826	0.38498
73.322754	0.169922
73.505516	0.237495
73.658279	0.0934944
73.831161	0.0558663
74.248573	0.974589
75.879723	13.5297
77.239090	0.0363163
77.437271	3.33983
77.578934	3.13436
77.933487	0.068202
78.179947	0.145649
78.680817	0.757371
79.557213	1.37461
81.015717	0.205551
83.787033	1.44398
84.350128	0.526375
84.614700	0.622427
84.963425	0.210889
85.078072	0.126714
85.179016	0.247969
85.463409	0.0952335
85.571114	0.0263827
85.793648	5.25365
86.776085	7.76529
87.269386	0.238327
87.833160	1.34481
88.858231	0.529632
89.118782	0.037386
89.471367	0.101777
89.647964	0.0117851
89.883018	0.364579
90.844307	11.0076
91.771507	2.82438
91.930801	4.83547
92.373543	0.158
92.981949	1.01293
93.245895	0.155921
93.412094	0.588234
93.770638	0.0296568
94.586807	11.7544
95.531891	8.55613
95.992867	2.4161
96.201523	2.77573
96.538651	0.412257
96.654533	0.0827997
97.021248	1.73249
97.392021	0.000743754
97.657715	0.403776
98.004555	1.07142
98.280693	0.143612
98.534561	0.626541
98.878006	5.05597
99.205750	4.66181
99.520088	1.82066
99.898422	7.61663
100.614632	7.72925
102.654999	8.04019
102.900078	1.09241
103.052101	0.684133
103.273849	8.97469
105.205101	5.42142
106.253090	0.606173
107.272911	0.523521
107.960350	2.28166
108.793938	7.64007
109.525398	1.32548
109.722687	0.0096877
110.035889	0.764039
111.473610	1.81029
113.393044	5.94409
114.217392	2.41129
114.522514	0.405541
115.036804	1.16703
118.091438	1.99149
120.911423	0.386039
121.577950	0.405431
121.933434	0.465106
122.283104	0.110493
122.653877	0.17193
123.031708	0.730315
124.112465	0.0146444
124.418114	0.686109
124.822128	1.02256
125.128555	0.401083
125.433723	0.22355
125.723816	1.52523
126.102913	0.228294
126.506142	0.619032
126.749992	0.0191707
126.890213	0.0181384
127.316711	0.914381
129.613953	0.263171
131.743454	7.08296
133.450317	3.25333
133.723495	3.27558
134.327255	0.0729381
134.491928	0.0323952
134.620941	0.0300525
134.753845	0.0523322
135.107056	0.012744
135.299164	1.08089
137.485519	1.3826
138.012970	0.577228
138.350052	0.566244
138.501678	0.0313387
138.761566	0.305943
139.002090	0.0945909
139.298264	2.16311
141.362366	1.50127
143.016312	0.554337
143.358582	0.173558
143.587540	0.161584
143.801575	0.0313526
144.064758	0.0448849
144.285294	0.0411334
145.616150	0.57769
146.267822	0.0570672
146.665543	0.657691
147.030502	0.494109
147.512390	1.21428
148.118683	0.706445
148.586411	4.84066
149.568359	2.59686
150.443695	0.760967
150.588882	0.0648137
150.756638	0.366126
151.056808	7.85801
152.358566	20.7121
153.673660	9.70842
155.099777	1.81279
156.048615	0.0849149
156.921448	0.0194474
158.118225	1.31098
158.777634	0.45158
159.208496	0.195679
159.567047	0.132862
160.747284	0.731481
161.445129	0.205893
161.865875	0.116242
162.652496	0.32595
164.438080	0.933874
165.044022	0.320083
165.338425	0.187305
165.507828	0.0276686
165.755371	0.546694
166.289307	0.406522
166.423218	0.0384145
166.666260	0.138763
167.450104	0.720336
167.850159	2.46751
168.351196	1.33065
168.497269	2.07995
169.314011	0.816022
169.547928	0.0956251
170.050385	0.340604
170.418335	0.424431
170.718475	0.658702
170.952728	1.12376
171.643723	1.48489
172.416138	1.5773
173.901031	0.0577302
174.175201	0.256113
174.453506	0.204189
174.711334	0.00639636
174.981705	0.0826176
175.295929	0.0880613
175.959900	0.825094
178.304855	1.32659
178.852966	0.823217
179.304886	0.286558
179.769394	0.40688
180.072342	0.0839592
180.778366	0.134072
181.022247	0.01463
181.241745	2.79046
181.865311	2.12475
182.089493	0.134321
182.329407	0.524655
183.212906	3.04049
185.234100	0.137979
185.582550	6.24116
187.055923	0.329994
187.539047	7.26562
187.810791	10.5991
188.512512	2.9251
188.796097	2.16607
189.280106	3.11154
191.725632	1.30579
194.721390	2.90331
195.108536	0.0508192
195.387680	0.0483557
195.655319	0.0185961
196.035416	2.10773
201.015701	4.77888
204.331177	0.536609
204.563522	0.737108
205.925430	0.920471
206.932999	0.731802
207.342712	0.336011
207.794739	0.71621
208.205521	0.139736
208.695480	0.149233
209.072205	0.0135098
209.598602	0.140124
210.207993	0.558329
210.703323	0.528303
211.133728	0.135713
211.636398	0.0945882
211.966263	0.0146268
212.587921	0.0981219
213.970901	0.100289
214.499832	0.314719
215.105087	0.215184
215.394165	0.016281
215.583588	0.0741153
216.005112	0.0514075
216.991867	2.3271
222.835526	2.04224
225.284210	4.91307
227.237350	0.4251
227.786636	8.06198
229.461838	1.03203
229.668030	0.0317447
230.028412	0.729613
230.568054	2.31106
230.993225	1.82469
231.480164	0.587684
232.309448	2.75079
236.717941	1.55448
237.446701	0.469805
237.958206	0.303204
238.466614	0.197593
239.761917	3.21368
244.820023	0.679906
245.731354	0.0026981
246.372269	0.0200394
246.752716	0.0792505
247.157059	0.239095
247.436707	0.190185
247.697708	0.0721832
248.057526	0.0703003
248.353226	0.0567635
250.320404	0.809555
252.171448	2.21959
253.142838	0.187232
253.731827	0.263857
254.214020	0.117143
254.774292	0.104772
255.172409	0.0354699
255.718704	0.00592317
255.861023	0.03048
256.281189	0.510836
256.762115	0.45254
257.250519	0.308736
257.715088	0.0675091
258.444122	0.362755
258.834869	0.495019
259.385986	0.755631
259.861725	0.264654
260.431519	0.186916
260.941498	0.0134708
261.613037	0.00944308
262.238556	0.000180257
263.391144	0.281342
267.323547	0.274215
268.367096	0.170301
268.924164	0.205859
269.289307	0.483532
270.000549	0.190165
270.265778	0.096553
270.576752	0.0606421
270.908722	0.0331495
271.386169	0.0387659
272.090332	0.0205696
273.866638	0.0296658
274.335999	0.0655863
274.630066	0.036046
274.901886	0.00692242
275.310211	0.0118156
275.543640	0.00759743
275.756073	0.000465471
277.152252	1.80079
280.058716	0.102702
280.502930	0.813868
281.143005	0.965992
281.675507	0.297016
282.294769	0.437685
282.709198	0.0217461
283.486938	0.0297046
286.591858	0.102098
289.074524	0.127586
290.058258	0.0111097
290.739990	0.511543
291.478241	0.284061
291.749146	0.726341
292.892090	1.10032
293.624756	0.0100871
293.924164	0.018814
294.069061	0.0113937
294.608459	0.00161366
295.141602	0.190246
304.184204	0.049309
305.393555	0.000819685
305.535797	0.0479614
305.910797	0.102081
306.252319	0.034359
306.523224	0.0463823
306.927734	0.0176492
307.229462	0.0113944
307.543671	0.243363
309.856873	1.49151
311.410583	4.68408
312.818237	6.43976
313.603180	0.0203475
314.703064	0.929882
316.308228	0.310127
318.491272	0.0686818
320.384827	0.494607
321.495667	0.136809
322.103271	1.89006
322.773407	2.00559
323.334778	0.616574
323.745270	0.183521
324.074829	0.363441
324.399078	0.234417
324.731659	0.139821
325.118958	0.318545
327.056244	1.20088
329.061859	0.416743
330.109833	0.00259789
330.330963	0.00394336
330.556458	0.00307659
330.752930	0.0100867
331.309052	0.00165702
331.654175	0.0358777
332.729309	0.00362971
333.204926	1.01533
333.834106	0.697048
334.209473	0.00136647
334.455444	0.309371
334.876129	0.0985465
335.537170	0.309736
335.860260	0.420671
336.325653	0.421143
337.074310	1.84722
337.394257	0.133152
337.670563	0.00934526
338.433899	0.232093
339.319763	0.0222197
340.000366	0.000429078
340.241119	6.34245e-006
340.611298	9.1369e-006
341.030487	1.66265e-006
341.361603	2.03339e-007
341.634521	1.203e-007
341.836365	1.20212e-007
342.023804	1.03036e-007
342.168030	6.86904e-008
342.269012	5.15178e-008
342.398834	1.03036e-007
342.745209	3.09107e-007
343.279541	3.2628e-007
343.642853	1.10039e-007
344.279144	0.0432797
345.592621	0.0475534
346.040985	0.0321978
346.457184	0.230994
346.839020	0.357164
347.308380	0.0485445
347.545349	0.0971577
348.020752	0.156765
348.504791	0.0125145
348.869446	0.0165589
350.794800	0.0644012
351.533539	0.309602
352.379730	0.109999
352.728333	0.154383
353.158691	1.17855
353.792969	0.091916
354.379120	0.509497
354.684326	0.0431723
355.625061	0.0481222
356.438110	0.00366572
356.912170	3.7816e-005
357.194855	5.40717e-006
357.627594	3.41473e-006
358.036865	2.21153e-007
358.322083	1.20465e-007
358.528992	1.20227e-007
358.721008	1.03036e-007
358.853943	5.15178e-008
358.942596	5.15178e-008
359.252930	3.09107e-007
359.696503	2.06071e-007
359.977600	1.20208e-007
360.598114	0.00451763
363.586945	0.0456542
364.759338	0.0337366
365.162323	0.00347939
366.435822	0.452069
367.697998	1.69515
368.319031	0.929479
369.017181	0.269558
369.536255	0.177788
370.002533	0.0128059
370.424713	0.000410433
370.664001	2.36771e-006
370.873138	1.69694e-007
371.115845	1.09425e-007
371.251282	5.46058e-008
371.356476	7.28243e-008
371.476715	7.28242e-008
371.717285	2.18472e-007
372.048187	1.8206e-007
372.364197	2.00272e-007
373.633942	0.0329615
376.328033	0.0308027
377.182190	0.509115
378.285217	1.77025
378.882690	1.36469
379.540222	0.384247
380.153931	0.412829
380.589935	0.0463955
381.590424	0.0481999
381.947388	0.0919901
382.200684	0.161835
382.548767	0.0022428
382.806458	0.00558702
383.037140	0.0251957
383.271851	0.0135172
383.370331	0.000880864
383.611328	0.00264574
384.048553	0.00129428
384.486969	3.44306e-005
384.731689	1.75055e-007
384.990265	1.30963e-007
385.191376	1.09252e-007
385.329163	5.46171e-008
385.436340	7.28242e-008
385.528259	3.64121e-008
385.635468	9.10302e-008
385.849945	1.63854e-007
386.110474	1.45648e-007
386.309784	9.10302e-008
386.463104	9.10302e-008
386.769867	2.73091e-007
387.429810	5.09769e-007
388.182556	3.82327e-007
388.705261	2.36678e-007
389.274536	4.36945e-007
389.782593	1.63854e-007
390.044464	1.45648e-007
390.275604	1.27442e-007
390.429718	5.46181e-008
390.846008	4.36945e-007
391.370544	1.8206e-007
391.679260	1.8206e-007
391.926331	1.09236e-007
392.158020	1.63854e-007
392.420685	1.45648e-007
392.683441	1.63854e-007
393.100922	3.27709e-007
393.890137	6.00799e-007
394.571686	2.00266e-007
394.788635	5.46181e-008
394.915436	0.00663031
395.100220	0.137743
395.582062	0.00850651
395.949432	0.0122692
396.372559	0.014191
396.880219	0.119882
397.414612	0.049473
397.718048	0.022103
398.264893	0.038373
398.581329	0.0689422
398.911713	0.140899
399.475647	0.327469
399.867462	0.283779
400.235413	0.0763122
400.633820	0.0615381
400.988678	0.0287527
401.139282	0.00144359
401.700409	0.0198258
402.734131	0.00327727
403.447205	6.00263e-005
403.713776	8.61048e-007
404.116730	1.08618e-006
404.574371	2.36542e-007
404.928650	2.11448e-007
405.211304	1.34687e-007
405.415497	1.15437e-007
405.604004	1.15437e-007
405.745453	5.77184e-008
406.028381	2.88592e-007
406.327118	7.69579e-008
406.610260	2.69353e-007
407.050903	2.69353e-007
407.350037	9.61973e-008
407.854095	5.19466e-007
408.342682	7.69579e-008
408.626526	2.69353e-007
409.068237	2.69353e-007
409.368134	9.61973e-008
409.873444	5.19466e-007
410.363251	7.69579e-008
410.647797	2.69353e-007
411.090637	2.69353e-007
411.391266	9.61973e-008
411.897827	5.19466e-007
412.388855	7.69579e-008
412.674103	2.69353e-007
413.118042	2.69353e-007
413.419403	9.61973e-008
413.927216	5.19466e-007
414.419495	7.69579e-008
414.705444	2.69353e-007
415.150452	2.69353e-007
415.452576	9.61973e-008
415.961670	5.19466e-007
416.455139	7.69579e-008
416.741791	2.69353e-007
417.187897	2.69353e-007
417.490784	9.61973e-008
418.144684	6.92621e-007
419.038696	3.84789e-007
419.486053	1.53916e-007
419.741791	1.53916e-007
420.637512	9.23494e-007
421.470093	7.69579e-008
421.758484	2.69353e-007
422.111115	1.53916e-007
422.415771	2.11634e-007
422.784729	2.30874e-007
423.218018	2.88592e-007
423.876465	5.00226e-007
424.562012	0.000983005
425.666443	0.0462583
426.722321	0.028013
427.114105	0.080753
431.444031	1.63625
435.925629	0.145567
436.444183	0.102939
436.820984	0.0448674
437.242676	0.0518353
437.618652	0.043057
438.007996	0.00152165
438.288971	0.00139246
445.451965	0.0838505
446.702942	0.0451201
446.999573	0.0387948
447.404602	0.112819
448.166168	0.0279864
448.735474	0.00838597
456.011902	0.844321
462.095428	0.0728339
463.148224	0.0887996
463.483215	0.150508
463.828491	0.367943
464.439270	0.0139777
464.690002	0.0139768
473.933899	1.39599
485.366089	0.530309
486.421173	0.290922
487.152313	0.135899
487.861694	0.140395
488.438873	0.0112371
489.009613	0.00458818
495.298462	0.0612578
497.826294	1.97378
501.479370	1.37166
503.835724	0.795959
504.866821	2.27633
505.347778	3.03962
507.674988	0.18586
509.929962	1.12467
513.682190	0.884734
521.769836	0.0381544
522.305908	0.0104405
522.500122	0.000469299
523.280701	0.00830454
523.519653	0.00654497
526.403259	1.62564
534.040955	0.436501
536.433960	0.359584
539.013428	1.91643
540.706970	0.718296
541.125916	0.0133699
541.369507	0.049676
542.060181	0.0603315
542.319946	0.0386837
542.541321	0.0125968
543.023132	0.00345867
543.322327	0.00540774
543.559875	0.00518092
543.760803	0.000123663
543.943787	2.61186e-005
544.371216	0.00165492
555.110413	0.183891
556.255066	0.089513
556.655823	0.047081
557.086731	0.00385176
557.673523	0.0200638
557.900146	0.0169874
561.525024	0.116199
563.940735	0.066779
564.393738	0.0516
565.001465	0.29671
566.326904	0.0450848
566.616943	0.00418641
566.996887	0.248983
567.617493	0.0585927
568.272156	0.0451986
568.561584	0.0617952
569.002319	0.0357228
569.523254	0.0104879
569.962036	0.575589
592.353882	2.76229
596.405090	1.9558
597.259460	0.970655
597.741760	0.0153222
598.151001	0.262503
598.761963	0.147761
599.069519	0.0086052
599.272949	2.13423e-005
599.665771	0.00677232
600.090637	0.00278217
600.359009	0.00278646
604.645630	1.50366
610.084045	0.00971183
610.667542	0.0010806
611.117432	1.73404e-005
611.400024	6.5915e-007
611.693176	5.82243e-008
611.926636	1.19764e-007
612.332336	1.9648e-007
612.854614	2.11445e-007
613.396362	2.11476e-007
613.802856	1.0574e-007
614.073975	1.0574e-007
614.306335	7.55288e-008
614.577576	1.35952e-007
614.790710	3.02115e-008
614.965088	1.0574e-007
616.050842	7.40182e-007
617.040466	3.02115e-008
617.118164	3.02115e-008
617.448242	2.26586e-007
617.817261	6.0423e-008
617.972656	6.0423e-008
618.769409	5.58913e-007
619.527832	3.02115e-008
619.819641	1.96375e-007
620.150452	6.0423e-008
620.306152	6.0423e-008
620.461853	6.0423e-008
621.766846	9.51662e-007
623.034180	3.02115e-008
623.112244	3.02115e-008
623.560974	3.17221e-007
624.049011	6.0423e-008
624.205200	6.0423e-008
624.556702	2.11481e-007
625.299133	3.62538e-007
625.905151	1.0574e-007
627.093323	0.00342759
632.056396	0.203235
637.790283	0.867457
641.549561	0.584563
644.380066	0.216915
646.298401	0.0832734
647.184326	0.748278
647.912231	0.744301
648.843567	0.16238
649.414063	0.0652449
649.662598	0.0530034
654.666443	0.817319
664.427002	2.71057
677.216248	7.21585
682.249512	0.148549
682.690979	0.635149
683.323608	1.1543
684.143066	0.852572
684.598877	0.200172
684.960693	0.487874
685.604370	0.184567
686.007751	0.298228
687.930908	0.0585227
690.390076	0.329983
691.601624	0.126901
692.277405	0.0193096
692.832520	0.901288
693.421509	0.859258
693.829590	0.0704021
694.431763	0.238951
694.997559	0.143917
695.296631	0.0137292
695.952393	0.0112893
697.189209	0.0133474
698.338196	0.000732703
699.003357	7.74438e-006
699.399780	1.05158e-006
699.946228	9.84037e-007
700.551453	1.78714e-007
700.981628	9.13202e-008
701.271545	9.12758e-008
701.540771	7.82334e-008
701.747925	5.21556e-008
701.996521	1.04311e-007
702.556030	2.47739e-007
703.551270	3.78128e-007
704.318909	1.04311e-007
704.630188	9.12722e-008
705.128479	2.21661e-007
705.647705	1.04311e-007
706.063232	1.56467e-007
706.478821	1.04311e-007
706.873779	1.43428e-007
707.622498	3.25972e-007
708.475586	2.08622e-007
709.141846	2.08622e-007
709.808350	2.08622e-007
710.475220	2.08622e-007
710.975525	1.04311e-007
711.642944	3.12933e-007
712.602905	2.86856e-007
713.333740	1.69506e-007
713.876892	1.69506e-007
714.960144	0.0142365
716.948364	0.0131869
717.477966	0.0305058
718.100281	0.135735
718.602661	0.276968
719.348267	0.0291223
719.662476	0.0251327
720.307251	0.0592802
721.025391	0.00596752
721.625977	0.000432234
722.113464	6.88362e-006
722.424622	1.08398e-007
722.762817	9.13967e-008
723.016174	6.52109e-008
723.184448	3.91165e-008
723.394775	9.12722e-008
723.941772	2.47739e-007
724.952148	3.78128e-007
725.794678	1.43428e-007
726.131836	6.51945e-008
726.553406	1.95583e-007
727.228149	2.21661e-007
729.098145	0.0345299
731.830811	0.00129211
732.177734	0.0168129
732.462219	0.0193515
732.846741	0.0401056
733.632996	0.00169165
733.905762	0.00261135
734.565247	9.60437e-008
735.901306	6.60301e-007
737.853027	0.100888
739.759338	0.56791
740.460876	0.0461476
740.874390	0.550219
741.739746	0.19131
742.652405	0.166261
743.372192	0.0204284
743.983276	0.00150969
744.459778	2.19031e-005
745.011841	0.00926886
745.898132	0.142823
746.464661	0.0945279
746.925415	0.0186953
747.614319	0.0302168
748.031372	0.0262881
748.399170	0.00122535
748.703674	2.67984e-005
748.976868	1.09382e-007
749.267456	4.70703e-008
749.415161	3.60046e-008
749.971985	2.76126e-007
750.721924	1.44066e-007
751.193542	1.20055e-007
751.450806	2.40109e-008
751.793945	1.68076e-007
752.137146	2.40109e-008
752.566223	2.16098e-007
753.296021	1.92087e-007
753.983154	1.92087e-007
754.670654	1.92087e-007
755.336975	1.80082e-007
755.874512	1.20055e-007
756.283203	1.08049e-007
756.713501	1.3206e-007
759.017700	1.15252e-006
761.303894	1.20055e-007
762.318665	4.44202e-007
763.161255	2.40109e-008
763.507019	1.68076e-007
763.852966	2.40109e-008
764.285400	2.16098e-007
765.020874	1.92087e-007
765.713440	1.92087e-007
766.384644	1.80082e-007
766.926147	1.20055e-007
767.337830	1.08049e-007
767.771301	1.3206e-007
768.638611	3.48158e-007
769.528076	1.44066e-007
770.005615	1.20055e-007
770.352966	7.20328e-008
770.700439	1.20055e-007
771.047974	7.20328e-008
771.395569	1.20055e-007
771.960571	1.92087e-007
772.482361	9.60437e-008
772.830261	9.60437e-008
773.961609	5.2824e-007
774.963135	2.40109e-008
775.137329	7.20328e-008
775.573059	1.68076e-007
776.183228	1.68076e-007
776.796509	0.00934743
777.592224	0.00486383
777.836731	0.131533
778.231934	0.15462
778.719910	0.0143674
779.045898	0.00761288
779.422058	0.0204368
779.837524	0.0246232
780.232422	0.00122855
780.543457	2.67984e-005
780.822449	1.09382e-007
781.119202	4.70703e-008
781.270081	3.60046e-008
782.451355	6.12279e-007
783.984070	2.28104e-007
784.926331	2.88131e-007
785.693665	1.3206e-007
786.044617	6.00273e-008
786.373657	1.20055e-007
787.405212	4.44202e-007
788.261658	2.40109e-008
788.613159	1.68076e-007
788.964783	2.40109e-008
789.382385	2.04093e-007
790.019958	1.44066e-007
790.657837	2.04093e-007
792.577637	0.143662
796.337219	0.152339
797.149475	1.11829
798.661499	1.21484
799.305298	0.475218
800.510864	0.324601
801.023438	0.0772005
802.693604	0.0386091
803.918091	0.00293329
804.631958	3.06855e-005
805.058167	4.457e-006
805.549500	0.000218188
806.022461	0.00573046
806.442017	0.00470845
806.684204	0.000330371
806.867126	1.92746e-005
807.195801	0.000483234
807.635986	0.0030685
807.950439	0.00274875
808.156799	7.20208e-006
808.334778	2.37118e-006
808.512756	6.16644e-008
808.802063	6.00273e-008
809.269470	1.92087e-007
809.981934	1.92087e-007
810.694763	1.92087e-007
811.385559	1.80082e-007
811.942932	1.20055e-007
812.344299	9.60437e-008
812.790466	1.44066e-007
813.169739	6.00273e-008
813.459839	9.60437e-008
813.995605	1.92087e-007
814.687866	1.80082e-007
815.380371	1.92087e-007
815.872070	7.20328e-008
816.229736	1.20055e-007
816.699280	1.3206e-007
817.303223	1.92087e-007
818.108826	2.40109e-007
818.914795	1.92087e-007
819.810791	2.88131e-007
820.572754	1.20055e-007
821.110901	1.68076e-007
821.515869	4.8856e-008
822.608643	0.00168922
823.848938	2.40109e-008
824.410583	2.76126e-007
826.479126	8.28377e-007
828.731018	0.000279122
831.533142	0.0233119
834.855164	0.379023
836.760742	0.0531448
837.365356	0.0905339
837.740173	0.172576
840.559753	1.15507
843.595703	5.72425
845.746521	2.31789
846.408508	0.624894
847.465210	0.341395
848.151733	0.0678605
849.110962	0.0376942
851.715149	0.0176878
854.014709	0.000414021
855.007874	3.1641e-006
856.020935	3.46989e-006
857.314636	2.1545e-007
857.984741	1.168e-007
858.509155	1.56177e-007
859.128662	1.68042e-007
859.770996	1.68072e-007
860.253052	8.40383e-008
860.574463	8.40382e-008
860.895996	8.40382e-008
861.126221	3.64335e-008
861.636475	0.0057595
862.657288	0.027228
863.309937	0.0201495
863.727722	0.00725479
864.434387	0.0113054
864.954956	0.00751808
865.321716	0.000669724
865.647583	9.73201e-006
865.996643	8.84625e-008
866.233704	3.50603e-008
866.393860	4.80366e-008
866.693420	1.08049e-007
867.131348	1.20055e-007
867.684631	1.68076e-007
868.168945	8.40382e-008
868.376526	2.40109e-008
868.561096	7.20328e-008
870.873901	0.631589
876.419434	0.87223
878.601990	0.764026
880.000427	0.191166
881.275208	2.95015
884.500183	1.18049
887.169739	0.0667424
889.514221	0.00165211
890.543335	1.07647e-005
891.573059	1.44951e-005
893.316406	0.0197922
895.630493	0.217113
896.826721	0.14886
897.863464	0.0442822
898.845520	0.0520079
899.659180	0.00288196
900.336487	0.0002195
902.036499	0.102766
905.859863	6.50325
908.237854	2.22213
909.131592	0.136159
909.367920	0.257468
910.365173	0.7379
910.817627	0.00242422
911.215698	0.0327449
912.681335	0.0447279
913.806030	0.00299616
916.200989	0.158016
926.840881	3.06301
933.715759	1.23541
936.007996	0.117175
936.357483	0.200873
937.426575	2.00418
938.463074	5.14917
939.428406	0.671439
940.321411	0.418972
941.034058	0.0497443
942.078430	0.130972
945.181396	1.08685
947.318481	0.958294
953.951843	0.469175
960.190369	0.169205
967.635437	0.2146
968.658447	0.0456979
969.463257	0.0285916
969.712463	0.0827669
970.053223	0.11605
970.605408	0.0156621
971.115662	0.00193717
971.411621	0.00903389
971.796753	0.00142176
972.837830	0.164702
990.718201	1.65
997.071533	3.89757
999.056641	0.887812
999.532959	0.0209624
1000.001038	0.466421
1001.114807	0.401702
1001.913574	0.0257451
1003.261169	0.0280387
1010.153076	0.0974659
1018.099976	2.09538e-005
1018.624207	2.11085e-007
1019.249451	1.40723e-007
1020.125122	3.51808e-007
1021.051208	1.68868e-007
1021.802368	2.53302e-007
1022.303345	2.81446e-008
1022.654297	1.68961e-007
1023.881592	0.0306179
1026.070679	0.447468
1027.432129	0.294522
1028.462646	0.0668738
1029.505493	0.0742313
1030.420898	0.00589194
1031.845093	0.0441274
1035.711548	0.0777997
1037.696655	0.392096
1039.008179	0.528969
1039.785767	0.958276
1040.203369	0.112425
1040.890747	0.286192
1042.039185	0.637797
1042.713501	0.0412056
1044.313110	0.0445732
1045.714355	0.00293311
1046.530396	3.01438e-005
1047.016357	4.48535e-006
1047.694214	2.56956e-006
1048.464111	1.81602e-007
1048.954956	9.87118e-008
1049.310791	9.85214e-008
1049.640747	8.4434e-008
1049.869263	4.2217e-008
1050.021606	4.2217e-008
1050.300903	1.12579e-007
1050.834351	1.8294e-007
1051.590088	0.00202391
1053.368896	0.0725031
1055.102661	0.0358446
1055.591309	0.232776
1056.374268	0.172932
1056.971191	0.13764
1057.598633	0.0727902
1058.223877	0.051996
1058.797974	0.00960519
1059.220947	0.00239731
1059.952515	0.00136417
1060.687866	3.35732e-005
1061.094727	1.46104e-007
1061.525879	1.02027e-007
1061.862427	8.44497e-008
1062.092285	4.22159e-008
1062.271118	5.62893e-008
1062.475464	5.62893e-008
1062.781982	1.12579e-007
1063.190796	1.12579e-007
1063.855225	2.53302e-007
1064.673340	1.97012e-007
1065.568481	2.95519e-007
1066.361694	1.40723e-007
1066.796753	9.85063e-008
1067.206299	1.26651e-007
1067.769653	1.8294e-007
1068.452026	0.233828
1071.149170	8.26348
1073.287964	0.987066
1073.696777	0.311621
1074.593384	0.204461
1076.051880	0.805891
1077.175537	0.537082
1078.508057	0.543899
1079.397949	0.146524
1080.568115	0.0731734
1081.099854	0.00750122
1082.726563	0.00657996
1083.901367	0.000120632
1084.343262	2.08441e-006
1085.026245	2.64337e-006
1085.774292	1.69233e-007
1086.339722	1.65792e-007
1086.804688	1.05761e-007
1087.140625	9.06349e-008
1087.450806	9.06345e-008
1087.683472	4.53173e-008
1088.200439	2.56798e-007
1088.743530	6.0423e-008
1089.286621	2.56798e-007
1089.829956	6.0423e-008
1090.166382	1.35952e-007
1090.451050	3.02115e-008
1090.916870	2.41692e-007
1091.590088	1.51058e-007
1092.237549	2.26586e-007
1093.040771	2.41692e-007
1093.921997	2.71904e-007
1094.751709	2.11481e-007
1095.529785	2.41692e-007
1096.179932	1.36786e-007
1096.916748	0.0112925
1098.088135	0.0435014
1098.893188	0.0807368
1099.276733	0.124344
1099.901489	0.0429819
1100.282349	0.0147413
1100.685791	0.0146024
1101.194824	0.0261835
1101.723633	0.00692316
1102.090698	0.000246819
1102.520874	1.24431e-005
1102.728516	9.26545e-008
1103.766235	0.00643248
1107.239624	0.357016
1111.060669	1.79516
1113.472534	0.870454
1114.553345	0.0981792
1116.029175	0.238459
1117.522705	0.0144276
1121.138306	0.155245
1123.054810	1.24329e-005
1123.781860	3.02115e-007
1124.491577	1.0574e-007
1124.885864	1.20846e-007
1125.490723	2.26586e-007
1126.016724	7.55288e-008
1126.463989	1.81269e-007
1127.174561	2.26586e-007
1127.700928	7.55288e-008
1128.148560	1.81269e-007
1128.859619	2.26586e-007
1129.386475	7.55288e-008
1129.834351	1.81269e-007
1131.204956	6.0423e-007
1132.550171	1.66163e-007
1132.972290	7.55288e-008
1133.315308	1.20846e-007
1133.764038	1.35952e-007
1134.820190	4.68278e-007
1135.929688	1.66163e-007
1136.352417	7.55288e-008
1136.828247	1.96375e-007
1137.277588	6.0423e-008
1138.679321	7.40182e-007
1140.416870	0.00196536
1142.234497	0.094995
1143.922607	0.0569438
1144.643188	0.301173
1145.277588	0.251104
1145.919312	0.0359321
1146.623047	0.0647277
1147.578247	0.130482
1149.304199	0.164039
1150.437378	0.0922804
1151.524902	0.0598831
1152.576050	0.0198134
1153.406250	0.00208916
1154.154541	6.85689e-005
1154.697876	0.000304561
1155.625000	0.0153247
1156.507568	0.00686982
1156.763672	0.0408446
1157.203613	0.043979
1157.768433	0.0775297
1158.759277	0.190495
1159.468750	0.389259
1159.934937	0.362763
1160.682617	0.15413
1161.383545	0.0691645
1161.834839	0.076736
1162.293213	0.00339179
1162.489502	0.000283408
1163.110962	0.000461593
1163.734375	3.24076e-006
1164.176025	1.15332e-007
1164.566528	9.08032e-008
1164.888184	9.06421e-008
1165.129028	4.53171e-008
1165.289673	4.53173e-008
1165.610840	1.35952e-007
1166.253418	2.26586e-007
1166.789063	7.55288e-008
1167.244385	1.81269e-007
1167.967773	2.26586e-007
1168.503784	7.55288e-008
1168.959473	1.81269e-007
1169.629883	1.96375e-007
1170.192993	1.20846e-007
1170.836914	2.41692e-007
1171.829834	3.17221e-007
1172.554688	9.06345e-008
1173.064941	1.96375e-007
1173.548340	7.55288e-008
1174.193115	1.96375e-007
1173.763306	4.53173e-008
1174.596191	3.02115e-008
1174.784302	7.55288e-008
1175.053101	7.55288e-008
1175.268188	4.53173e-008
1175.456299	6.0423e-008
1175.918213	0.0079091
1179.171631	0.032493
1180.806030	0.31582
1182.588501	0.2116
1183.047852	0.516703
1183.834839	0.913536
1184.540771	0.00926866
1185.254639	0.126005
1186.082275	0.189251
1186.625977	0.023043
1187.473511	0.222153
1188.299927	0.198255
1188.772339	0.0229766
1189.589355	0.0801947
1190.235474	0.0498688
1192.645752	0.363734
1193.790527	1.3253
1195.189209	1.51541
1196.087524	0.336146
1197.324585	0.226997
1198.019043	0.0187923
1199.622681	0.02097
1200.880005	0.00030074
1201.350098	5.28105e-006
1202.054565	6.70135e-006
1202.800049	9.0338e-007
1203.447998	1.65234e-007
1203.937622	1.05792e-007
1204.291382	9.06354e-008
1204.618042	9.06345e-008
1204.862915	4.53173e-008
1205.162476	1.20846e-007
1205.516357	7.55288e-008
1205.761475	6.0423e-008
1205.952148	4.53173e-008
1206.170044	7.55288e-008
1206.496826	1.0574e-007
1206.959961	1.51058e-007
1207.314209	4.53173e-008
1207.695801	1.66163e-007
1208.268188	1.51058e-007
1208.622559	4.53173e-008
1209.031616	1.81269e-007
1209.440674	4.53173e-008
1209.631592	6.0423e-008
1209.958984	1.20846e-007
1210.286377	6.0423e-008
1210.613770	1.20846e-007
1211.323364	2.71904e-007
1212.224365	2.26586e-007
1212.743164	6.0423e-008
1213.426147	3.17221e-007
1214.163818	9.06345e-008
1214.737793	2.26586e-007
1215.284546	7.55288e-008
1215.749390	1.81269e-007
1216.487915	2.26586e-007
1217.035034	7.55288e-008
1217.500244	1.81269e-007
1218.239258	2.26586e-007
1218.786743	7.55288e-008
1219.252319	1.81269e-007
1219.991821	2.26586e-007
1220.539795	7.55288e-008
1221.005737	1.81269e-007
1221.745728	2.26586e-007
1222.294067	7.55288e-008
1222.760376	1.81269e-007
1223.500977	2.26586e-007
1224.049683	7.55288e-008
1224.516235	1.81269e-007
1225.202515	1.96375e-007
1225.779053	1.20846e-007
1226.438232	2.41692e-007
1227.399780	2.87009e-007
1228.004395	4.53224e-008
1230.946899	0.00136131
1233.185425	0.100378
1235.066040	0.173853
1236.168701	0.108244
1237.345337	0.060148
1238.421021	0.0217403
1239.317383	0.00233602
1240.099731	6.85805e-005
1240.539429	2.082e-007
1241.004150	1.20016e-007
1241.371582	9.68666e-008
1241.620361	4.84155e-008
1241.813843	6.45568e-008
1241.979614	3.22784e-008
1242.228516	1.12974e-007
1242.477295	3.22784e-008
1242.587891	3.22784e-008
1242.698486	3.22784e-008
1243.583496	4.84175e-007
1244.745605	1.9367e-007
1245.133057	3.22784e-008
1245.243774	3.22784e-008
1245.354492	3.22784e-008
1245.465210	3.22784e-008
1245.742065	1.29113e-007
1246.018921	3.22784e-008
1246.129761	3.22784e-008
1246.240479	3.22784e-008
1246.351196	3.22784e-008
1246.628174	1.29113e-007
1247.126709	1.61392e-007
1247.459229	3.22784e-008
1247.847046	1.9367e-007
1248.235107	3.22784e-008
1248.345947	3.22784e-008
1248.456787	3.22784e-008
1248.567627	3.22784e-008
1248.678589	3.22784e-008
1248.789429	3.22784e-008
1248.900269	3.22784e-008
1249.787598	4.84175e-007
1250.952515	1.9367e-007
1251.840576	3.22784e-007
1252.728760	1.9367e-007
1253.117554	3.22784e-008
1253.228638	3.22784e-008
1253.339722	3.22784e-008
1253.450806	3.22784e-008
1253.728516	1.29113e-007
1254.006348	3.22784e-008
1254.117432	3.22784e-008
1254.228516	3.22784e-008
1254.339722	3.22784e-008
1254.617554	1.29113e-007
1254.895386	3.22784e-008
1255.006592	3.22784e-008
1255.117676	3.22784e-008
1255.228882	3.22784e-008
1255.340088	3.22784e-008
1255.451172	3.22784e-008
1255.562378	3.22784e-008
1255.673584	3.22784e-008
1255.784790	3.22784e-008
1255.895996	3.22784e-008
1256.007202	3.22784e-008
1256.896973	4.84175e-007
1258.065308	1.9367e-007
1258.955933	3.22784e-007
1259.846680	1.9367e-007
1260.236572	3.22784e-008
1260.348022	3.22784e-008
1260.459351	3.22784e-008
1260.570801	3.22784e-008
1260.738159	6.46963e-008
1261.942505	0.0436139
1264.864990	0.466446
1266.130859	0.525622
1266.798584	1.03046
1267.738037	0.0657184
1268.206177	0.126467
1269.149902	0.240695
1270.258667	0.301424
1272.467896	1.55216
1273.991333	2.71563
1276.720215	2.82676
1278.155518	0.0479839
1279.130737	0.0647848
1280.953369	0.0175084
1282.237427	0.000300738
1282.718750	5.2928e-006
1283.459839	6.71472e-006
1284.263428	9.16814e-007
1284.892334	1.76602e-007
1285.398438	1.13026e-007
1285.764038	9.6836e-008
1286.101685	9.68351e-008
1286.354980	4.84175e-008
1286.861450	2.42088e-007
1287.480713	1.12974e-007
1287.968018	0.000141949
1290.339844	0.000174583
1290.663940	6.45567e-008
1290.833008	3.22784e-008
1291.171387	1.61392e-007
1291.735229	1.61392e-007
1292.130005	6.45567e-008
1292.299316	3.22784e-008
1292.412109	3.22784e-008
1292.524902	3.22784e-008
1292.637817	3.22784e-008
1292.750610	3.22784e-008
1292.863403	3.22784e-008
1292.976318	3.22784e-008
1293.089111	3.22784e-008
1293.202026	3.22784e-008
1293.314819	3.22784e-008
1294.161499	4.51897e-007
1296.081543	6.45567e-007
1297.550781	1.9367e-007
1298.455444	3.22784e-007
1299.360352	1.9367e-007
1299.756348	3.22784e-008
1299.869507	3.22784e-008
1299.982666	3.22784e-008
1300.888062	4.84175e-007
1302.076904	1.9367e-007
1302.473389	3.22784e-008
1302.586670	3.22784e-008
1302.699829	3.22784e-008
1302.813110	3.22784e-008
1303.096436	1.29113e-007
1303.379639	3.22784e-008
1303.492920	3.22784e-008
1303.606323	3.22784e-008
1303.719604	3.22784e-008
1304.002930	1.29113e-007
1304.512939	1.61392e-007
1304.853149	3.22784e-008
1305.249878	1.9367e-007
1305.703491	6.46032e-008
1307.256592	0.136898
1310.155640	0.696791
1311.903198	0.439142
1312.954102	0.279135
1314.179932	0.156223
1315.166626	0.0313175
1315.954346	0.00174821
1316.613892	2.66828e-005
1317.034668	1.02417e-006
1317.466553	9.81843e-008
1317.809937	9.68957e-008
1318.066528	4.84162e-008
1318.237549	4.84175e-008
1318.550903	1.29113e-007
1318.835815	3.22784e-008
1318.949829	3.22784e-008
1319.063843	3.22784e-008
1319.177856	3.22784e-008
1319.462891	1.29113e-007
1319.747925	3.22784e-008
1319.861938	3.22784e-008
1319.975952	3.22784e-008
1320.090088	3.22784e-008
1320.204102	3.22784e-008
1320.318115	3.22784e-008
1320.432251	3.22784e-008
1320.546265	3.22784e-008
1320.660278	3.22784e-008
1320.774414	3.22784e-008
1320.888428	3.22784e-008
1321.572998	3.55062e-007
1323.113892	5.16454e-007
1324.998535	5.48732e-007
1326.084106	6.45567e-008
1326.541382	1.9367e-007
1327.170288	1.61392e-007
1328.256836	4.51897e-007
1329.801758	4.19619e-007
1330.603149	3.22784e-008
1330.717651	3.22784e-008
1330.832153	3.22784e-008
1330.946655	3.22784e-008
1331.061157	3.22784e-008
1331.290161	9.68351e-008
1331.519287	3.22784e-008
1331.891602	1.77531e-007
1332.435791	1.29113e-007
1332.722290	3.22784e-008
1333.209351	2.42088e-007
1333.983032	1.9367e-007
1334.642456	1.77531e-007
1335.455811	0.0116077
1337.151001	0.0130356
1337.710205	0.232929
1339.560181	1.50449
1340.723022	0.738714
1342.125366	0.223062
1343.069458	0.120239
1343.972900	0.00935117
1344.781250	0.000308671
1345.239258	1.79319e-006
1345.641846	1.44663e-007
1346.106079	9.6977e-008
1346.365479	4.84083e-008
1346.567139	6.45569e-008
1347.454590	0.295406
1350.264038	0.0112991
1356.613647	8.20227
1363.524658	2.81188
1364.870605	4.81455
1366.057983	0.66429
1367.314697	1.33239
1368.408936	0.618836
1368.819336	0.0418466
1369.690430	0.19511
1370.450806	0.0703795
1370.854858	0.0327621
1373.242554	0.287765
1374.266479	0.145311
1374.909668	0.0789182
1375.576416	0.0356997
1376.426025	0.0292303
1377.015259	0.00720948
1379.507446	0.170043
1387.276611	0.630528
1390.645752	0.0812406
1391.288208	0.0662888
1391.967163	0.0258857
1393.010498	1.07844
1395.526978	0.679373
1396.763672	1.48434
1397.380005	0.682541
1397.945190	4.02406
1402.390625	5.80237
1404.143066	0.381067
1406.717041	0.736671
1408.623413	0.343671
1409.491577	2.59743
1412.298462	2.14924
1413.696045	0.108668
1414.696655	0.0128435
1416.098877	0.212678
1418.952637	0.132905
1420.669800	1.27491
1422.086304	1.41623
1423.356201	0.314767
1424.328735	0.11159
1424.864990	0.00758801
1430.057373	0.398734
1439.747070	0.364889
1443.405518	0.0556688
1443.982300	0.0815381
1444.612671	0.0594855
1445.400146	0.316013
1446.221191	0.714828
1447.160034	0.0547087
1447.590576	0.134584
1448.521118	0.173946
1450.055420	1.34131
1451.562256	1.08791
1452.678467	0.215285
1453.875122	0.15391
1457.062866	0.190732
1459.882568	0.0153716
1462.785156	0.653649
1467.360596	0.748588
1471.086548	0.000797027
1472.446655	3.2605e-006
1473.786255	3.57211e-006
1475.476929	3.18777e-007
1476.397949	1.74198e-007
1477.088745	1.93855e-007
1477.873779	2.25914e-007
1478.719238	2.25944e-007
1479.353516	1.12974e-007
1479.776367	1.12974e-007
1480.108643	6.45567e-008
1480.441040	1.12974e-007
1480.924561	1.45253e-007
1481.559204	1.9367e-007
1482.133667	1.12974e-007
1482.405762	3.22784e-008
1482.526611	3.22784e-008
1482.708130	6.45567e-008
1483.071045	3.22784e-008
1482.919800	4.84175e-008
1483.282715	8.06959e-008
1483.585205	8.06959e-008
1483.917969	9.68351e-008
1484.220459	6.45567e-008
1484.401978	3.22784e-008
1484.734863	1.45253e-007
1485.098022	4.84175e-008
1485.309814	6.45567e-008
1485.703369	1.45253e-007
1486.157349	9.68351e-008
1486.520752	9.68351e-008
1486.793213	4.84175e-008
1487.065796	9.68351e-008
1487.308105	3.22784e-008
1487.580688	1.12974e-007
1487.944214	8.06959e-008
1488.186523	4.84175e-008
1489.156128	4.68036e-007
1490.277710	1.29113e-007
1490.641479	6.45708e-008
1494.836914	0.227972
1505.074341	0.991096
1511.816284	0.517293
1513.635254	4.06919
1515.992188	3.23568
1516.880859	1.1916
1518.471069	0.30596
1521.826782	1.98074
1526.797119	0.121834
1529.350708	0.311357
1531.767334	0.710857
1532.492798	0.426159
1532.998169	0.0967577
1534.109985	0.147344
1534.655884	0.0569118
1535.242310	0.0188297
1536.486084	0.0103226
1537.787109	0.00734568
1541.280273	0.126071
1543.211182	0.103955
1544.077515	0.534733
1544.802246	0.414589
1545.479614	0.139501
1546.394897	0.101301
1547.015869	0.0582023
1547.575928	0.0107405
1548.156616	0.000902359
1551.899902	1.68507
1557.174805	0.0895392
1557.816650	0.299954
1558.473877	0.399352
1560.096680	0.0466634
1562.478882	0.416598
1566.001099	0.0333188
1569.126099	0.000825209
1570.495483	6.17068e-006
1571.873657	6.74258e-006
1573.559326	1.7242e-006
1574.558960	1.70866e-007
1575.269409	1.94041e-007
1576.080811	2.25878e-007
1576.953979	2.2594e-007
1577.609253	1.12974e-007
1578.046143	1.12974e-007
1578.389526	6.45567e-008
1578.857666	1.77531e-007
1579.763184	2.90505e-007
1580.606445	1.45253e-007
1581.074951	9.68351e-008
1581.481079	1.12974e-007
1581.793579	4.84175e-008
1581.949829	3.22784e-008
1582.231079	1.12974e-007
1584.513306	1.06519e-006
1586.922363	1.77531e-007
1587.642334	1.9367e-007
1588.581665	2.90505e-007
1589.271118	6.51232e-008
1590.555176	0.0315145
1595.007446	0.250948
1600.576782	0.0209823
1602.172241	0.0101365
1604.526855	0.0232844
1604.977783	0.0543979
1605.468018	0.105631
1605.891113	0.249466
1606.592041	0.0121691
1607.210938	0.0253345
1607.606689	0.0462084
1608.259033	0.0749903
1608.816650	0.00365871
1609.744751	0.00279764
1610.719116	0.000350121
1619.827026	0.303922
1637.105835	0.677644
1639.701538	0.182192
1640.298828	0.470461
1641.137207	0.655617
1642.139648	0.0265728
1642.725586	0.115443
1643.636597	0.139534
1650.194824	0.93934
1657.705566	0.421013
1660.350342	0.371058
1661.198608	0.404027
1661.814819	0.0513323
1662.834473	0.0880118
1663.625244	0.0601589
1664.209351	0.0143442
1665.857788	0.130443
1667.238647	2.25452
1668.960083	1.7223
1670.147339	0.375328
1671.504028	0.231898
1672.166138	0.0143965
1674.225220	0.0182904
1677.614136	0.0339254
1678.836670	0.164842
1679.744385	0.137114
1680.464233	0.041748
1681.305664	0.0580108
1682.099609	0.054921
1683.152832	0.125388
1686.000854	0.0752968
1687.195557	0.060214
1687.942017	0.446039
1688.651001	0.610795
1689.322144	0.0540729
1689.858521	0.0345395
1690.327271	0.0900925
1690.985596	0.0584406
1691.569214	0.0116261
1694.137085	0.486549
1698.530273	0.0713716
1702.370728	0.321989
1707.326172	2.15132
1710.710449	1.0042
1711.706665	0.300894
1713.751221	0.437259
1714.670898	0.0140242
1716.679077	0.018178
1719.087769	0.0278164
1724.980347	4.24759
1728.625732	0.560296
1729.212646	0.0321262
1730.049927	0.232148
1731.024414	0.0906433
1731.629150	0.0118958
1732.566772	0.0281762
1734.013306	0.433915
1737.089355	0.1637
1739.054932	4.7325
1742.108765	4.50986
1744.900513	1.04248
1746.431152	0.347316
1747.227417	0.481671
1748.237427	0.0236996
1748.878296	0.0734762
1749.907715	0.111424
1751.412598	0.0770478
1755.219238	0.104398
1756.751587	0.28915
1758.655029	0.32241
1759.952881	0.0747178
1761.517944	0.0853218
1762.674438	0.0150646
1763.897461	0.025434
1764.620117	0.0162786
1765.359985	0.00854831
1766.333984	0.0068721
1766.960449	0.00364353
1767.436646	0.000145437
1767.885254	4.79043e-006
1768.353760	9.72978e-008
1768.662231	7.29541e-008
1769.058838	1.45624e-007
1769.554932	1.27442e-007
1769.951904	9.10302e-008
1770.249634	7.28242e-008
1770.514282	7.28242e-008
1770.712891	3.64121e-008
1771.076782	1.63854e-007
1771.639404	1.45648e-007
1772.235229	1.8206e-007
1773.129150	3.09503e-007
1774.155762	2.54885e-007
1775.182617	3.09503e-007
1776.176636	2.36679e-007
1777.237305	3.45915e-007
1778.430908	3.09503e-007
1779.326416	1.8206e-007
1779.857178	1.09236e-007
1780.321655	1.45648e-007
1780.852539	1.45648e-007
1781.549438	2.36679e-007
1782.047363	3.64121e-008
1782.412476	1.63854e-007
1782.943726	1.27442e-007
1783.308960	7.2799e-008
1784.435181	0.00626502
1788.831787	0.370105
1792.324097	0.0471029
1792.781982	0.0505183
1793.762817	0.0208918
1794.630371	0.00696443
1795.021362	0.00114719
1795.547485	0.0209795
1807.465576	0.35049
1808.587891	0.0337591
1809.170654	0.0292955
1809.981323	0.196349
1811.217163	0.255652
1811.985840	0.414945
1812.797485	0.098487
1813.669800	0.0555786
1814.570801	0.145737
1815.761108	0.0915843
1817.138550	0.864046
1825.457031	1.3624
1826.568970	0.288769
1827.286011	0.0841044
1828.353882	0.0477178
1828.989990	0.193143
1833.944214	0.0668323
1839.768188	0.337449
1848.809814	0.176863
1851.596680	0.032839
1852.654785	0.500895
1853.634399	0.384734
1854.287109	0.0308943
1855.351318	0.0953904
1856.126465	0.0551355
1856.734985	0.00690298
1857.968384	0.0307678
1863.268433	0.238718
1865.183105	0.285266
1866.160767	0.251737
1866.837524	0.0474663
1867.776123	0.15133
1868.741699	0.113747
1869.243286	0.00868506
1870.342651	0.00973238
1871.194580	0.00137915
1872.188477	0.00947543
1872.850952	0.0269549
1873.314575	0.024971
1873.683228	0.000301763
1874.008545	0.000624948
1874.615723	0.00860437
1875.203857	0.00755254
1875.617188	0.00659894
1876.776489	0.100388
1882.206665	0.00666039
1883.047241	0.136898
1884.177124	0.123559
1884.739014	0.0166323
1885.779541	0.0613829
1886.667358	0.0272826
1887.311279	0.00810553
1892.156372	0.247477
1897.256104	0.293777
1901.340576	0.200001
1902.191284	0.480058
1903.188110	0.438437
1903.815918	0.0696638
1904.770508	0.129038
1906.580078	0.363175
1909.259277	0.00187935
1914.238281	0.382001
1917.822998	0.0526947
1919.362793	0.434295
1920.325684	0.299279
1921.012085	0.0970639
1922.106323	0.0665606
1922.842163	0.0579886
1924.135620	0.199862
1926.470337	0.0603903
1927.712769	0.294129
1929.037842	0.0840303
1931.190552	3.63641
1940.861206	1.8365
1942.588989	1.13203
1943.191040	1.60116
1945.178711	2.35308
1946.287842	1.40246
1947.968628	1.29431
1957.681763	6.63755
1967.042847	3.18592
1974.861084	0.630885
1976.355347	1.06277
1977.836548	0.733743
1978.335327	0.0771152
1979.292603	0.304995
1980.964233	0.238035
1981.747559	0.017248
1995.406250	3.36912
2003.023071	0.0456884
2004.799561	0.188866
2005.810425	0.231246
2016.638550	0.861953
2041.740234	0.444957
2043.061890	1.59506
2045.639038	0.192038
2046.653809	0.957801
2047.367554	3.68688
2049.800293	3.21605
2051.150635	0.55319
2052.752197	0.828469
2053.710938	0.0622948
2054.467041	0.0123886
2055.228516	0.0134638
2071.399902	0.939343
2074.097656	0.458299
2075.015381	0.296599
2075.693848	0.0674231
2076.931641	0.137036
2077.896484	0.078036
2078.616455	0.0402437
2079.781006	0.0169628
2080.556152	0.00787623
2084.971680	0.550092
2088.863281	0.0894297
2091.133545	0.109519
2091.817627	0.212001
2092.777344	0.286032
2094.547363	0.11598
2095.821289	0.103715
2097.093994	0.0446651
2097.985107	0.175272
2098.762207	0.299078
2100.089600	0.332214
2100.645264	0.489868
2101.658447	0.63512
2103.352295	0.476595
2104.592529	0.37373
2105.878418	0.0639754
2109.410400	1.89856
2114.146729	1.14423
2116.014160	1.97952
2117.185059	0.52212
2121.940186	3.08799
2122.939453	0.0391629
2123.358887	0.016327
2124.778076	0.0192399
2126.440430	8.25613
2132.993896	0.878848
2134.362549	3.57868
2135.271240	4.96205
2136.810791	0.188102
2137.552734	0.00239279
2138.213623	0.23782
2141.677979	0.583653
2145.632324	3.08428
2151.416992	6.83664
2154.804443	5.84594
2156.827881	0.229242
2158.212158	0.0711202
2159.319336	0.00119034
2161.022949	0.50349
2163.273682	3.82584
2165.767822	0.27619
2166.751221	0.09618
2167.411621	0.0219034
2168.634521	0.0757942
2169.668701	1.70829
2182.097412	2.44141
2185.253174	1.36779
2186.901123	8.52565
2189.637451	1.38251
2192.270752	0.880114
2194.692871	0.0207856
2195.365967	0.00284486
2196.277344	0.0323896
2197.643311	0.127841
2199.441895	0.391976
2200.925049	0.544252
2202.218262	0.238998
2203.634521	0.391812
2208.820801	0.0356964
2213.427734	1.06275
2223.283936	1.88315
2225.429443	0.0286505
2226.445801	0.0977047
2227.082031	0.222848
2228.405762	0.0182073
2230.116699	3.57339
2232.761719	2.04991
2234.095947	0.97598
2235.681641	0.32133
2237.353271	1.81768
2247.132568	0.854136
2249.445557	0.494835
2250.894287	0.223394
2252.458252	0.175206
2253.691650	0.0911592
2267.121338	0.758793
2268.300537	0.0519515
2270.252197	0.173615
2272.066895	0.106653
2272.619141	0.120056
2273.295166	0.406058
2275.041748	0.239293
2276.539795	0.122908
2277.212646	0.293344
2278.405273	0.252815
2279.099365	0.0452354
2280.133545	0.263902
2281.071289	0.0648766
2281.910156	0.465052
2283.010498	0.139252
2286.127686	10.1728
2289.149170	3.47448
2290.612305	1.09873
2291.789063	0.295625
2292.382813	0.133634
2293.091553	0.0615571
2294.258789	0.0644609
2295.479736	1.43581
2301.945801	2.28481
2316.290527	2.73539
2318.497559	0.504755
2319.923828	0.611187
2321.448486	0.736945
2322.896729	0.237104
2324.217529	0.459398
2332.881592	0.0230717
2333.421387	0.0172287
2335.546143	0.0857666
2336.071777	0.00527069
2337.405518	0.697076
2342.121826	0.892321
2345.769043	0.536679
2349.999023	0.0924222
2351.437500	0.0592461
2352.199951	0.0789565
2352.886719	0.0438591
2353.469482	0.0118822
2354.138428	0.035103
2354.919678	0.0889913
2357.422119	0.3869
2359.815918	0.701141
2361.341064	0.0967386
2362.537598	0.297632
2363.553223	0.225615
2364.447998	0.0912791
2365.509033	0.184253
2366.652588	0.234552
2367.302490	0.0399264
2368.346924	0.120908
2369.328613	0.0473506
2370.338623	0.174871
2371.531006	0.310846
2372.717773	0.476686
2374.211670	1.37492
2376.599365	3.23313
2381.574707	4.61725
2384.515869	1.27133
2386.531006	0.903841
2388.063477	0.28079
2389.750732	0.277832
2391.020264	0.0240934
2392.348389	0.0378143
2400.877930	0.0299583
2403.133057	0.361817
2404.994873	0.266316
2405.918457	0.214931
2406.789795	0.0593129
2407.827881	0.075224
2409.411377	0.135944
2410.412109	0.273585
2411.434326	0.672737
2413.402832	0.0851757
2414.952637	0.702446
2417.701904	0.29046
2421.031738	1.63007
2424.625977	0.71213
2428.009033	0.819572
2433.181641	9.33991
2437.834473	8.62075
2441.500244	2.08002
2442.870361	0.302031
2443.881104	2.97391
2446.463867	0.770979
2447.172363	0.105499
2448.067627	0.421582
2450.229492	0.672905
2451.591797	0.095273
2452.277588	0.534539
2453.784180	0.0562619
2454.291016	0.0558834
2455.871582	0.206084
2457.926514	0.31991
2460.760254	0.665921
2461.920410	3.18209
2471.081055	4.03365
2474.335693	1.91646
2474.916992	0.0264594
2475.681885	0.950541
2478.435059	1.4666
2479.969238	1.5557
2481.683838	0.723729
2482.527832	0.0550105
2483.229248	0.103407
2483.638672	0.139963
2484.875488	2.76139
2487.175537	2.00346
2488.458984	0.503785
2490.997559	2.82579
2503.646729	3.65159
2507.605713	7.26635
2512.173584	4.09674
2515.065674	2.35845
2526.941895	2.10458
2528.770020	0.00738986
2530.679199	1.62954
2531.930176	0.0209114
2534.058594	1.83879
2536.819580	3.83885
2539.964600	4.15946
2543.209717	2.0926
2546.275146	0.05186
2546.766113	0.0359127
2548.483643	2.0372
2550.922852	1.05841
2551.459473	0.252588
2553.835938	8.38484
2556.632568	0.688198
2560.372559	0.861326
2561.344971	0.415479
2562.446533	1.072
2563.585205	2.04985
2565.104248	0.00155919
2565.525635	0.0113791
2568.426514	3.39204
2571.640869	0.0833279
2573.024414	2.37766
2576.457520	2.56983
2579.545410	0.276591
2581.508301	0.181295
2583.008301	0.0857869
2584.560303	0.0841764
2585.117676	0.0559959
2585.572754	0.00644733
2586.693115	0.0114875
2587.345703	0.0108051
2588.030273	0.126642
2593.043213	0.204952
2595.989014	1.07154
2598.463867	0.436969
2600.077148	2.89336
2601.499268	0.348757
2603.977783	1.85858
2606.705811	0.0521624
2616.240234	1.52731
2622.215088	0.852259
2624.546875	0.0757446
2629.460938	0.0198812
2630.250488	0.0117344
2630.946289	0.00532999
2631.437012	0.000559689
2634.466064	0.627473
2636.074951	0.257091
2637.254395	0.96727
2638.340332	0.041919
2638.960938	0.177329
2641.253662	3.62906
2653.288330	1.63004
2655.575928	1.93493
2657.479492	0.876058
2659.217773	5.39947
2668.565918	5.46397
2669.628906	2.01689
2671.397949	1.14094
2675.173096	0.629184
2677.476563	1.37111
2680.062500	6.81947
2684.435791	2.13722
2686.021484	0.368037
2686.848877	0.072768
2688.143311	0.0818413
2689.047607	0.111066
2689.783936	0.0413037
2691.926514	0.380757
2694.449463	2.87418
2696.723145	4.21527
2698.281250	0.698498
2700.751709	2.01807
2703.763672	0.333436
2707.364502	0.412505
2710.526123	0.538631
2713.238037	2.23465
2716.419434	0.4333
2717.343018	1.12047
2718.076660	0.697585
2718.922363	4.49835
2723.478271	4.10279
2726.007568	1.15986
2727.249268	0.443974
2728.961670	0.175356
2729.812012	0.101288
2730.604980	0.0423951
2731.966064	0.0415272
2732.813477	0.0468201
2733.786865	0.119314
2735.520996	0.10644
2736.788086	0.159115
2737.738525	0.0553226
2738.649658	0.0595058
2739.860596	0.0447373
2741.386719	0.289369
2749.031738	0.30001
2749.750244	0.100707
2750.331787	0.00598361
2750.806885	0.079943
2751.987549	0.0642927
2753.905273	0.342354
2756.427490	0.60501
2757.902100	0.400171
2758.727051	0.0347672
2759.840820	0.163598
2760.928467	0.0950318
2762.042480	2.33698
2766.018311	0.877158
2767.130127	2.29994
2769.251709	0.427555
2771.460205	0.0779525
2772.487549	3.09387
2775.363281	11.6396
2779.355225	4.09345
2780.087402	4.69569
2782.910645	0.60704
2784.920654	0.679147
2786.038330	0.144584
2787.084717	0.502065
2787.933350	0.460019
2789.107666	0.0828774
2790.094971	0.0995851
2790.818115	0.140152
2792.994873	0.0707779
2794.795166	0.1544
2796.420166	0.082761
2798.323975	0.0482239
2800.545898	0.295965
2805.361084	1.83292
2806.321533	4.20164
2809.776611	12.5526
2813.771240	1.99219
2817.510010	0.809633
2822.986084	1.66768
2831.767822	1.29142
2834.097900	0.504179
2836.634277	0.714575
2837.896484	1.74473
2839.931152	0.230053
2841.550049	0.364297
2842.748779	1.20393
2844.393799	0.0124519
2846.558838	0.50515
2847.655029	0.160648
2848.826416	0.152779
2849.616943	0.0651462
2850.915039	0.0519801
2851.848389	0.0259262
2853.972168	0.266687
2858.356689	0.353816
2867.736328	1.42739
2869.933594	0.0205701
2870.574219	0.0133863
2872.138672	0.711755
2878.183105	3.95868
2879.317627	4.94494
2884.916016	1.41471
2890.339600	1.17993
2891.681641	7.57496
2898.068115	0.362928
2899.190674	4.95547
2903.096924	1.7963
2904.098389	0.260636
2906.797119	3.37478
2914.357422	0.180329
2917.792236	0.189272
2919.863770	0.585863
2927.826660	1.63274
2929.630615	7.60237
2936.797119	12.1014
2938.285645	35.5239
2941.692627	1.38351
2945.199707	8.734
2948.854980	0.132296
2950.188721	0.112941
2950.920410	0.397268
2953.132813	0.0256541
2954.520508	0.170068
2960.291748	2.06923
2961.878906	0.802662
2963.347656	0.774209
2964.239502	0.146136
2965.173096	0.362566
2966.424561	0.453867
2968.959717	0.331085
2969.834717	0.298416
2971.291504	0.0222615
2971.927979	0.14532
2973.441895	0.289926
2975.268555	0.263712
2977.456787	0.0381396
2978.906250	0.00308041
2979.546143	0.174527
2985.075439	0.622773
2986.746582	0.407217
2988.053955	0.549208
2988.844727	0.557534
2990.436523	1.86064
2991.930420	0.580743
2993.067383	1.15659
2993.708740	0.203418
2994.974365	0.556166
2997.492188	1.73775
3001.472412	0.416119
3005.053711	0.121861
3006.898438	1.78141
3008.618408	1.18821
3009.802002	0.00492564
3010.798096	0.185624
3011.772705	0.111333
3012.551270	0.187662
3013.368896	0.0325737
3014.689697	0.142012
3015.571289	0.136097
3016.500732	0.0909462
3017.287109	0.0146261
3017.819336	0.0194274
3018.681152	0.0321908
3019.501221	0.0548452
3024.260254	0.308313
3025.819092	2.36045
3028.270752	3.95853
3029.611572	1.1143
3031.642822	0.31821
3034.776123	1.88892
3037.291260	2.70442
3038.677246	1.39097
3040.614014	0.334783
3041.463623	0.0161896
3045.037109	1.13019
3049.519043	1.64021
3052.438721	0.642567
3054.425781	1.08956
3056.291992	0.782872
3057.684326	0.645167
3058.623535	0.181848
3059.718018	0.20956
3060.897461	0.147348
3061.753906	0.0326103
3062.775391	0.116283
3065.859375	0.174486
3067.767334	0.118121
3069.434570	0.177283
3071.477783	0.00981099
3072.048584	0.0687354
3072.720459	0.106967
3073.344727	0.151051
3075.003906	0.0216293
3076.608643	0.0312941
3078.499023	0.0607415
3079.223633	0.376854
3080.961914	0.619981
3082.747314	0.181456
3084.635254	0.183854
3086.077393	0.0203714
3092.130371	0.331098
3094.841309	0.0677875
3095.830322	0.0237853
3099.520996	0.415848
3103.621094	0.365358
3105.358154	1.40155
3107.920898	1.54964
3109.462891	1.19179
3111.275146	0.739297
3114.472900	0.543317
3116.328857	2.79571
3117.655762	4.84987
3125.040283	2.96729
3126.249023	1.08134
3131.335205	2.38144
3135.041748	1.20944
3136.002930	0.555246
3137.511230	0.0353009
3138.421387	0.483758
3140.397949	0.363416
3141.555908	0.236171
3142.327637	0.117174
3143.643555	0.0601396
3145.488770	4.87822
3149.903320	6.50718
3151.600830	0.916864
3153.644043	1.80336
3156.820068	1.50585
3165.058350	3.35369
3166.393799	0.336035
3167.314697	0.284636
3168.049316	0.0225587
3168.559570	0.200624
3169.808838	4.58927
3176.175049	1.26586
3178.424072	4.49287
3179.450439	5.38626
3181.622803	0.494358
3183.020996	0.858281
3185.131104	3.54133
3194.170410	4.23751
3199.440430	1.12389
3201.426025	0.0759168
3202.588867	0.507204
3203.805176	0.296935
3204.706299	0.718604
3206.735596	0.469148
3208.662598	0.376628
3210.307617	0.140396
3211.252441	0.0225277
3212.079834	0.00462973
3213.180908	0.76499
3219.065918	0.0708101
3221.132813	1.38631
3223.077637	1.14846
3224.527100	0.312707
3225.246094	0.195131
3226.751709	0.424243
3227.952148	0.281927
3231.504639	0.0396462
3232.454102	0.110162
3233.782227	0.990173
3237.257813	0.0763083
3237.957031	0.160091
3239.783447	0.191082
3241.038330	2.09185
3242.950684	2.03598
3244.966309	0.501855
3246.829834	0.601194
3248.060059	0.0316289
3249.809814	1.43653
3256.718506	0.569158
3258.478271	0.580829
3260.141113	1.12738
3265.579346	2.14903
3266.557129	1.20742
3268.911377	0.0421563
3270.460449	0.0974211
3271.845703	0.405094
3272.959473	1.25758
3276.522949	3.34497
3279.633789	0.377282
3281.263916	3.95237
3284.305176	0.634731
3287.608154	14.6392
3291.578125	0.906661
3295.787354	1.76143
3298.638428	0.956747
3301.161377	1.21287
3302.935547	0.366555
3304.974121	0.388054
3305.927490	0.142958
3307.454834	0.115858
3308.450928	0.498126
3309.195801	0.412106
3310.959961	2.77685
3312.500000	6.83755
3321.214111	0.249232
3322.459717	0.237457
3324.812256	0.405058
3325.751221	0.0991241
3326.645508	0.567129
3327.566406	1.60171
3330.638184	4.22772
3332.532959	0.869435
3334.327148	2.31778
3335.971680	3.86322
3338.832520	12.2096
3341.891846	1.59136
3345.025391	0.162422
3353.776123	1.59848
3357.235352	1.42174
3358.532715	0.207762
3360.716553	0.343527
3362.010254	0.219743
3363.296387	0.191288
3365.556885	1.03082
3373.623535	0.517166
3375.729736	0.4017
3377.259277	0.478296
3380.577148	1.6636
3381.921387	0.51817
3382.999512	0.557858
3383.861328	0.102956
3385.280518	0.288098
3386.597900	0.815129
3394.725342	2.84198
3396.285889	5.84222
3400.153076	0.15076
3402.008789	6.88027
3403.603516	1.11883
3405.263428	0.397624
3407.835449	4.74244
3414.036133	2.27443
3415.104248	1.86597
3417.700439	7.12346
3419.555420	14.6906
3423.430176	0.459804
3424.511963	0.0306342
3425.442139	0.0453489
3426.868652	0.0503994
3431.049561	0.508145
3431.890137	0.153717
3433.072754	0.725469
3434.825439	0.697653
3436.627686	0.319207
3438.619873	0.145999
3439.875244	0.0259282
3440.873535	0.0256132
3444.066406	0.138406
3446.699951	0.167714
3447.620117	0.59325
3449.116699	0.405624
3449.766357	0.282349
3451.216309	0.328332
3453.472656	0.207553
3454.941406	0.255776
3457.282715	2.75413
3459.458252	2.37692
3461.407471	0.802678
3462.718750	0.945885
3466.737061	2.48777
3468.500732	3.53637
3475.288818	3.48805
3479.377930	1.99198
3481.118652	0.195262
3482.218506	0.0814311
3482.831299	0.278509
3484.513672	0.439383
3491.719482	3.99781
3494.024414	1.85952
3494.979492	0.0411179
3496.223389	0.552516
3498.079590	3.17989
3502.762451	0.614121
3509.927490	0.237539
3511.176270	0.186358
3512.594482	0.1018
3513.615967	0.0140843
3515.015625	0.0650615
3516.044922	0.178126
3519.201416	6.95869
3523.635254	29.5555
3528.473145	25.7689
3536.285889	5.66962
3539.595947	4.17577
3540.829590	5.62334
3542.919189	0.324664
3547.204102	0.85585
3552.365723	4.14102
3555.826904	0.348795
3557.929932	0.177061
3559.596191	0.184575
3562.520996	0.427363
3564.435547	0.649389
3566.131348	0.558576
3567.843018	0.385439
3569.606201	1.76393
3572.305176	0.320527
3573.508301	0.504847
3575.918457	1.5195
3576.611328	0.273296
3577.901855	2.59634
3582.723389	3.39822
3584.030518	0.432546
3586.380371	1.22858
3587.971924	0.848729
3588.817871	0.320336
3590.117188	0.54535
3591.462158	0.140385
3592.241699	0.158081
3593.333496	0.0505055
3594.086670	0.0180948
3595.062256	0.015021
3597.719971	5.62157
3606.036133	1.16556
3607.197754	0.210983
3608.803467	0.468997
3610.741943	7.70809
3615.125977	6.61445
3618.032959	0.296983
3619.386719	5.67479
3623.644287	1.68801
3625.299316	6.6735
3628.609863	0.381429
3630.032715	0.210562
3632.026855	0.699943
3635.644043	0.0640911
3636.530029	0.0209115
3638.026855	0.0829269
3640.315674	0.770189
3642.842773	13.3005
3650.922852	9.00834
3655.802002	3.38889
3657.198975	0.27309
3658.785400	1.25324
3662.732666	0.211314
3664.758545	0.728275
3674.643066	7.84539
3676.977539	16.2001
3684.888184	13.5382
3686.278076	5.11113
3689.597412	0.334038
3691.980957	9.84509
3696.288574	1.7036
3698.399170	0.148982
3699.623047	0.431333
3700.425049	0.280366
3701.996338	3.25607
3703.558105	2.07395
3705.789063	0.738192
3707.373535	4.84611
3711.056641	0.0349517
3713.250488	1.09166
3715.340820	0.0821542
3716.594971	0.457928
3718.942871	1.29907
3720.588135	5.99029
3727.630615	3.19535
3729.121582	4.60861
3739.405518	5.4718
3746.958984	2.95502
3748.714355	0.124226
3749.620361	0.473137
3752.382080	0.103804
3753.949463	0.326995
3755.489746	0.765756
3756.795410	1.00518
3758.829346	0.481542
3760.009033	1.63291
3762.186523	0.536165
3763.066650	0.793465
3765.474365	0.463399
3766.901855	1.2517
3769.268799	0.906752
3771.044922	1.00516
3771.617920	0.0631747
3772.601074	0.540304
3773.233398	0.36674
3774.241943	0.0948645
3775.036865	0.60521
3776.824951	0.14928
3780.998779	0.883222
3782.672852	0.317905
3784.531250	0.423455
3786.550049	0.683762
3788.548828	0.463366
3790.944092	0.0732277
3792.505127	1.63634
3793.629150	6.56582
3797.139160	0.211225
3798.211426	0.836972
3799.851807	1.44816
3801.623535	0.117151
3804.171387	0.402106
3805.151367	0.355741
3806.413818	0.302357
3807.306885	0.0140198
3807.893311	0.0185473
3808.880615	0.0939119
3810.036865	0.205744
3811.436279	0.379869
3812.989258	4.80075
3818.035889	8.75496
3823.361572	5.39999
3826.147705	0.883049
3831.606201	0.109835
3832.789063	0.158342
3833.876221	0.378612
3835.379395	0.779206
3836.656982	1.897
3839.602539	4.35252
3841.003418	4.48275
3843.327637	0.570081
3844.966309	2.02492
3847.492676	0.0453195
3849.723633	3.93615
3852.831543	0.651539
3854.399414	4.6173
3856.284180	0.595253
3857.623047	0.177353
3859.118896	0.068488
3861.395508	0.266337
3863.700439	0.84506
3865.940186	0.218437
3866.834961	0.455441
3868.162598	0.543533
3869.345703	0.116817
3870.176270	0.247401
3871.648438	3.75269
3882.684814	3.47329
3884.271973	1.4357
3886.456055	5.73053
3889.315918	3.10922
3890.722168	1.95743
3892.842285	0.185255
3894.201416	1.73707
3898.460449	0.137141
3902.415771	0.613529
3904.303223	1.94994
3906.295654	5.69966
3907.552734	5.88586
3909.989258	0.515995
3911.723145	1.03559
3913.107422	1.16921
3914.666748	1.36496
3916.745605	0.165087
3917.784424	0.262042
3923.165039	1.73866
3925.577148	3.80152
3927.664307	4.67748
3929.461182	1.64666
3931.405762	0.607064
3932.649170	0.444798
3933.628662	0.706976
3935.142822	1.48856
3936.316895	0.277533
3937.248779	1.88891
3941.918701	1.04142
3945.078613	1.16533
3946.981201	0.547486
3949.004883	0.444089
3950.564697	0.0925086
3952.204834	0.0346907
3956.078125	0.631319
3957.744385	0.20099
3958.882324	0.96025
3960.692627	8.33915
3964.171631	0.985633
3965.647949	1.66675
3968.132080	2.19169
3969.793945	0.912692
3971.899170	0.110773
3973.551758	0.30312
3975.226563	0.387612
3976.369385	0.117854
3977.937744	1.89059
3980.410645	3.79622
3981.138672	0.0117322
3982.154297	5.35145
3985.726563	0.0443411
3987.662842	4.54005
3989.245117	0.754391
3990.716064	0.185996
3991.538086	0.14353
3992.900635	0.212933
3994.127197	0.0277686
3994.991211	0.02924
3996.221191	4.27434
3999.635010	6.45046
4001.057617	2.38219
4003.318848	1.03284
4004.433594	0.203274
4005.905762	0.264991
4006.936035	0.381494
4009.404297	0.469965
4012.462158	12.1732
4018.677246	0.569105
4020.363281	2.70006
4021.525146	1.74521
4023.674316	2.70672
4025.664795	1.37475
4027.226563	0.924251
4029.447998	0.12792
4032.458008	1.60139
4034.426025	3.76283
4037.755615	0.811802
4039.866699	3.53045
4040.867920	2.07205
4042.602051	1.39032
4044.738770	2.98519
4046.283936	1.21992
4048.101807	2.17023
4050.009277	2.06158
4052.146729	0.404374
4053.296631	1.01569
4054.794678	4.7029
4056.887451	0.886578
4058.662109	4.19617
4065.650879	2.7971
4077.491699	17.1502
4078.544189	4.93452
4081.289551	7.48055
4082.602051	0.327051
4083.501709	0.729568
4085.325684	12.0268
4092.625732	0.533476
4094.956787	3.0518
4096.873047	2.40398
4098.650391	1.85537
4100.582520	0.182458
4101.684082	0.0267669
4103.198242	2.03214
4108.585449	7.28172
4112.020020	2.57437
4113.189941	4.81298
4117.107910	1.82455
4119.713867	0.748429
4120.851563	1.21978
4121.790527	4.81662
4125.841797	7.63346
4139.494141	79.5696
4143.574219	1.1807
4145.054688	8.71495
4155.454590	7.09174
4157.647949	1.82397
4162.559082	2.46974
4164.361328	0.541006
4165.847168	4.30259
4167.620117	1.20486
4169.098633	2.81586
4171.373047	0.0526445
4172.767090	8.54549
4181.418945	1.21114
4182.846191	0.52291
4183.383789	0.0234386
4184.881348	5.07568
4193.104980	6.84091
4196.790039	0.100827
4198.297852	0.362056
4201.673340	0.0129136
4207.547363	1.06151
4211.257324	0.317759
4213.189941	0.0922095
4215.545410	0.446585
4216.846191	0.0334752
4217.804199	1.10008
4219.428711	2.0878
4221.671387	0.667814
4223.502930	2.86682
4229.304688	0.107598
4232.989258	2.00442
4235.193359	5.89771
4236.821289	1.10777
4237.980957	0.227996
4239.326172	0.713271
4240.884766	0.201747
4241.744629	0.185133
4243.336914	0.468706
4245.080078	0.668764
4246.831055	3.11143
4251.102051	1.15505
4255.878906	19.984
4258.345215	5.15113
4260.326660	3.84509
4262.145020	9.18677
4269.882324	15.4633
4272.957520	2.22471
4274.576172	7.96487
4278.153320	1.52373
4280.675293	6.51722
4282.162109	4.96482
4284.542969	0.651303
4288.475586	1.35077
4291.075684	1.25174
4292.592773	1.46632
4293.846191	0.972449
4295.664063	2.03348
4299.221191	5.76539
4301.826172	23.5443
4305.818848	4.21476
4309.679199	1.11644
4311.817383	1.82283
4314.060059	0.684571
4316.648438	2.64509
4320.704102	4.90821
4322.616211	0.475207
4323.944336	0.208934
4325.544434	1.28341
4327.349121	2.0505
4330.879395	14.389
4333.507813	12.2256
4335.193359	46.9657
4340.571289	0.968695
4342.801758	3.61434
4344.749023	0.603772
4346.275391	0.372185
4348.303711	1.34079
4349.794922	0.182381
4350.576172	0.170406
4351.971680	7.05864
4358.412109	0.033227
4360.296387	1.95875
4363.189453	0.322487
4365.397461	0.185509
4369.865234	1.82359
4372.430664	0.53826
4375.312500	2.22764
4376.982910	0.377625
4378.027832	0.265086
4379.629395	0.531112
4380.740723	0.0937528
4382.058105	2.5721
4388.368652	0.20746
4390.373047	0.151546
4391.251465	0.0795154
4392.729980	0.307574
4393.953125	0.0646826
4394.884766	0.330641
4397.993652	1.73361
4400.590332	2.97316
4401.936523	0.94292
4403.222656	0.84356
4404.420898	0.288494
4406.009277	0.117749
4407.221191	1.31417
4408.276855	3.44617
4412.288086	9.4576
4416.304688	1.72789
4417.973633	2.08816
4420.918457	0.684876
4422.622070	2.01767
4425.654297	2.39938
4427.780273	1.96031
4429.775879	1.2973
4431.819336	0.480414
4434.681641	2.90854
4439.122559	10.3479
4444.501953	1.27908
4448.141113	11.0112
4451.494141	2.09648
4453.936523	0.775399
4455.674316	0.885086
4457.839844	0.00837197
4459.949707	2.17602
4464.030273	4.80625
4469.406250	3.98681
4471.019531	0.172197
4471.841797	1.42825
4476.327148	1.75243
4479.762207	0.815114
4487.836426	1.56323
4489.815918	1.11521
4491.548828	1.15782
4496.353027	0.0847911
4498.825684	1.93184
4501.326172	0.961278
4502.218750	0.019887
4503.578125	0.362006
4504.984375	0.0991347
4506.029297	0.596906
4508.465332	0.171642
4510.784180	2.69365
4515.885742	7.99531
4516.877930	0.513534
4518.366211	6.39656
4523.280762	1.2048
4525.012207	2.16828
4525.767090	0.41531
4527.314453	0.995917
4529.733887	1.21056
4530.823730	0.315807
4532.705078	3.21592
4536.921875	10.3692
4541.409180	4.01334
4542.971191	1.06854
4545.413574	0.320433
4547.941406	0.647345
4550.945313	2.36096
4552.928711	1.37355
4555.377930	0.579374
4557.044922	1.1161
4561.785645	1.35163
4566.435547	4.04316
4567.797363	1.40661
4569.549805	1.336
4570.449219	0.125743
4571.248047	0.253809
4572.634766	0.0865873
4573.811035	8.71209
4577.629395	0.0411796
4579.123535	0.250945
4580.472656	0.146841
4581.608398	1.87369
4584.726074	1.63242
4585.936035	1.37423
4589.573730	2.1596
4591.802734	2.36389
4594.250488	1.06282
4596.236328	0.71295
4597.983887	0.113771
4599.209473	1.34475
4600.844238	1.32814
4602.529785	0.110661
4603.559082	0.257098
4604.346680	0.129373
4605.770508	0.404073
4607.587402	0.0156352
4608.510254	0.241444
4610.395996	0.0872003
4611.273438	0.0423515
4614.294434	0.259169
4615.800781	0.162614
4617.765625	0.201289
4619.129395	0.160502
4620.315430	0.13179
4621.563965	0.171097
4623.185059	1.48983
4628.502930	4.25422
4632.107910	17.445
4640.927734	25.5329
4644.160645	1.06748
4645.453125	0.187196
4646.711914	0.153638
4648.408691	14.9664
4656.122559	12.6287
4658.165527	1.90198
4660.393066	3.26077
4662.194824	3.64781
4667.333984	1.98329
4668.567871	2.09537
4669.565430	7.59561
4675.466309	4.33039
4679.970703	5.06341
4683.250000	3.33008
4684.776855	5.22488
4687.218750	1.74103
4689.747070	6.20454
4697.191895	11.6505
4698.236816	1.96599
4703.218262	139.723
4711.746094	3.88726
4720.830078	285.721
4723.021973	156.004
4732.110352	0.628833
4737.565430	8.78637
4739.060547	8.55521
4747.348145	14.1887
4750.524902	0.153851
4753.758789	7.24494
4758.393555	5.26228
4764.927734	7.30359
4769.598633	11.6099
4774.139648	2.85441
4777.997070	16.7636
4782.152344	1.12061
4784.904785	4.10879
4788.000000	0.688198
4789.380371	0.0795403
4790.576660	0.211155
4792.733887	0.523503
4794.094727	0.502778
4799.331055	3.64509
4803.391602	18.6298
4807.103516	1.09367
4808.795898	1.59124
4810.810059	1.00622
4811.438965	0.571466
4812.719727	0.123557
4816.404785	11.7179
4819.807617	2.09139
4821.414063	8.81901
4829.012695	0.701708
4830.227539	0.737467
4834.551270	4.44049
4836.851074	10.5106
4843.830566	2.31446
4845.216797	0.159681
4848.123535	1.58073
4849.684082	1.76007
4851.787598	2.09365
4852.389160	0.595605
4854.717285	19.0175
4863.004395	2.66667
4864.390625	1.41705
4869.002441	17.2357
4870.818359	1.86069
4873.532715	5.7257
4881.020020	3.64366
4882.781738	0.871199
4884.993164	1.63154
4886.529297	1.28765
4888.343262	2.09702
4889.407227	0.183139
4890.708008	0.513391
4893.009277	5.22793
4897.351563	0.695606
4899.640137	0.770832
4901.416016	0.288512
4904.080078	0.788082
4905.741699	1.25226
4908.577637	2.6383
4910.895020	4.89675
4915.487305	3.04409
4918.193848	4.4462
4919.418457	0.810413
4920.396973	1.59054
4922.060059	1.8932
4929.069336	3.57728
4930.569824	1.29344
4933.241211	0.178166
4934.395508	0.0440809
4941.109375	6.37618
4943.681641	0.474586
4946.436035	2.73391
4949.605469	4.9599
4951.852539	2.88973
4954.958984	12.9903
4960.562500	15.1531
4964.963379	1.40791
4967.999512	0.401453
4969.748535	0.950932
4972.407227	1.17238
4975.272461	1.61468
4977.751465	1.0015
4979.549805	3.05928
4982.846191	2.30181
4984.407715	2.22736
4986.979980	1.84159
4989.055176	0.792374
4990.672363	0.256476
4992.079102	1.32271
4994.698242	0.216135
4997.250488	1.07036
5000.355469	1.00168
5003.606445	0.0664635
5004.678711	0.198884
5005.980469	0.78215
5009.361328	0.125905
5010.484375	0.568312
5011.704102	7.01711
5015.415039	0.604665
5017.511230	3.17438
5019.808594	1.15277
5022.211426	0.673106
5025.916992	2.34454
5027.858398	2.01365
5029.994141	1.43888
5033.617188	0.937966
5037.677734	3.01945
5040.094727	0.515203
5041.886719	0.368496
5044.643555	0.624573
5045.758301	3.7834
5050.124512	11.1252
5055.682617	1.16082
5058.172363	4.06148
5061.530762	0.0682661
5063.296875	0.231311
5070.601074	34.2042
5076.286621	2.37178
5077.911621	1.60345
5080.739746	0.377315
5083.715332	1.9003
5086.734863	1.87647
5089.108398	0.775356
5091.273438	1.00867
5093.265137	1.60224
5097.054688	0.0627339
5098.300293	0.133293
5099.652344	0.470145
5101.223633	1.53422
5102.790039	3.97171
5103.891602	0.714327
5105.274902	1.32777
5106.666016	0.548206
5111.292480	1.75455
5112.418457	0.103995
5113.721680	0.449214
5115.164063	0.293886
5116.574219	0.410816
5118.646484	0.964744
5120.140137	6.81581
5127.943359	6.886
5134.092285	0.296187
5135.895020	0.147469
5138.274414	0.510179
5140.874512	0.443383
5143.964844	2.42924
5146.904785	0.0174774
5149.146973	6.71854
5151.011230	0.378167
5152.925781	5.26287
5155.970215	0.349379
5157.194824	0.286419
5158.700195	5.73816
5164.158691	3.3632
5167.966309	1.68536
5178.282227	5.52212
5180.414551	8.71064
5183.979004	0.2339
5185.027344	0.0532596
5185.820313	0.203519
5188.358887	0.0714739
5189.809082	0.657699
5192.354980	0.207105
5196.208984	11.4327
5201.261230	4.78929
5203.160645	1.72567
5206.006836	1.08598
5208.899414	0.326702
5210.771973	0.260778
5212.561523	0.57983
5213.433105	0.143925
5215.134766	0.361785
5216.740234	0.417605
5218.173828	0.515898
5219.487305	0.361807
5221.889648	3.33347
5223.921387	4.17136
5233.455566	16.8757
5238.761230	15.4177
5244.942871	9.92306
5246.389648	14.6077
5253.237305	2.84257
5255.364258	2.04956
5257.348145	1.92124
5262.147949	0.774856
5263.638184	0.274111
5265.111328	0.0706299
5267.179688	0.676179
5269.304199	0.295118
5272.198242	2.88936
5278.619141	0.122165
5279.812500	0.0194233
5284.832031	1.77591
5286.261719	0.461478
5288.185059	1.44928
5290.274414	3.91069
5296.334473	4.03114
5297.782227	0.911646
5300.155273	0.115544
5304.739746	1.30765
5307.924316	0.846875
5310.218750	0.824096
5312.727539	0.394892
5315.218750	0.260006
5317.677246	0.0950431
5321.681641	0.310254
5324.198730	0.734755
5326.730957	1.42527
5329.167480	0.269259
5330.546875	0.588831
5333.246582	5.69841
5336.066895	0.0377018
5339.299316	3.02922
5342.406250	0.317053
5343.985840	0.0809594
5345.917480	3.72544
5347.280273	7.11404
5351.002441	1.75766
5353.240234	2.83468
5354.967285	1.3897
5357.413574	0.132827
5360.113770	1.82299
5363.567383	2.10538
5367.138672	8.39333
5370.237793	0.331989
5372.857422	1.53737
5374.586426	1.5688
5375.395020	1.85019
5377.471680	3.47752
5379.922852	1.29278
5381.966309	0.204075
5383.724609	1.81666
5385.262207	1.89203
5389.091309	0.866725
5391.278809	0.528228
5392.995117	0.488161
5394.274902	0.548126
5395.825195	1.20958
5397.086914	0.612225
5399.962891	0.824178
5402.471191	1.72263
5404.641602	0.532397
5405.984375	1.14228
5408.778809	0.105206
5411.286621	2.25727
5412.966309	3.50133
5415.605957	0.692656
5417.939941	2.1278
5419.507813	1.01846
5422.168457	0.268119
5423.753418	0.101108
5424.752441	0.0270623
5426.225098	0.0183726
5427.759766	0.077669
5429.144043	0.349582
5430.874512	2.75706
5438.688477	0.762137
5444.252930	0.64145
5446.770020	0.292399
5450.645020	7.28093
5455.748047	8.54596
5458.428223	0.0460066
5460.854004	3.69431
5465.708008	2.40499
5471.229492	2.27573
5481.176758	3.53598
5482.827637	4.87992
5491.504883	4.1325
5497.511719	0.315108
5501.198242	0.333671
5503.716309	0.418545
5505.509766	0.591941
5509.126465	0.759724
5511.214355	0.13239
5513.128418	0.152127
5514.947266	0.212598
5517.939453	1.65831
5520.778809	1.02379
5523.067871	0.448388
5525.360840	0.216186
5526.516602	0.0390314
5529.596680	0.124267
5531.900391	0.115342
5534.445801	0.0060375
5538.493164	1.36416
5541.757324	0.358797
5543.456055	2.20437
5546.518066	1.36048
5547.447754	0.601856
5550.451660	0.704797
5552.241699	0.135513
5552.993164	1.04955
5557.323242	0.701736
5558.875488	2.33542
5559.766602	0.723323
5561.600586	4.38015
5569.314453	0.679146
5571.631348	12.7928
5576.866699	7.88777
5582.958496	1.09031
5584.681641	5.2222
5589.959961	2.42885
5594.853516	0.579099
5598.051758	4.7487
5603.423828	0.103155
5604.700684	0.355774
5606.942383	10.3628
5608.740723	17.2861
5615.707520	16.1358
5620.240723	0.231195
5623.075684	1.23097
5624.823730	1.36507
5626.983398	2.62697
5628.818359	1.58553
5631.380859	3.0013
5638.535645	3.09045
5644.912109	0.312666
5646.956055	1.27125
5649.906250	0.945311
5655.026855	4.5621
5656.408691	2.22881
5660.410156	7.50363
5661.666504	2.0445
5663.289551	1.87452
5665.036621	2.01004
5667.293457	3.33649
5670.106445	2.25241
5672.260254	0.892856
5674.663574	1.95616
5676.711426	2.78494
5678.958008	1.88546
5681.407715	1.06104
5683.389160	0.797312
5688.145508	0.712261
5690.515625	1.56042
5692.564453	1.38738
5696.146484	5.7017
5701.607910	21.6197
5706.516602	8.24393
5708.108887	1.51016
5709.223145	0.585629
5710.424316	3.86864
5712.425781	3.30411
5714.228516	11.3003
5719.062500	3.46415
5727.917480	10.1231
5731.104492	1.68232
5732.058105	3.21582
5736.770508	1.1668
5739.758789	0.360934
5742.798828	0.467474
5744.008789	0.131368
5746.352051	0.205737
5748.502930	1.73205
5752.363770	0.894992
5753.559082	2.09433
5759.916016	5.63552
5762.917969	1.18343
5765.573730	2.59475
5767.476074	1.75268
5769.542969	1.73213
5771.046875	0.158613
5772.274414	0.391596
5773.939453	2.27956
5778.107910	0.217134
5781.582520	1.85052
5784.870117	4.92523
5786.943359	2.58829
5789.680664	0.562587
5792.051758	2.99545
5796.846191	6.22383
5802.933105	20.7387
5812.737305	10.1076
5821.011230	5.13092
5825.110840	17.6444
5831.172852	0.50843
5833.580078	6.04643
5835.522461	5.78453
5840.291504	5.69597
5842.187012	15.6877
5851.745605	8.64831
5856.196777	0.413745
5858.795898	0.479023
5860.412109	0.04086
5862.304199	0.0141056
5864.010254	2.38757
5868.086426	0.423648
5869.928223	1.89146
5874.455566	0.514924
5887.689453	2.94943
5889.851074	0.0554188
5891.656738	0.670615
5899.557129	2.41586
5904.468262	0.538441
5906.084961	0.319671
5907.508301	0.158222
5911.340820	1.56949
5913.937012	1.43702
5915.959961	2.52174
5917.084961	0.262733
5918.733398	0.701825
5921.095703	7.32125
5931.317383	5.32368
5935.815918	1.25152
5938.153320	0.608615
5940.380371	3.20482
5947.757324	18.3111
5951.742188	2.88845
5959.768555	21.9417
5969.396484	18.34
5976.626953	1.78721
5981.197266	0.10094
5982.424316	0.255293
5984.327148	1.24228
5987.048828	0.794629
5989.948242	0.921359
5992.230957	0.0309956
5993.280762	0.159313
5995.221191	7.51431
6003.035156	4.89144
6005.380859	1.06357
6007.493164	10.4002
6011.410645	15.9933
6013.563477	5.36886
6015.940430	3.2762
6018.229980	0.0646265
6030.150879	166.417
6046.603516	362.771
6054.072754	12.5143
6056.032715	2.38573
6059.119141	34.9766
6067.153809	6.39279
6078.196777	12.6157
6083.235840	3.09658
6086.446289	2.11558
6092.647949	0.430902
6094.701660	0.746013
6100.220215	7.48155
6112.472656	15.4873
6117.403320	8.68309
6122.062500	10.9552
6125.173828	1.65561
6126.722656	0.89189
6128.699707	5.8358
6131.843750	5.78864
6134.001953	3.37299
6137.437012	0.608958
6139.942871	0.557149
6142.081055	0.42636
6145.013672	15.5104
6159.589355	17.5792
6162.114258	3.77015
6164.686523	17.1921
6173.024414	5.05845
6177.227051	7.73253
6179.329102	1.89824
6181.479980	3.13164
6184.298340	5.19663
6192.335938	2.88033
6197.015625	8.71684
6201.361816	1.47296
6207.394531	0.463835
6208.778809	0.34747
6211.703125	0.701641
6213.687500	0.509192
6216.082520	0.108753
6221.790527	0.910068
6225.740234	0.0351691
6227.734375	5.47561
6233.382324	6.50053
6235.240234	2.01758
6239.043945	2.63099
6242.154785	4.41476
6249.181641	3.01267
6252.223145	1.44919
6255.380859	9.16177
6258.859863	0.550186
6264.789063	5.97667
6272.366211	2.0795
6275.234375	0.222363
6278.156250	0.712201
6279.968750	1.13693
6283.523926	0.0023684
6285.041992	1.97019
6287.221680	3.41205
6289.807617	1.31654
6292.251465	1.83738
6294.264648	0.195022
6295.907715	0.0633546
6298.150391	4.01849
6304.273438	1.18667
6307.020020	12.215
6314.909668	4.22414
6318.630859	6.9045
6324.921387	5.31026
6329.580078	0.341574
6331.828125	2.94782
6334.184082	0.803407
6336.575684	2.45272
6338.499023	0.28643
6341.889160	11.8856
6347.075195	5.81522
6356.542480	3.61998
6359.398438	0.585787
6363.053711	3.326
6368.568359	3.5714
6372.940430	12.9101
6377.747559	15.7425
6395.601074	19.9358
6399.193359	1.71445
6401.494141	1.10279
6404.279785	0.387992
6409.913086	6.09967
6418.965820	4.53329
6420.925781	9.89635
6428.673340	25.852
6435.037109	20.8258
6440.667969	12.2307
6443.786133	0.305059
6447.711426	2.57275
6450.549316	4.14473
6452.624512	1.90459
6453.758301	0.397676
6455.401855	9.04979
6461.416992	8.69163
6465.220703	2.54425
6467.784180	1.16216
6469.752930	6.94965
6479.732910	1.73762
6485.758789	11.876
6492.152344	7.46133
6495.250488	0.0539569
6499.412598	5.42131
6502.651367	0.548698
6504.298828	6.2916
6513.555664	21.5992
6521.874023	46.6482
6536.164063	11.9307
6538.625000	0.471318
6541.345703	7.78991
6547.829590	3.31953
6553.166992	0.370458
6557.180176	12.7263
6558.937500	4.36725
6563.023926	1.83521
6564.949219	12.4106
6575.666016	2.55237
6579.820313	9.23828
6585.796387	7.10689
6593.025391	10.3592
6594.884277	13.8101
6602.001953	10.2028
6618.235352	0.47211
6621.513184	7.69929
6624.701660	0.518217
6626.474609	1.087
6627.498047	0.286679
6629.204590	0.370151
6630.967285	0.748664
6634.075684	0.0975641
6637.654297	0.305981
6639.951172	0.635767
6641.780762	0.840065
6643.208008	0.43746
6644.910645	0.348346
6646.572266	0.242174
6648.856445	0.269261
6651.620117	2.3098
6654.617676	3.25047
6659.687500	37.6049
6668.166016	10.4244
6670.474609	0.0415078
6672.533691	9.72894
6677.205566	5.32899
6678.978516	4.72037
6681.987793	3.44843
6688.846680	0.0635305
6696.588867	2.5418
6699.738770	3.8437
6708.229492	5.25043
6710.533691	0.0682032
6712.687988	1.08282
6715.178711	0.604377
6717.902344	0.320669
6720.124512	0.865181
6724.081055	0.0417583
6725.446777	1.0379
6730.639648	0.864228
6737.218262	0.78608
6744.954590	1.39737
6747.593750	0.419114
6750.531738	1.37313
6752.928223	0.358537
6755.163574	4.41924
6763.834961	2.94051
6766.643066	0.847864
6769.333008	1.2362
6772.859375	2.25557
6774.883789	0.408932
6778.177734	0.694053
6780.498535	0.22763
6783.670898	0.506238
6784.931641	0.370911
6786.891113	0.590343
6789.798828	0.365127
6791.771973	0.083027
6794.580078	0.67272
6797.286133	0.380029
6800.032715	0.145971
6802.043457	0.0594438
6804.955566	0.208171
6807.501953	0.0798416
6809.448242	0.244978
6811.297363	0.197217
6812.771484	0.0450365
6814.448730	0.115586
6816.111328	0.285116
6822.875000	1.26599
6829.913574	0.788814
6836.663574	0.859735
6839.084473	0.457029
6840.240234	0.0188789
6842.202637	0.260881
6845.002930	0.485018
6848.556641	0.0394373
6850.752441	0.557734
6853.088379	2.46917
6855.642090	0.351974
6858.082520	1.77751
6860.819824	0.94391
6862.127441	1.4168
6864.544434	1.05848
6867.352539	0.789487
6869.527832	0.678428
6873.693848	0.129112
6876.845215	6.40238
6892.048828	11.5876
6899.999023	4.35046
6902.702637	0.0468568
6904.811035	0.230011
6913.359863	1.1198
6917.197754	2.07683
6920.335449	1.24456
6923.110352	0.454907
6931.312500	5.20549
6939.784668	2.7742
6946.108398	0.544585
6951.707520	0.320298
6955.708008	1.75876
6960.248535	1.54611
6962.415039	0.779075
6967.337891	5.30685
6972.644531	2.06486
6975.917969	3.79564
6978.208496	1.48549
6981.468750	0.866813
6984.726563	4.37994
6991.295410	2.99066
6993.124023	1.75422
6996.015137	1.24982
6999.770020	4.13719
7002.423828	0.642961
7005.617676	1.0204
7009.109863	4.31351
7015.113281	6.91755
7020.453125	4.05216
7025.926270	3.51689
7031.933594	1.93138
7034.037109	0.236509
7035.504883	1.7762
7037.758301	4.28011
7039.067383	0.140328
7040.489746	1.63803
7042.772461	0.300772
7044.359375	0.935272
7049.724609	0.82873
7053.983398	1.40695
7056.193359	1.69043
7058.677734	1.28906
7063.755859	0.18415
7067.655273	1.45296
7071.981934	0.14351
7075.521484	0.58138
7077.073242	0.0685531
7079.262695	0.608098
7081.940430	0.312404
7083.391113	0.150051
7084.814941	0.313336
7086.920898	0.153934
7089.244141	0.132461
7093.147461	4.67848
7098.820801	3.30526
7102.503418	2.12865
7105.037109	0.616577
7108.293945	3.33635
7118.585938	3.90297
7125.081543	10.9826
7129.426270	0.60267
7136.842773	1.99805
7138.795898	0.460115
7140.797852	0.341624
7142.637695	0.115455
7143.915527	1.02636
7149.232910	3.90249
7158.676270	0.0921126
7162.247559	0.227799
7165.617676	0.768589
7167.909180	2.04027
7176.512207	2.3373
7181.867676	0.396286
7183.643066	0.158145
7186.592773	0.110232
7190.117676	0.108991
7191.992676	0.176021
7193.455078	0.403656
7195.755859	1.92323
7199.343262	0.792786
7201.601563	0.607277
7204.898926	0.0942324
7207.522461	0.2644
7210.147949	0.251084
7212.633789	0.0746535
7215.659180	0.157228
7217.901367	4.63028
7222.601563	1.08291
7224.973633	1.7199
7230.846680	0.760133
7233.456055	0.473528
7237.359863	4.15703
7240.421387	1.91922
7243.347168	0.837083
7248.018555	2.22778
7255.254883	6.79136
7259.677246	9.37101
7261.677734	3.01307
7265.076660	3.71848
7267.405273	7.50153
7272.861328	14.0412
7278.110352	1.27574
7286.269531	4.5291
7288.439941	1.20212
7289.930176	0.237406
7291.397461	0.519703
7293.339355	0.101297
7294.661133	0.000797144
7296.593750	0.219793
7302.778809	2.89966
7319.699219	0.47016
7341.125977	2.93273
7348.844727	0.577046
7351.540039	0.38663
7354.492188	0.123448
7356.644531	0.0796892
7358.256836	0.0147604
7359.737793	0.114327
7361.747559	0.120943
7364.144531	0.640257
7370.331543	5.11792
7376.173828	2.46349
7378.191406	0.519669
7381.342773	0.393648
7387.473145	4.6177
7394.353516	3.13496
7401.346191	1.82446
7408.972656	5.61411
7415.132813	3.00685
7417.779785	0.240387
7420.351563	3.70409
7424.441406	1.22326
7426.203613	1.8425
7433.524414	1.34015
7439.529297	5.3951
7450.992676	0.766832
7452.813965	0.985302
7454.481445	4.42928
7462.166016	0.332803
7464.176758	0.607738
7467.216309	1.74999
7469.361328	0.645646
7471.685547	0.165954
7479.129883	0.947887
7485.500488	2.68916
7491.311035	1.01997
7494.051758	0.320627
7496.203613	0.147657
7501.158203	4.35103
7506.324707	2.41544
7508.192871	0.456618
7511.637207	0.499845
7512.930176	0.113017
7516.332031	0.19684
7524.754883	0.924219
7528.490723	0.707239
7530.592773	0.316537
7534.593750	0.400874
7536.635742	0.132096
7539.726563	0.288625
7547.975098	0.222795
7551.217773	0.777207
7553.546387	0.824833
7556.795898	0.29961
7558.871582	0.655191
7562.787109	0.657465
7565.145508	4.86094
7573.770508	0.000172
7575.104980	1.46029e-008
7576.287598	2.6772e-008
7578.847656	0.00271789
7585.208496	3.92976
7592.553223	2.67865
7595.287109	1.9689
7598.338867	0.600073
7600.462891	0.169811
7603.856445	1.79955
7606.865723	0.06348
7609.562500	1.3014
7615.838867	0.000162639
7616.758789	4.86763e-009
7617.407227	0.00249767
7621.277832	0.739514
7624.261230	3.26965
7634.473633	2.26536
7640.641113	0.000277966
7641.751465	9.73527e-009
7642.380371	1.21691e-008
7643.288574	1.94705e-008
7644.336914	1.70367e-008
7645.035645	7.30145e-009
7645.385254	4.86763e-009
7645.944336	1.46029e-008
7647.412109	3.65073e-008
7648.600098	4.86763e-009
7649.089844	1.21691e-008
7649.579102	4.86763e-009
7649.928711	7.30145e-009
7650.557617	1.46029e-008
7651.326660	1.21691e-008
7652.235840	1.94705e-008
7653.284668	1.70367e-008
7654.238281	0.0066466
7657.937500	2.16416
7663.935547	2.34856
7667.545410	0.48877
7672.723633	0.000162639
7676.153809	0.92457
7678.045898	8.06334
