TITLE "<<201110_CED_CKF_B4_PM_7332_RM7807_ThermoSIN_MSMS1kVPos_Sen_MetON_AlkTrx_XCal_TIS_30_100_10k_6500hv>> 4700 MS/MS Precursor 7332 Spec #1=>AdvBC(32,0.5,0.0)=>NR(2.00)=>SM31=>CT[BP = 4722.3, 2478]" CENTROID
TYPE MASSSPEC
10.033664	11.6374
11.878058	2.62727
16.189701	2.19867
20.866423	6.5658
22.719372	1.27713e-008
22.756372	5.10853e-008
22.800814	2.55427e-008
22.851189	0.00322259
22.989985	0.0728546
23.120852	0.23716
23.201429	0.172188
23.288420	0.0906318
23.394209	0.0718032
23.467630	0.0192536
23.519547	0.000843676
23.582005	4.9789e-005
23.611300	9.97317e-008
23.657356	1.79536e-008
23.679861	1.91452e-008
23.702524	1.9157e-008
23.736536	3.8314e-008
23.766790	1.27713e-008
23.781925	1.27713e-008
23.797066	1.27713e-008
23.812208	1.27713e-008
23.827358	1.27713e-008
23.857670	3.8314e-008
23.888002	1.27713e-008
23.903175	1.27713e-008
23.918352	1.27713e-008
23.933535	1.27713e-008
23.948723	1.27713e-008
23.979113	3.8314e-008
24.009521	1.27713e-008
24.024733	1.27713e-008
24.039949	1.27713e-008
24.055170	1.27713e-008
24.070396	1.27713e-008
24.100863	3.8314e-008
24.131350	1.27713e-008
24.146599	1.27713e-008
24.161854	1.27713e-008
24.177114	1.27713e-008
24.192379	1.27713e-008
24.222923	3.8314e-008
24.253487	1.27713e-008
24.268776	1.27713e-008
24.291718	2.55427e-008
24.341463	5.7471e-008
24.391260	2.55427e-008
24.429600	3.8314e-008
24.475647	3.8314e-008
24.506369	1.27713e-008
24.548645	5.7471e-008
24.590956	1.27713e-008
24.637156	6.38567e-008
24.729685	8.93993e-008
24.822388	6.38567e-008
24.868805	1.27713e-008
24.884285	1.27713e-008
24.899773	1.27713e-008
24.946262	6.38567e-008
25.016077	5.10853e-008
25.054905	1.27713e-008
25.078217	2.55427e-008
25.132652	6.38567e-008
25.226109	8.93993e-008
25.315834	5.7471e-008
25.362709	1.9157e-008
25.401806	4.46997e-008
25.484007	8.93993e-008
25.546726	1.27713e-008
25.582041	4.46997e-008
25.625235	2.55427e-008
25.648809	1.27713e-008
25.695993	6.38567e-008
25.766851	5.10853e-008
25.806259	1.27713e-008
25.829918	2.55427e-008
25.853588	1.27713e-008
25.869373	1.27713e-008
25.893063	2.55427e-008
25.931316	0.000395616
26.003706	0.0151273
26.078484	0.0124293
26.121687	0.00087187
26.154346	5.10588e-005
26.213062	0.00127581
26.291782	0.0081
26.348066	0.00725597
26.385044	1.90714e-005
26.416945	6.07198e-006
26.448864	6.15543e-008
26.524750	7.02423e-008
26.592739	3.8314e-008
26.648796	5.10853e-008
26.688873	1.27713e-008
26.724970	4.46997e-008
26.769119	2.55427e-008
26.793217	1.27713e-008
26.817324	2.55427e-008
26.841442	1.27713e-008
26.857529	1.27713e-008
26.873617	1.27713e-008
26.889713	1.27713e-008
26.917891	3.19283e-008
26.974291	5.7471e-008
27.018644	1.27713e-008
27.034784	1.27713e-008
27.050926	1.27713e-008
27.067074	1.27713e-008
27.083227	1.27713e-008
27.115547	3.8314e-008
27.147886	1.27713e-008
27.164064	1.27713e-008
27.180244	1.27713e-008
27.196432	1.27713e-008
27.212624	1.27713e-008
27.245020	3.8314e-008
27.277437	1.27713e-008
27.293653	1.27713e-008
27.317986	2.55427e-008
27.342329	1.27713e-008
27.366682	2.55427e-008
27.407297	3.8314e-008
27.460140	4.46997e-008
27.565981	1.21328e-007
27.708780	1.02171e-007
27.802820	4.46997e-008
27.880627	7.6628e-008
27.938026	1.27713e-008
27.979063	5.10853e-008
28.048895	5.7471e-008
28.118814	5.10853e-008
28.184700	5.10853e-008
28.234163	2.55427e-008
28.258913	1.27713e-008
28.275417	1.27713e-008
28.291927	1.27713e-008
28.308443	1.27713e-008
28.324963	1.27713e-008
28.341486	1.27713e-008
28.358017	1.27713e-008
28.374550	1.27713e-008
28.391088	1.27713e-008
28.407633	1.27713e-008
28.424181	1.27713e-008
28.440735	1.27713e-008
28.457293	1.27713e-008
28.486282	3.19283e-008
28.544304	5.7471e-008
28.589933	1.27713e-008
28.606535	1.27713e-008
28.623142	1.27713e-008
28.639753	1.27713e-008
28.656370	1.27713e-008
28.672991	1.27713e-008
28.689615	1.27713e-008
28.706247	1.27713e-008
28.747845	5.10853e-008
28.839466	8.93993e-008
28.939583	6.38567e-008
28.989708	1.27713e-008
29.006424	1.27713e-008
29.023148	1.27713e-008
29.039875	1.27713e-008
29.056606	1.27713e-008
29.073343	1.27713e-008
29.090086	1.27713e-008
29.106833	1.27713e-008
29.123583	1.27713e-008
29.140339	1.27713e-008
29.157101	1.27713e-008
29.173866	1.27713e-008
29.190638	1.27713e-008
29.207413	1.27713e-008
29.224194	1.27713e-008
29.240978	1.27713e-008
29.257769	1.27713e-008
29.287163	3.19283e-008
29.362816	8.30136e-008
29.446989	4.46997e-008
29.569254	1.40485e-007
29.670631	1.27713e-008
29.742546	9.5785e-008
29.818785	1.9157e-008
29.839981	1.27713e-008
29.869665	3.19283e-008
29.916346	3.8314e-008
29.971558	4.46997e-008
30.052345	7.6628e-008
30.111942	1.27713e-008
30.128981	1.27713e-008
30.150286	1.9157e-008
30.188654	3.8314e-008
30.239851	3.8314e-008
30.312452	7.02423e-008
30.397978	5.7471e-008
30.453632	2.55427e-008
30.479338	1.27713e-008
30.513628	3.8314e-008
30.560808	3.19283e-008
30.619091	0.390511
33.987400	18.4732
36.594067	0.137989
36.732670	0.0787519
36.820618	0.0228988
36.959461	0.0527266
37.129009	0.719172
39.979134	0.165182
40.233250	2.20118
40.402058	0.897255
40.651943	0.0130039
40.795181	2.06843
41.363178	0.739752
41.615250	0.944756
41.846161	0.339713
41.996910	0.0135162
42.088036	0.109445
42.617172	2.00751
42.922203	0.240131
43.047611	0.095566
43.181160	0.0595319
43.568138	0.857467
43.712246	0.0302602
44.170795	1.03604
44.368389	0.13181
44.508823	0.10727
44.685555	2.21931
44.882221	0.166641
45.136799	5.28796
46.471035	5.63733
46.696857	1.5842
46.977768	0.235597
47.423470	3.39049
47.880566	3.95483
48.048130	0.0478649
48.369961	103.294
48.521667	63.388
48.681927	43.8317
48.890511	61.7184
49.060890	3.28388
49.195076	24.3241
49.340324	3.86056
49.438866	32.4477
49.586590	5.53182
49.675488	1.08682
49.758091	13.1453
49.946117	52.696
50.264210	5.54774
50.488377	59.4105
50.877655	1.96532
50.977268	0.858818
51.035713	0.617951
51.243183	22.7571
51.499603	3.25528
51.698215	4.82109
51.851616	32.0825
52.223320	8.00974
52.372906	15.8236
52.737068	2.65619
52.904930	12.8763
53.385460	10.0095
53.734890	9.80282
54.309547	30.9769
54.867584	33.6591
55.452049	13.6681
55.849846	1.37025
56.107948	0.443281
56.327297	2.50939
56.848507	12.1962
57.453899	8.60924
58.095699	2.80392
58.788876	2.15762
59.497246	2.71177
60.115566	1.64234
60.636578	0.0745559
61.944279	1.95854
62.344475	0.286953
62.775742	2.63755
64.130432	0.672647
65.067001	0.842243
65.667946	1.2975
66.133751	1.26045
66.976463	2.79743
67.553085	0.840023
67.724762	1.17269
68.486725	2.29163
69.364594	5.51733
76.306190	7.47469
76.818359	0.317915
77.272949	1.10613
77.524155	0.916989
77.726242	0.0789505
77.882721	0.155951
78.068848	0.0519339
78.217926	0.139584
78.437325	0.0874685
78.540337	0.00500967
80.654732	2.48936
81.242004	0.509698
81.524139	0.629192
81.759636	0.350642
82.071571	0.452214
82.299866	0.295752
82.463074	1.12983
82.790146	0.4026
83.149178	0.253347
83.240593	0.0101504
83.380325	0.3534
83.536697	2.72268
84.148590	4.19537
84.708878	0.552211
85.004974	0.0756903
85.212532	0.310326
85.381203	0.216803
85.537987	0.0618619
85.749741	0.0547336
85.931160	0.0548338
87.251152	0.505762
87.635933	0.0611509
87.825233	0.46719
88.163315	0.0615711
88.532433	1.87749
89.065460	0.324935
89.349442	2.9108
90.132294	1.1741
90.451279	0.396924
92.925835	1.01618
94.375038	2.27973
94.900925	0.699575
95.060486	1.1828
95.589523	0.269443
95.990349	0.0671081
96.353233	4.02373
97.172554	1.51043
97.378105	1.75153
98.238548	1.19023
99.953354	1.41148
100.226036	0.226063
100.521263	0.329565
100.901802	1.88686
101.865631	0.131057
102.042053	0.384133
102.242813	0.899368
102.448715	0.0446388
102.620071	0.173025
103.411018	2.22159
105.184692	0.224291
107.816933	1.97913
113.372711	0.03886
114.262283	0.534926
114.879791	2.43219
115.212723	1.18144
115.590393	0.485575
115.888840	0.234678
116.142082	0.0177393
118.450623	0.336705
119.451866	0.305362
119.698021	0.257236
119.884636	0.114507
120.101639	0.138632
120.311539	0.0633551
120.930458	3.98413
121.629692	0.735558
121.790237	0.0608623
122.028526	0.250144
122.285255	0.603827
122.574745	0.488517
122.727806	0.0283554
122.982239	0.187179
123.206772	0.0776603
123.377754	0.575813
123.667236	0.2253
123.841835	0.0383087
124.097160	0.113783
124.305183	0.0866547
124.657532	0.550605
125.081039	0.379923
125.480797	0.118811
125.877686	0.267979
126.151955	0.259841
126.758347	0.294654
127.004234	0.0451379
127.606857	0.10218
128.306366	0.0699682
128.599838	0.0979148
128.794525	0.0769308
128.967148	0.0822438
129.230820	0.0329896
129.805573	0.628831
130.223297	1.52295
130.670944	1.62271
130.986221	0.420772
131.377258	0.278798
131.638107	0.176139
132.258835	0.538456
132.607574	0.339063
133.029984	0.0802468
133.263062	0.0145017
133.384125	0.00782739
133.950867	1.54393
140.689728	0.0650479
141.285461	0.693406
142.166168	0.00920483
146.726730	0.866916
148.999039	0.025955
149.276779	0.343078
149.528732	0.256325
149.713730	0.0428111
150.005402	0.12021
150.190948	0.0642918
150.588821	0.769833
151.049683	1.29393
151.342468	0.533032
151.737045	0.260041
152.195923	0.117801
152.467987	0.558104
152.650345	0.841107
153.135269	0.178889
153.501572	0.182036
153.910065	0.182018
154.173004	0.0307447
155.047073	0.107986
161.981812	1.91168
163.025070	0.482039
163.476639	0.434419
163.612747	0.0298547
163.859818	0.306267
164.159378	0.00700297
164.350662	0.0152742
164.506973	0.0249081
165.319122	0.270807
166.133820	0.0106957
166.311478	0.00444977
166.471878	0.00484461
166.590912	0.000914175
166.835068	0.00213992
167.007889	0.0024782
167.159836	0.00141817
167.479523	6.7222e-005
167.948288	7.66731e-006
168.564026	0.0686015
169.500168	0.42874
170.064529	0.318874
170.496857	0.0985931
170.949051	0.129109
171.321442	0.0750819
171.539764	0.0495779
171.778305	0.0217089
172.069733	0.0176248
172.285477	0.106576
172.627487	0.234319
172.858978	0.144808
173.082306	0.0649654
173.388977	0.0536232
173.578949	0.0447735
174.482697	1.86777
175.398438	0.354475
175.690720	0.757172
175.842407	0.184466
176.151581	0.454131
176.553421	0.072868
176.945999	1.47223
177.300674	0.111528
177.884811	0.406399
178.537643	0.0186668
179.923798	0.643589
182.637543	0.245152
182.902985	4.81389e-008
183.029312	4.81389e-008
183.145172	4.01157e-008
183.261063	4.81389e-008
183.471848	1.12324e-007
183.746078	9.62778e-008
183.999374	9.62778e-008
184.274002	1.12324e-007
184.495956	5.6162e-008
184.686310	8.82546e-008
184.846725	3.10291e-008
185.031357	0.000543956
185.404175	0.0197497
185.796722	0.0302988
186.032944	0.0193914
186.270111	0.0112347
186.579453	0.00959856
186.785492	0.00284443
186.953659	0.000301381
187.095566	4.88861e-006
187.260590	5.63371e-008
187.372635	3.18578e-008
187.446854	2.40653e-008
187.521454	3.20926e-008
187.606750	3.20926e-008
187.745377	7.22083e-008
187.873383	2.40694e-008
188.076157	1.2837e-007
188.375168	9.62778e-008
188.759979	1.92556e-007
189.091660	5.6162e-008
189.284378	8.82546e-008
189.498627	7.22083e-008
190.206512	4.57319e-007
191.055573	1.76509e-007
191.313889	1.60463e-008
191.356964	1.60463e-008
192.176224	5.93713e-007
192.997253	1.60463e-008
193.040512	1.60463e-008
193.083771	1.60463e-008
193.127045	1.60463e-008
193.170319	1.60463e-008
193.321823	9.62778e-008
193.560013	8.02315e-008
193.690002	1.60463e-008
193.733337	1.60463e-008
193.841705	6.41852e-008
194.101913	1.2837e-007
194.297180	1.60463e-008
194.459976	1.04301e-007
194.633698	2.40694e-008
194.764053	7.22083e-008
194.916183	4.01157e-008
195.057495	6.41852e-008
195.274994	9.62778e-008
195.536163	9.62778e-008
195.688599	1.60463e-008
195.841095	9.62778e-008
196.102646	9.62778e-008
196.859650	4.59617e-007
197.682373	0.00383712
198.446655	0.186119
199.245361	0.808689
199.603439	0.403438
199.804962	0.0440565
200.137894	0.14066
200.416199	0.0710178
200.625931	0.0104008
200.941589	0.00555696
201.242706	0.000105969
201.454193	5.46729e-007
201.609039	7.13907e-008
201.779083	4.05507e-008
201.901093	4.81413e-008
202.000687	2.40693e-008
202.067078	2.40694e-008
202.177765	5.6162e-008
202.432449	1.2837e-007
202.631897	1.60463e-008
202.720566	4.81389e-008
202.864685	5.6162e-008
203.031052	1.60463e-008
202.975601	2.40694e-008
203.142014	6.41852e-008
203.330688	7.22083e-008
203.508362	5.6162e-008
203.686096	7.22083e-008
203.819458	2.40694e-008
203.993454	0.000802344
204.260803	0.0156503
204.532852	0.147499
205.212738	0.124942
205.423141	0.260116
205.735703	0.309352
206.071045	0.0189307
206.283264	0.0819143
206.644424	0.0753889
207.265549	0.18224
209.568436	2.69018
210.564697	0.354866
210.750778	1.04173
211.103317	3.53085
211.555359	0.871063
212.060898	1.33931
212.330658	0.194486
214.475113	1.34146
217.016678	1.32769
225.656845	0.0101145
226.504333	0.0415276
226.931488	0.0256129
227.198349	0.153754
227.464142	0.29449
227.893784	0.0111101
228.062225	0.0580833
228.365372	0.0653384
228.531418	0.00448876
228.879288	0.00544143
231.862946	0.178908
232.508881	0.125405
232.949280	0.255209
233.242996	0.192749
233.501923	0.0615151
233.834610	0.0691116
234.142746	0.0405918
234.367767	0.00211052
236.514481	0.0251914
238.786713	0.356554
242.418594	2.20808
243.732254	0.419192
244.227020	0.72554
244.542633	0.00468414
244.771912	0.118173
245.165634	0.145538
246.376175	0.221746
247.779449	0.0213146
248.935501	0.000295418
250.390671	0.0201668
251.517349	0.197887
251.956955	0.158093
252.208817	0.170031
252.469406	0.149561
252.846390	0.0431983
253.090271	0.0153185
253.228210	0.0427161
253.857773	0.989552
254.466125	0.874943
254.922729	0.190386
255.660461	3.76473
256.455841	1.62373
256.937744	0.635038
257.450134	0.343574
257.743317	0.0182062
258.471283	0.0183025
261.909485	0.249479
265.853760	0.390488
266.776459	0.935889
267.277252	0.59932
267.859222	0.180044
268.328400	0.0915046
268.897736	0.084158
271.194061	0.00589388
271.418945	0.00568839
271.613739	0.00330799
271.743256	0.0014033
272.110870	0.00173789
272.318054	0.00139316
272.523773	0.00933969
276.133942	0.0646489
277.995361	0.613199
288.318634	1.84281
296.567291	0.4869
298.336548	0.405202
298.965424	1.08468
299.675873	0.937408
300.158997	0.348609
300.750610	0.168848
301.047913	0.0152553
301.897644	0.0126471
302.493073	0.00021047
302.757416	1.54713e-007
305.983002	0.0403166
328.978455	0.0306354
329.606842	0.140163
330.007904	0.105875
330.276459	0.0382475
330.700806	0.0541528
331.027985	0.0358833
331.268829	0.00415429
331.513336	0.000237312
331.645905	6.56862e-007
331.853149	2.05591e-007
346.100342	1.06189e-006
346.392273	0.000298951
346.667847	0.00613639
346.932098	0.006178
347.152557	0.00357505
347.294037	2.86223e-006
347.460541	0.000483769
347.721954	0.00410429
347.932190	0.00362775
348.067139	9.65784e-006
348.183533	3.03894e-006
356.624847	0.001298
357.636871	0.0574693
358.734222	0.108259
359.364014	0.0608969
359.968719	0.0395183
360.553406	0.0130753
361.015259	0.00137906
361.431702	4.52552e-005
361.670013	2.98963e-007
365.823639	0.365869
368.733551	0.0239203
369.209381	0.0703269
369.702484	0.268115
370.049713	0.228296
370.400360	0.121905
370.898682	0.321384
371.245361	0.1898
371.580383	0.0548838
372.054047	0.0369115
372.299316	0.0103118
372.527740	0.00617836
374.587219	0.412247
376.152344	3.02315
377.295135	1.48881
377.796570	0.10089
377.997864	0.320772
378.693085	0.707328
379.272003	0.0138096
379.919922	0.0638534
386.469208	0.606856
387.937073	0.033533
388.268860	0.0210601
388.599701	0.0125789
389.072693	0.00985844
389.365326	0.00419607
390.038116	0.604763
391.113770	0.259354
391.553284	0.749534
392.255615	0.170213
392.947479	0.336598
393.426575	0.0143973
394.231079	0.0139404
395.240631	0.00785347
395.666992	0.742873
396.497986	0.791507
397.177734	0.234214
397.883331	0.375696
398.408447	0.0173468
399.314026	0.0198753
400.190552	0.000967949
400.693146	1.01088e-005
400.992554	1.55415e-006
401.393036	6.43405e-007
423.501831	0.0455687
426.259277	0.186827
428.055145	0.131623
430.896545	0.00266006
431.263184	0.0137683
431.491211	0.0119622
431.640228	0.00015097
431.874451	3.05192e-005
432.092010	0.00246781
432.397461	0.00206168
432.576050	0.00016663
432.710907	9.15378e-006
432.840790	4.03101e-007
448.644745	0.0090824
449.780609	0.409351
451.007721	0.87696
451.686646	0.486818
452.406036	0.243888
453.050629	0.124653
453.569794	0.0102846
454.038727	0.000316662
454.303802	1.61765e-006
496.105988	0.0668938
514.238586	0.0975937
517.205933	0.787696
518.725708	0.0453207
519.207581	0.301693
519.513123	0.365097
521.067932	0.588137
522.375854	0.024762
523.361816	0.00193464
523.936768	2.02065e-005
524.279907	3.04463e-006
524.750549	1.22039e-006
525.275452	4.62075e-007
532.365356	0.0668956
533.681519	7.36849e-008
534.024353	2.76319e-007
534.547852	2.57897e-007
535.035522	2.39476e-007
535.324585	5.52637e-008
535.631836	2.57897e-007
536.156128	2.76319e-007
536.728760	0.00129757
537.971863	0.0588747
539.326599	0.157379
540.077087	0.0797641
540.886658	0.0341167
541.557068	0.0185247
542.120178	0.00137404
542.631104	4.50408e-005
542.921509	1.91789e-007
543.229004	1.33596e-007
543.468994	1.10548e-007
543.632874	5.52623e-008
543.760315	7.3685e-008
543.924255	9.21062e-008
544.671387	6.63164e-007
545.820374	4.97373e-007
546.386169	7.36849e-008
546.513977	5.52637e-008
546.769653	2.02634e-007
547.427368	4.60531e-007
548.103699	2.21055e-007
548.506104	1.84212e-007
549.073303	3.86846e-007
549.640869	1.84212e-007
550.372803	0.0194643
552.807007	1.1097
555.497498	4.75771
556.863831	1.34692
557.366821	0.857075
558.328674	0.37917
558.714233	0.0112644
559.097412	0.342826
559.520630	0.269265
560.037354	0.108649
560.515015	0.0711266
560.884399	0.0898658
561.274536	0.00593624
561.564758	0.000439176
561.758057	7.48147e-006
562.179138	6.95283e-005
562.493286	1.48493e-006
562.979126	1.87053e-006
563.511292	2.2157e-007
563.924988	2.02388e-007
564.258911	1.28962e-007
564.500183	1.10528e-007
564.722900	1.10527e-007
564.890015	5.52637e-008
565.391418	4.4211e-007
566.264771	4.23688e-007
567.120178	4.23688e-007
567.622559	7.36849e-008
567.752869	5.52637e-008
568.330017	5.15795e-007
568.963379	1.10527e-007
569.429321	3.50003e-007
570.316101	0.434244
572.978149	0.287028
575.094849	0.0224083
576.981506	0.000551957
578.288513	0.0262096
580.085266	0.166049
580.762573	0.162792
581.173767	0.166895
581.712524	0.0334102
582.138123	0.0425673
582.710327	0.0730688
583.328613	0.00382128
583.871277	0.000288504
584.308044	4.34588e-006
584.585571	3.4434e-008
584.872742	1.88868e-008
585.102051	1.86742e-008
585.272339	9.33189e-009
585.385742	9.33211e-009
585.782776	5.59927e-008
586.728638	9.95425e-008
587.845703	8.3989e-008
588.433105	1.24428e-008
588.546814	6.22141e-009
588.660522	1.24428e-008
588.925964	3.1107e-008
589.475952	5.91034e-008
589.893372	9.33211e-009
589.988220	6.22141e-009
590.064148	6.22141e-009
590.178040	1.24428e-008
590.443787	1.24428e-008
590.310913	9.33211e-009
590.747620	3.73284e-008
591.051514	1.24428e-008
591.374451	4.04391e-008
592.634888	0.00467198
597.520142	0.206548
603.020874	0.651312
606.066162	0.17239
606.389282	0.341883
607.453125	1.01581
608.404297	0.638654
609.155090	0.247752
609.889343	0.0656121
610.344421	0.00565648
612.979919	1.50679
615.966431	6.31039
617.506042	1.71571
618.047180	1.01408
619.136230	0.447968
619.726563	0.0524549
620.863037	0.0585195
621.770813	0.00079171
622.108765	1.44986e-005
622.617249	1.8462e-005
623.184937	2.7583e-006
648.789917	0.000966808
649.437439	0.309271
650.670471	0.196415
651.099792	0.814848
651.609314	0.950178
651.899780	0.0222656
652.233398	0.0347606
652.610779	0.246284
653.039063	0.0890101
653.299316	0.03058
653.787292	0.0114492
654.989868	0.00490532
655.903931	7.93323e-005
656.253052	1.60436e-006
656.778015	2.04682e-006
665.013306	0.00829225
665.467590	0.0450041
665.763123	0.0395901
666.017639	0.00525042
666.223083	2.61203e-005
666.500732	0.00775096
666.880798	0.00649867
667.131836	0.00369494
667.370239	3.71151e-005
685.671753	0.00283091
688.392395	0.159559
690.314880	0.0189124
706.090942	2.73637
728.791870	0.147861
730.159973	0.0999832
730.586975	0.172693
731.100464	0.213942
731.507874	0.0127297
731.828247	0.00740952
732.163757	0.0435307
732.654541	0.0227948
732.980530	0.00666255
733.578186	0.00362625
734.096802	0.000107057
734.721863	1.84621e-007
735.845886	7.04918e-007
736.864563	1.00703e-007
737.650330	5.20296e-007
738.712769	3.18891e-007
739.414429	2.34973e-007
740.095154	3.02108e-007
741.329773	6.7135e-007
742.309692	1.00703e-007
742.778564	2.6854e-007
744.015442	7.04918e-007
745.039795	1.00703e-007
745.509583	2.6854e-007
746.748718	7.04918e-007
747.775024	1.00703e-007
748.245605	2.6854e-007
749.487061	7.04918e-007
750.515259	1.00703e-007
750.901001	2.01405e-007
751.570129	0.0146321
752.408997	0.00705619
752.676270	0.18122
753.038208	0.255599
753.522888	0.0173171
753.846008	0.0126825
754.215271	0.0217567
754.631165	0.0245144
754.980652	0.0144911
755.620117	0.133131
756.208618	0.0979773
756.625610	0.0423849
757.261414	0.0421921
757.764160	0.0291408
758.111206	0.00260083
758.416565	5.29881e-005
758.692566	1.7454e-007
758.985046	6.52512e-008
759.132751	5.0328e-008
759.391357	1.51054e-007
760.491089	7.04918e-007
761.526917	1.00703e-007
762.001831	2.6854e-007
762.671387	2.51756e-007
763.038696	3.35675e-008
763.600586	4.0281e-007
764.227600	8.39188e-008
764.660156	2.51756e-007
765.698792	5.53864e-007
766.781433	2.85324e-007
767.518127	2.85324e-007
767.973267	6.7135e-008
768.125061	5.03513e-008
768.276794	6.7135e-008
768.645447	2.18189e-007
769.166077	1.84621e-007
769.491516	6.7135e-008
769.621704	3.35675e-008
769.708557	3.35675e-008
769.795349	3.35675e-008
769.882141	3.35675e-008
769.968994	3.35675e-008
770.055847	3.35675e-008
770.142639	3.35675e-008
770.229492	3.35675e-008
770.424927	1.17486e-007
770.880920	2.34973e-007
771.271973	6.7135e-008
771.793457	3.35675e-007
772.510803	1.51054e-007
772.271606	3.35675e-008
772.793457	6.7135e-008
772.923950	3.35675e-008
773.293701	2.51756e-007
773.794128	1.3427e-007
774.055298	6.7135e-008
774.577759	3.35675e-007
775.187500	1.3427e-007
776.037170	5.20296e-007
776.800110	6.7135e-008
777.236267	3.99404e-008
778.476929	6.26956e-008
778.765808	6.58791e-008
778.916504	5.03357e-008
779.921204	7.21701e-007
780.992126	1.00703e-007
781.801270	5.20296e-007
782.895386	3.18891e-007
783.617920	2.34973e-007
784.318848	3.02108e-007
785.590149	6.7135e-007
786.599182	1.00703e-007
787.081970	2.6854e-007
788.355530	7.04918e-007
789.410278	1.00703e-007
790.264038	0.00595421
793.243225	0.308032
796.454956	1.38118
798.179260	0.297005
798.455627	0.0247824
799.042175	0.192606
800.045959	0.178011
800.774536	0.0198486
802.017639	0.0136207
803.066345	0.000158754
803.450134	2.74368e-006
804.025269	3.47919e-006
804.677002	9.57226e-007
805.161926	1.84131e-007
805.561523	1.17514e-007
805.850220	1.00703e-007
806.116821	1.00703e-007
806.316772	5.03513e-008
806.472290	6.7135e-008
806.761169	1.51054e-007
807.050110	6.7135e-008
807.183533	3.35675e-008
807.605957	2.85324e-007
808.072937	6.7135e-008
808.562378	3.02108e-007
809.051941	6.7135e-008
809.207764	5.03513e-008
809.608459	2.51756e-007
810.276489	2.51756e-007
811.033997	3.18891e-007
811.635742	1.3427e-007
812.037048	1.67838e-007
812.594604	2.51756e-007
813.063049	1.00703e-007
813.286194	6.7135e-008
813.777222	3.02108e-007
814.380005	1.51054e-007
814.625671	3.35675e-008
814.715027	3.35675e-008
814.804321	3.35675e-008
814.893677	3.35675e-008
814.983032	3.35675e-008
815.072388	3.35675e-008
815.161743	3.35675e-008
815.318176	8.39188e-008
815.474548	3.35675e-008
815.630981	8.39188e-008
815.988586	1.84621e-007
816.435669	1.51054e-007
817.017151	2.85324e-007
817.464539	5.03513e-008
817.755371	1.67838e-007
818.023926	3.35675e-008
818.113464	3.35675e-008
818.203003	3.35675e-008
818.494019	1.84621e-007
818.965576	1.68938e-007
819.618958	0.0152031
820.611206	0.0821283
821.228943	0.0581848
821.663452	0.0301741
822.355530	0.0285818
822.853333	0.0202725
823.212097	0.00169424
823.529785	2.5182e-005
823.782410	7.42087e-008
824.033020	6.7135e-008
824.212769	6.7135e-008
824.347534	3.35675e-008
824.774475	2.85324e-007
825.606201	3.35675e-007
826.168457	8.39188e-008
826.348389	5.03513e-008
826.505859	6.7135e-008
827.293457	5.20296e-007
828.126465	1.00703e-007
828.554443	2.18189e-007
829.072571	1.67838e-007
829.388062	6.7135e-008
829.838867	2.6854e-007
830.560425	2.6854e-007
831.372559	3.35675e-007
831.936768	8.39188e-008
832.117310	5.03513e-008
832.275330	6.7135e-008
832.568909	1.51054e-007
832.862427	6.7135e-008
832.997986	3.35675e-008
833.472351	3.18891e-007
835.094910	0.0178424
840.804688	1.07311
847.058777	2.31041
848.002563	0.620777
848.446350	0.194744
849.164612	0.133082
849.684265	0.0826861
850.090149	0.218326
851.269165	1.64112
851.948608	0.692769
852.992310	0.0987182
854.981995	0.774272
857.662292	0.0928202
859.975037	0.00218608
860.982422	1.47734e-005
861.999695	1.93016e-005
863.263184	4.44285e-006
863.968384	1.50654e-007
864.485046	2.18746e-007
865.106873	2.34788e-007
865.751282	2.34951e-007
866.234985	1.17487e-007
866.557495	1.17486e-007
866.972351	1.84621e-007
867.318054	6.7135e-008
867.617798	1.51054e-007
868.309570	3.52459e-007
869.209351	3.02108e-007
869.763306	1.00703e-007
870.086548	1.3427e-007
870.525269	1.84621e-007
870.871765	6.7135e-008
871.010315	3.35675e-008
871.449341	2.85324e-007
872.304504	3.35675e-007
872.882568	8.39188e-008
873.067627	5.03513e-008
873.229492	6.7135e-008
874.039307	5.20296e-007
874.895752	1.00703e-007
875.335754	2.18189e-007
875.868469	1.67838e-007
876.192810	6.7135e-008
876.656311	2.6854e-007
877.398132	2.6854e-007
878.233093	3.35675e-007
878.813110	8.39188e-008
878.998779	5.03513e-008
879.161255	6.7135e-008
879.463013	1.51054e-007
879.764832	6.7135e-008
879.904114	3.35675e-008
880.345398	2.85324e-007
881.204956	3.35675e-007
881.786011	8.39188e-008
881.971985	5.03513e-008
882.134705	6.7135e-008
882.437012	1.51054e-007
882.739319	6.7135e-008
882.878845	3.35675e-008
883.320862	2.85324e-007
884.181946	3.35675e-007
884.763977	8.39188e-008
884.950256	5.03513e-008
885.113281	6.7135e-008
885.416077	1.51054e-007
885.718872	6.7135e-008
885.858704	3.35675e-008
886.301453	2.85324e-007
887.163940	3.35675e-007
887.746948	8.39188e-008
887.933594	5.03513e-008
888.096863	6.7135e-008
888.400208	1.51054e-007
888.703552	6.7135e-008
888.843567	3.35675e-008
889.287048	2.85324e-007
890.151062	3.35675e-007
890.735046	8.39188e-008
890.921997	5.03513e-008
891.085571	6.7135e-008
891.389404	1.51054e-007
891.693298	6.7135e-008
891.833557	3.35675e-008
892.277771	2.85324e-007
893.143250	3.35675e-007
893.728271	8.39188e-008
893.915466	5.03513e-008
894.079346	6.7135e-008
894.383667	1.51054e-007
894.688049	6.7135e-008
894.828552	3.35675e-008
895.273560	2.85324e-007
896.140503	3.35675e-007
896.726501	8.39188e-008
896.914063	5.03513e-008
897.078186	6.7135e-008
897.383057	1.51054e-007
897.687927	6.7135e-008
897.828674	3.35675e-008
898.274414	2.85324e-007
899.142822	3.35675e-007
899.729797	8.39188e-008
899.917664	5.03513e-008
900.082092	6.7135e-008
900.387451	1.51054e-007
900.692871	6.7135e-008
900.833862	3.35675e-008
901.280396	2.85324e-007
901.774048	6.7135e-008
902.291321	3.02108e-007
902.808777	6.7135e-008
902.973450	5.03513e-008
903.396973	2.51756e-007
904.103027	2.51756e-007
904.903625	3.18891e-007
905.539612	1.3427e-007
905.963745	1.67838e-007
906.552979	2.51756e-007
907.048096	1.00703e-007
907.283875	6.7135e-008
907.802795	3.02108e-007
908.439819	1.51054e-007
908.699402	3.35675e-008
908.793823	3.35675e-008
908.888245	3.35675e-008
908.982666	3.35675e-008
909.077087	3.35675e-008
909.171509	3.35675e-008
909.265930	3.35675e-008
909.431213	8.39188e-008
909.596497	3.35675e-008
909.761780	8.39188e-008
910.139648	1.84621e-007
910.612122	1.51054e-007
911.226501	2.85324e-007
911.699280	5.03513e-008
912.006653	1.67838e-007
912.290405	3.35675e-008
912.384949	3.35675e-008
912.479553	3.35675e-008
912.787048	1.84621e-007
913.449524	2.85324e-007
914.254272	2.85324e-007
914.869873	1.51054e-007
915.177795	6.7135e-008
915.485718	1.51054e-007
916.196594	3.52459e-007
917.121094	3.02108e-007
917.690247	1.00703e-007
918.022339	1.3427e-007
918.473145	1.84621e-007
918.829102	6.7135e-008
918.971558	3.35675e-008
919.422546	2.85324e-007
920.301208	3.35675e-007
920.895142	8.39188e-008
921.085266	5.03513e-008
921.251587	6.7135e-008
922.083557	5.20296e-007
922.963501	1.00703e-007
923.415527	2.18189e-007
923.962891	1.67838e-007
924.296143	6.7135e-008
924.772278	2.6854e-007
925.534424	2.6854e-007
926.392151	3.35675e-007
926.988098	8.39188e-008
927.178772	5.03513e-008
927.345703	6.7135e-008
927.655701	1.51054e-007
927.965759	6.7135e-008
928.108887	3.35675e-008
928.562195	2.85324e-007
929.445251	3.35675e-007
930.042175	8.39188e-008
930.233215	5.03513e-008
930.400391	6.7135e-008
930.710876	1.51054e-007
931.021484	6.7135e-008
931.164856	3.35675e-008
931.618896	2.85324e-007
932.503418	3.35675e-007
933.101318	8.39188e-008
933.292664	5.03513e-008
933.460144	6.7135e-008
933.771179	1.51054e-007
934.082275	6.7135e-008
934.225830	3.35675e-008
934.680664	2.85324e-007
935.566650	3.35675e-007
936.165527	8.39188e-008
936.357239	5.03513e-008
936.524963	6.7135e-008
936.836487	1.51054e-007
937.148132	6.7135e-008
937.291931	3.35675e-008
937.747498	2.85324e-007
938.634949	3.35675e-007
939.234863	8.39188e-008
939.426819	5.03513e-008
939.594849	6.7135e-008
939.906921	1.51054e-007
940.219055	6.7135e-008
940.363098	3.35675e-008
940.819458	2.85324e-007
941.708374	3.35675e-007
942.309204	8.39188e-008
942.501526	5.03513e-008
942.669861	6.7135e-008
942.982422	1.51054e-007
943.295044	6.7135e-008
943.439392	3.35675e-008
943.896423	2.85324e-007
944.786804	3.35675e-007
945.388672	8.39188e-008
945.581299	5.03513e-008
945.749878	6.7135e-008
946.062988	1.51054e-007
946.376160	6.7135e-008
946.520691	3.35675e-008
946.978516	2.85324e-007
947.870361	3.35675e-007
948.473206	8.39188e-008
948.666199	5.03513e-008
948.835022	6.7135e-008
949.148682	1.51054e-007
949.462341	6.7135e-008
949.607117	3.35675e-008
950.065674	2.85324e-007
950.572632	6.7135e-008
951.103943	3.02108e-007
951.635315	6.7135e-008
951.804443	5.03513e-008
952.239380	2.51756e-007
952.964539	2.51756e-007
953.786682	3.18891e-007
954.439819	1.3427e-007
954.875366	1.67838e-007
955.480469	2.51756e-007
955.988892	1.00703e-007
956.231018	6.7135e-008
956.763916	3.02108e-007
957.418030	1.51054e-007
957.684631	3.35675e-008
957.781555	3.35675e-008
957.878540	3.35675e-008
957.975464	3.35675e-008
958.072449	3.35675e-008
958.169434	3.35675e-008
958.266357	3.35675e-008
958.436096	8.39188e-008
958.605835	3.35675e-008
958.775574	8.39188e-008
959.163574	1.84621e-007
959.648743	1.51054e-007
960.279663	2.85324e-007
960.765076	5.03513e-008
961.080688	1.67838e-007
961.372070	3.35675e-008
961.469238	3.35675e-008
961.566345	3.35675e-008
961.882080	1.84621e-007
962.562317	2.85324e-007
963.388611	2.85324e-007
964.020752	1.51054e-007
964.336914	6.7135e-008
964.653137	1.51054e-007
965.334351	3.18891e-007
965.845398	3.35675e-008
969.228271	0.429724
976.189880	0.0199888
977.067383	0.0361084
977.600159	0.0209242
978.343018	0.0180838
978.804382	0.0584042
980.161804	0.463704
981.177795	0.23877
982.270630	0.101623
983.177246	0.0552984
983.869629	0.00306159
984.597229	0.103282
986.514709	0.230383
987.719421	1.54728
988.626404	1.60932
989.807617	0.307739
990.648560	0.380143
991.851379	0.0142423
1009.652039	1.73215
1018.194641	2.75736e-005
1030.404297	0.0205666
1032.627930	0.0746336
1034.228882	0.203173
1034.868774	0.0946589
1035.249023	0.0232799
1036.158081	0.0315223
1036.664307	0.0129816
1036.964111	0.000742915
1037.656738	0.000277455
1038.242065	4.66474e-006
1073.160278	0.00161173
1074.064819	0.0598704
1075.011719	0.123721
1075.572266	0.0775481
1076.167847	0.0265167
1076.914917	0.0254318
1077.349121	0.00277378
1077.918945	0.0994478
1078.695190	0.352147
1079.288940	0.283928
1079.879395	0.0635748
1080.598389	0.065815
1081.182129	0.0280435
1081.433716	0.00150841
1082.223999	0.00134346
1082.947998	4.52323e-005
1083.342529	2.87501e-007
1088.595459	0.002595
1090.371704	0.117749
1092.306641	0.314756
1093.378418	0.159527
1094.534180	0.0682334
1095.490967	0.0370493
1096.294678	0.00274891
1097.023804	9.08497e-005
1097.437744	3.50342e-007
1177.406128	0.0898578
1195.382446	0.00389248
1197.244629	0.178803
1199.153687	0.126496
1199.640991	0.221754
1200.379517	0.308726
1201.702759	0.102938
1202.592529	0.0664722
1203.454468	0.00411424
1204.218872	0.000135847
1204.652588	9.37589e-007
1248.150513	0.000197685
1248.657227	0.00586878
1249.181274	0.00458455
1249.485352	0.000401896
1249.711792	2.5468e-005
1250.121826	0.000641069
1250.660278	0.00585219
1251.057617	0.00522749
1251.320557	9.47411e-006
1251.542480	3.09363e-006
1290.219971	0.0898584
1290.979004	3.73284e-008
1291.599243	3.1107e-008
1292.896484	1.11985e-007
1294.448486	5.91033e-008
1295.239014	2.79963e-008
1296.057983	6.22141e-008
1296.962036	3.73284e-008
1297.611938	3.42177e-008
1298.092407	1.86642e-008
1298.459961	2.17749e-008
1298.884033	2.48856e-008
1299.675903	6.22141e-008
1301.203735	1.05764e-007
1302.930664	8.3989e-008
1303.780518	9.33211e-009
1303.950439	9.33211e-009
1305.027344	1.08875e-007
1306.189697	1.86642e-008
1306.614990	2.79963e-008
1307.097168	2.48856e-008
1307.522705	2.17749e-008
1307.948364	2.48856e-008
1308.828125	7.15462e-008
1309.708252	2.48856e-008
1310.049072	1.24428e-008
1310.446655	1.24428e-008
1310.247803	9.33211e-009
1311.810303	1.36871e-007
1313.971069	9.95425e-008
1315.649658	8.3989e-008
1316.532104	1.24428e-008
1316.702881	6.22141e-009
1316.873779	1.24428e-008
1317.272461	3.1107e-008
1318.098389	5.91034e-008
1318.725220	9.33211e-009
1318.867676	6.22141e-009
1318.981689	6.22141e-009
1319.152588	1.24428e-008
1319.352173	9.33211e-009
1319.551636	1.24428e-008
1320.007690	3.73284e-008
1320.463867	1.24428e-008
1321.233887	7.15462e-008
1322.004028	1.24428e-008
1322.175293	6.22141e-009
1322.289429	6.22141e-009
1322.403564	6.22141e-009
1322.574707	1.24428e-008
1322.774536	9.33211e-009
1323.288208	4.66605e-008
1323.830566	1.24428e-008
1324.001953	6.22141e-009
1324.458740	4.35498e-008
1325.401367	5.91034e-008
1326.029907	9.33211e-009
1326.172729	6.22141e-009
1326.287109	6.22141e-009
1326.458496	1.24428e-008
1326.772949	2.17749e-008
1327.287842	2.03156e-008
1327.865967	0.0226951
1329.102295	0.173865
1329.922607	0.119604
1330.474609	0.0505725
1331.379028	0.032596
1331.991333	0.023949
1332.451050	0.00258015
1332.856567	3.80591e-005
1333.233276	8.37172e-008
1333.631226	5.54645e-009
1333.785522	1.2501e-008
1333.956787	6.22141e-009
1334.501343	5.2882e-008
1335.763062	8.3989e-008
1336.652222	1.24428e-008
1336.824341	6.22141e-009
1336.939087	6.22141e-009
1337.053955	6.22141e-009
1337.226074	1.24428e-008
1337.427002	9.33211e-009
1337.943604	4.66605e-008
1338.489014	1.24428e-008
1338.661255	6.22141e-009
1339.120728	4.35498e-008
1340.068481	5.91034e-008
1340.700562	9.33211e-009
1340.844238	6.22141e-009
1340.959106	6.22141e-009
1341.131592	1.24428e-008
1341.533936	1.24428e-008
1341.332764	9.33211e-009
1342.137573	5.2882e-008
1343.230347	6.53248e-008
1344.237183	4.35498e-008
1344.927734	3.1107e-008
1345.992798	8.3989e-008
1347.481567	0.152402
1350.254761	0.0361374
1351.571289	0.00063608
1352.067017	1.15266e-005
1352.820923	1.46342e-005
1353.656982	2.22173e-006
1354.314941	3.22556e-008
1354.816528	2.18844e-008
1355.192993	1.86661e-008
1355.539673	1.86643e-008
1355.799683	9.33211e-009
1356.262085	2.17749e-008
1355.973145	9.33211e-009
1356.637939	1.86642e-008
1357.013672	2.17749e-008
1357.447388	2.48856e-008
1358.257080	6.22141e-008
1359.819458	1.05764e-007
1361.585327	8.3989e-008
1362.454346	9.33211e-009
1362.628052	9.33211e-009
1363.729248	1.08875e-007
1364.917725	1.86642e-008
1365.352783	2.79963e-008
1365.845825	2.48856e-008
1366.280884	2.17749e-008
1366.716064	2.48856e-008
1367.615723	7.15462e-008
1368.515625	2.48856e-008
1368.864014	1.24428e-008
1369.270508	1.24428e-008
1369.067261	9.33211e-009
1370.664917	1.36871e-007
1372.874146	9.95425e-008
1374.100586	3.16575e-008
1374.946533	0.00763169
1376.238525	0.0361696
1377.065674	0.026404
1377.594360	0.00945893
1378.503052	0.0132827
1379.164063	0.0102479
1380.153442	0.107124
1383.248047	0.280547
1384.804077	0.183386
1385.459351	0.543879
1386.250977	0.852713
1387.094482	0.0364081
1387.694946	0.178439
1388.647217	0.170565
1389.393433	0.00677441
1391.166870	0.00479933
1392.502930	7.97952e-005
1393.010010	1.31903e-006
1394.329346	0.0226369
1398.238403	1.25167
1402.514893	5.28018
1405.244873	2.2121
1406.016602	0.388045
1408.088013	0.518495
1408.761719	7.36849e-008
1409.321655	2.76319e-007
1410.176392	2.57897e-007
1410.972412	2.39476e-007
1411.444214	5.52637e-008
1411.945557	2.57897e-007
1412.830688	2.9474e-007
1413.715942	2.57897e-007
1414.690186	3.50003e-007
1415.989624	4.60531e-007
1416.905518	1.10527e-007
1417.467041	2.39476e-007
1418.206055	2.21055e-007
1418.767822	1.28949e-007
1419.388794	2.57897e-007
1420.217041	2.57897e-007
1420.749634	7.36849e-008
1420.956787	5.52637e-008
1421.341431	1.84212e-007
1421.815063	1.10527e-007
1422.051880	3.68425e-008
1422.436768	2.02634e-007
1423.236328	2.9474e-007
1424.006470	1.84212e-007
1424.628662	2.02634e-007
1425.280518	2.02634e-007
1425.903076	1.84212e-007
1426.644287	2.76319e-007
1427.415283	2.02634e-007
1428.067871	2.02634e-007
1428.928467	3.31582e-007
1429.967285	3.13161e-007
1430.917480	2.76319e-007
1431.659912	1.84212e-007
1432.283813	2.02634e-007
1432.878174	1.65791e-007
1433.621216	2.9474e-007
1434.186035	5.52637e-008
1434.453613	1.10527e-007
1434.929443	1.84212e-007
1435.524292	1.84212e-007
1436.297729	2.9474e-007
1437.517944	4.60531e-007
1438.679077	2.57897e-007
1439.274658	1.10527e-007
1439.870483	2.57897e-007
1440.645142	2.21055e-007
1441.151733	9.21062e-008
1441.509521	1.28949e-007
1441.956665	1.4737e-007
1442.582764	2.39476e-007
1443.298584	2.02634e-007
1444.312866	4.23688e-007
1445.446899	2.76319e-007
1446.193237	1.84212e-007
1446.850220	2.21055e-007
1447.477417	1.65791e-007
1448.045044	1.84212e-007
1448.672485	2.02634e-007
1449.270264	1.65791e-007
1449.778442	1.4737e-007
1450.735229	4.4211e-007
1451.722290	1.65791e-007
1452.081299	5.52637e-008
1452.440308	1.65791e-007
1453.487793	4.78952e-007
1454.445801	1.10527e-007
1455.014771	2.39476e-007
1455.883545	2.9474e-007
1456.662476	1.84212e-007
1457.112061	9.21062e-008
1457.711548	1.65791e-007
1457.351807	5.52637e-008
1458.581055	3.68425e-007
1459.600830	2.57897e-007
1460.560913	3.31582e-007
1461.281128	1.10527e-007
1461.521240	3.68425e-008
1461.641357	3.68425e-008
1462.001587	1.84212e-007
1462.992554	4.23688e-007
1463.923706	1.4737e-007
1464.704834	3.31582e-007
1465.516357	1.65791e-007
1465.997314	1.28949e-007
1466.328125	7.36849e-008
1467.324951	3.15108e-006
1471.854248	0.631458
1515.953247	1.23987
1521.670532	0.354136
1523.942383	0.932843
1525.202148	0.442565
1526.634766	0.196324
1527.721802	0.121494
1528.836060	0.0123064
1530.947876	0.0750469
1532.239624	0.419315
1533.552612	0.553378
1534.767944	0.343176
1536.012817	0.203427
1537.081299	0.0385523
1537.937378	0.00196341
1538.651978	3.41636e-005
1539.180542	1.56895e-006
1539.604126	2.36559e-007
1566.607300	0.0150885
1567.972046	0.153667
1568.815674	0.0984246
1569.537964	0.200562
1570.335083	0.182868
1571.017090	0.0613789
1571.931641	0.0526355
1572.571655	0.0442594
1573.089111	0.00264724
1573.531250	7.70961e-005
1573.853149	2.68796e-008
1591.684326	0.0685288
1595.328247	0.0287537
1600.677002	0.0207492
1603.433350	0.113065
1604.562744	0.0658602
1605.072754	0.194385
1606.269165	0.0226585
1606.752319	0.0272649
1607.734985	0.0770542
1608.831177	0.00380017
1609.738281	0.000280119
1610.467896	4.63933e-006
1611.009888	2.47715e-007
1658.026123	8.43594e-006
1658.431396	0.101206
1659.816895	0.406083
1660.546387	0.703668
1663.211426	1.54893
1664.771118	0.674192
1665.992065	0.258582
1667.324829	0.10284
1668.236816	0.0157439
1671.052002	0.268748
1681.654785	2.04515
1685.069702	1.00687
1686.433594	0.869658
1687.773193	0.270496
1688.873779	0.130677
1692.047241	0.209021
1695.142456	0.0581954
1713.994629	0.696541
1715.466797	0.00799164
1715.862549	0.00818294
1717.237061	0.00812362
1717.689331	0.00469291
1721.992798	0.264735
1722.805908	0.130076
1724.544067	0.114447
1725.401367	0.0894971
1726.827148	1.42446e-008
1727.153809	3.32373e-008
1727.496094	1.72143e-008
1727.957153	0.00107337
1729.108521	0.039698
1730.319946	0.0664536
1731.034058	0.0429682
1731.766724	0.0225565
1732.731201	0.018143
1733.351440	0.00961776
1733.823242	0.000383592
1734.268066	1.31514e-005
1734.639404	4.04619e-008
1735.040039	1.91296e-008
1735.265747	1.42382e-008
1735.494873	1.89927e-008
1735.756958	1.89927e-008
1736.051758	2.37409e-008
1736.313843	1.42446e-008
1736.805176	5.69782e-008
1737.395020	2.84891e-008
1738.115967	7.5971e-008
1739.197754	8.07191e-008
1740.312622	8.07191e-008
1741.132568	3.79855e-008
1741.821533	6.17264e-008
1742.641968	5.69782e-008
1743.232666	2.84891e-008
1743.725098	4.27337e-008
1744.186768	2.05169e-008
1744.601074	0.000201779
1745.191406	0.0100077
1745.826294	0.0230679
1746.266968	0.0227448
1746.632935	9.86123e-005
1746.941528	0.000486887
1747.556885	0.00848078
1748.092529	0.00772245
1748.478271	0.0061463
1749.080322	8.03944e-008
1749.464966	8.37197e-009
1749.639404	1.42446e-008
1750.001099	3.79855e-008
1750.823486	8.07191e-008
1751.909180	7.5971e-008
1752.797852	5.223e-008
1753.456177	4.27337e-008
1754.213501	6.64746e-008
1755.069702	5.69782e-008
1755.596802	1.89927e-008
1756.189819	6.64746e-008
1756.848755	2.84891e-008
1757.211304	2.37409e-008
1757.639771	3.79855e-008
1758.364990	6.64746e-008
1759.288208	6.64746e-008
1760.013794	3.79855e-008
1760.442627	2.37409e-008
1760.838501	3.32373e-008
1761.399414	4.74819e-008
1762.059448	4.74819e-008
1762.818604	6.17264e-008
1763.610962	5.223e-008
1764.271362	4.27337e-008
1764.898926	4.74818e-008
1765.328369	1.42446e-008
1765.757813	4.74819e-008
1766.385620	4.27337e-008
1767.046631	5.223e-008
1767.624756	4.26553e-007
1768.061768	0.000617839
1768.665405	0.0221868
1769.280518	0.0189866
1769.679565	0.00446197
1770.442383	0.00170168
1771.063599	0.0125795
1771.536377	0.0114511
1771.870972	0.000119338
1772.173218	1.60291e-006
1772.769043	9.49637e-009
1773.033936	2.84891e-008
1773.563721	4.74819e-008
1774.192871	4.27337e-008
1775.020996	7.5971e-008
1775.849243	4.27337e-008
1776.412598	3.79855e-008
1777.241211	8.07191e-008
1778.235718	6.17264e-008
1779.064697	5.69782e-008
1779.694946	3.32373e-008
1780.258911	4.74818e-008
1780.789795	2.84891e-008
1781.619385	9.02155e-008
1782.781128	7.5971e-008
1783.876953	8.07192e-008
1785.205566	1.09208e-007
1786.667725	9.97119e-008
1788.097168	1.0446e-007
1789.128052	4.27337e-008
1789.726807	4.27337e-008
1790.292358	3.79855e-008
1790.658447	1.42446e-008
1790.991211	3.32373e-008
1791.390503	2.37409e-008
1791.728271	7.67312e-006
1793.694946	0.120215
1795.728271	0.00672806
1797.305176	7.91207e-005
1797.874390	1.4848e-006
1798.754639	1.89015e-006
1799.709717	2.42537e-007
1800.454590	2.20361e-007
1801.055298	1.40424e-007
1801.522461	1.40411e-007
1801.923096	1.00294e-007
1802.223511	8.02349e-008
1802.590698	1.40411e-007
1802.891235	4.01174e-008
1803.358398	2.40605e-007
1804.315796	0.00129761
1806.610596	0.057464
1809.119141	0.215808
1810.315063	0.0567107
1810.567139	0.0158276
1812.032959	0.0378049
1813.177856	0.00843427
1814.256836	0.00135721
1815.199097	4.35362e-005
1815.738892	1.94818e-007
1816.299072	1.45025e-007
1816.741455	1.20419e-007
1817.076660	8.02359e-008
1817.344849	8.02348e-008
1817.613037	8.03183e-008
1820.471924	0.00884559
1822.697632	0.238817
1825.234497	0.795728
1826.573242	0.47744
1828.026123	0.467945
1830.444336	1.5901
1831.978516	1.60242
1833.054199	0.0772728
1833.503052	0.139981
1834.773193	0.496059
1835.490479	0.0515848
1837.648926	0.0520063
1839.512695	0.00386336
1840.599609	3.9954e-005
1841.244751	5.4728e-006
1842.215698	3.44574e-006
1843.172852	2.60934e-007
1843.825806	1.40646e-007
1844.299194	1.40431e-007
1844.738281	1.20353e-007
1845.076172	8.02349e-008
1845.447754	1.404e-007
1846.694946	0.00275651
1851.244263	0.24859
1855.705811	0.230339
1857.417847	0.311108
1858.559692	0.554488
1860.064453	0.166906
1862.483887	0.328671
1877.104858	0.00275733
1881.615234	0.164819
1886.213135	0.134591
1887.688354	0.0939272
1888.545288	0.211949
1889.509033	0.433487
1890.402100	0.00891661
1891.189697	0.0806026
1892.304688	0.0753317
1893.088867	0.00497339
1895.249268	0.00434653
1896.809937	7.93904e-005
1897.407471	1.6379e-006
1898.307129	2.08919e-006
1903.371460	0.00828381
1907.868896	1.2349
1911.139160	1.56734
1912.622925	1.26617
1913.704712	0.0838468
1914.125244	0.220696
1916.429077	1.26589
1919.485596	0.1316
1921.644043	0.0129901
1923.215454	0.000237039
1923.815063	4.20633e-006
1924.709106	5.34797e-006
1925.716187	1.17998e-006
1933.224854	0.703577
1967.506958	0.0429776
1969.395020	0.221796
1970.359253	0.153011
1971.059814	0.04652
1972.176880	0.02438
1972.918701	0.0214885
1973.541382	0.00282654
1981.515991	0.158557
1984.089111	0.237766
1986.733154	0.722326
1988.125854	0.386409
1989.826660	0.158399
1990.987549	0.111177
1992.122925	0.00596556
1992.928955	0.000111323
1995.888550	0.0558887
2005.020508	0.306539
2006.987793	0.260637
2008.026733	0.209901
2009.306763	0.080381
2009.957764	0.0325782
2010.887085	0.0852902
2011.805908	0.116987
2013.729492	1.5031
2015.216797	0.933657
2016.693726	0.28687
2018.094238	0.0527385
2019.246094	0.0798445
2020.597656	0.13996
2021.470947	0.0985446
2022.807373	0.561787
2024.298218	0.382914
2026.029663	0.420443
2027.280029	0.179067
2027.960083	0.0337426
2029.050171	0.0603133
2029.835815	0.0354454
2030.607178	0.00281686
2031.614014	0.00163169
2038.822876	0.134922
2040.466797	0.0808809
2041.251343	0.0590838
2041.929810	0.0127934
2042.472290	0.0239465
2043.052612	0.0466125
2043.792358	0.00688606
2044.416504	0.00817237
2044.910034	0.00942746
2065.173096	1.97595
2081.894287	1.81175
2086.969238	0.0276019
2087.593506	0.218896
2088.378174	0.277811
2089.167969	0.0716558
2089.466309	0.00293001
2090.263672	0.107536
2091.077637	0.106851
2091.941406	0.00229162
2103.781982	1.86774
2131.192871	0.0560524
2132.529053	0.113425
2133.295166	0.111813
2135.199951	0.117656
2135.871094	0.1604
2136.860840	0.272569
2138.003662	0.0247129
2138.527344	0.0874449
2140.004150	0.574725
2141.182373	0.340185
2142.002930	0.050799
2142.915771	0.163161
2143.894775	0.114311
2144.599365	0.0169184
2145.505127	0.0040787
2146.115967	0.00388737
2146.827148	0.0302075
2147.375244	0.02752
2147.833984	0.00717099
2148.750488	0.00557825
2149.416504	0.00790099
2152.318848	0.370399
2156.182129	2.08128
2158.526855	1.88937
2159.916748	0.899024
2160.669678	0.0199796
2161.667480	0.330353
2162.560791	0.0624426
2163.246094	0.0224888
2164.760986	0.0860666
2167.881592	0.0230012
2169.385742	0.428413
2170.838867	0.380491
2172.475586	0.067926
2173.697754	0.0245997
2174.793457	0.00361374
2176.672363	0.018237
2178.131592	0.102166
2179.206055	0.086611
2180.053467	0.0223502
2180.971191	0.0448759
2181.928711	0.0407677
2182.782959	0.0034144
2191.597656	0.300631
2195.897705	0.965244
2198.941162	0.0627561
2199.933594	0.280066
2200.610107	0.721695
2202.534424	0.0505496
2204.297852	0.989927
2206.060791	0.0133128
2207.697998	0.0817871
2209.349365	0.00484188
2210.429443	0.197613
2211.794922	0.426941
2212.609131	0.297308
2213.449219	0.117106
2214.509521	0.0938329
2215.246094	0.0273287
2215.764893	0.00176817
2220.358887	2.34824
2230.900146	1.10079
2233.711426	0.0979967
2234.782959	0.0544984
2235.502441	0.0228169
2236.715820	0.029
2237.996094	0.257889
2240.363525	0.232287
2241.156982	0.14274
2241.968994	0.0736598
2243.103760	0.0438839
2244.125732	0.203318
2250.272461	0.179225
2253.253662	0.0453166
2253.772949	0.0877579
2254.736328	0.070285
2255.828125	2.03311
2257.354736	1.16941
2259.098633	0.40668
2260.388672	0.258518
2261.825928	0.0432718
2262.347900	0.0503749
2264.406738	0.165281
2266.654785	0.587228
2268.182861	0.363634
2269.371094	0.0630403
2269.888916	0.0713705
2271.263184	0.0960574
2272.107178	0.0183348
2272.538818	0.0338586
2273.423096	0.0457957
2274.216797	0.0132582
2274.627930	0.00920403
2275.274658	0.0234358
2276.649658	1.76429
2281.817627	0.882691
2283.130127	2.52967
2285.035156	4.51608
2286.393555	1.28983
2287.723877	1.76008
2291.483887	0.188048
2292.689209	0.348081
2294.111816	0.0844327
2296.005127	0.341363
2297.961670	13.4894
2305.078613	0.684604
2306.118652	0.674922
2306.614746	0.00502607
2307.059570	0.0503023
2307.959717	0.223843
2309.242920	0.713649
2318.904541	5.22313
2321.113281	0.428042
2322.344971	1.35231
2323.005859	0.269145
2324.009766	3.22606
2325.781738	1.08221
2327.533936	46.4145
2338.176514	6.80801
2342.215820	158.013
2342.930176	7.90303
2344.241211	253.315
2349.490723	17.1759
2356.256836	12.304
2365.249756	9.34177
2369.959229	4.30245
2388.120117	59.3783
2394.472656	0.107972
2395.529541	0.110014
2396.374512	0.0445658
2397.195313	0.0827722
2398.226563	0.0663259
2399.511475	0.0271276
2400.217773	0.395207
2401.258057	0.899803
2403.075684	0.0943473
2403.735596	0.0732095
2404.791748	0.151699
2406.605469	0.433729
2410.315674	0.0172535
2410.846680	0.0427604
2411.375000	0.106985
2413.499512	0.00771924
2414.391602	0.324878
2424.426270	0.0614882
2426.651123	0.311529
2428.605957	0.269464
2430.475098	0.958742
2431.826172	0.247653
2433.561768	0.308647
2434.134277	0.0605644
2434.635254	0.0925498
2435.224609	0.00986225
2436.290039	0.0217358
2436.793213	0.0195966
2437.373535	0.0262569
2437.993652	0.00121891
2438.887695	0.0103252
2441.461914	0.114119
2443.705566	0.0670995
2445.158936	0.0714733
2446.646973	0.0405081
2448.429443	0.0030151
2449.114990	0.155277
2451.536621	0.298466
2452.615967	0.293486
2453.661865	0.0239749
2454.487793	0.0653581
2455.617920	0.0402228
2456.406006	0.00525056
2458.334961	3.0372
2468.214600	0.628988
2470.605957	1.46559
2471.850098	0.767018
2472.283447	0.160573
2473.713135	2.55368
2475.089600	5.32011
2481.260010	3.89313
2484.712646	6.3459
2494.174561	2.43309
2498.860596	2.14695
2501.204346	0.180102
2502.448975	0.983482
2504.984375	0.489996
2505.889160	0.218825
2508.306641	0.155221
2510.407227	0.236025
2513.007813	0.367371
2514.195068	0.284488
2516.082275	0.0747561
2517.776123	1.61667
2525.166504	0.0438026
2526.364014	0.681569
2527.629395	0.558242
2528.291992	0.085983
2529.472656	0.298373
2530.808594	0.380871
2537.331787	0.403758
2537.928711	0.0119301
2538.430176	0.0840216
2539.196045	0.0439889
2543.822754	73.3197
2550.720215	2.76743
2555.843994	13.5139
2559.141357	0.944769
2560.396240	0.0632536
2562.224121	0.43338
2563.556152	0.582083
2564.896729	0.597626
2566.605225	0.167388
2568.129883	0.156524
2571.136475	0.249169
2574.856201	0.141784
2575.986328	0.0871607
2576.751709	0.0230664
2578.036621	0.0227952
2578.918457	0.0154846
2582.102539	0.0799297
2584.169189	1.27825
2586.304932	0.8191
2587.844238	0.253948
2591.696533	1.18415
2595.151855	0.365105
2600.916260	0.849887
2602.855469	0.165656
2604.860596	0.340168
2605.870850	0.810224
2608.625000	0.118186
2609.445313	1.0741
2610.211670	0.139858
2611.333496	0.133613
2612.410889	0.815847
2615.903809	0.026658
2617.709961	0.208412
2618.507324	0.201291
2619.682861	0.463686
2620.515625	0.0145632
2621.657959	1.32569
2624.641357	0.138147
2626.311279	1.53916
2628.450439	4.90126
2636.232910	1.33539
2640.652588	0.338754
2643.800293	3.26297
2648.799561	0.94693
2650.658447	0.238647
2652.604248	0.541409
2654.340332	0.0103532
2655.222900	0.314773
2656.871582	0.303353
2658.454590	0.159569
2659.549805	0.00988271
2661.626465	0.309741
2663.388184	0.0846501
2664.531738	0.0675401
2665.616211	0.686894
2668.692871	0.149924
2669.805420	0.30726
2670.526611	0.11134
2671.785889	1.00817
2674.410400	1.20931
2675.662354	0.589915
2677.071533	0.316119
2677.793457	0.0726539
2678.916504	0.0985332
2680.322021	0.464294
2682.900635	0.071333
2683.571045	0.26447
2687.196045	10.456
2694.677979	7.67802
2698.200195	38.9826
2706.956299	5.61392
2707.387939	0.00124639
2707.929199	0.0160801
2708.892578	0.822454
2709.545166	0.334273
2711.042725	9.34297
2714.076172	2.75451
2718.552979	0.0387651
2720.004883	2.79664
2731.881348	3.5244
2733.641602	1.6632
2735.200684	1.38933
2736.484375	0.217028
2737.343262	0.833859
2739.060791	3.54092
2740.555176	0.412655
2742.953125	1.86358
2745.545654	1.52441
2748.427490	4.22871
2751.548828	0.582145
2753.089600	0.42221
2755.432373	0.457216
2757.250000	0.285269
2758.375977	0.123804
2759.061523	0.150881
2760.882080	3.14525
2767.103516	2.00562
2769.128418	0.492836
2770.698730	0.385539
2774.457275	7.89646
2787.731445	0.73115
2790.244629	0.584525
2796.212646	4.04392
2799.072754	17.2258
2808.764893	26.9521
2810.998535	47.0675
2816.986328	0.88682
2818.004639	4.33062
2820.802246	0.0396376
2822.045410	5.12497
2823.117432	2.92666
2824.917236	0.687502
2832.250488	3.94082
2841.463379	0.363937
2842.305908	0.026482
2846.532959	1.0823
2851.024658	3.88418
2855.404297	2.11133
2856.363037	0.79694
2858.222900	1.74399
2860.255127	2.38565
2861.246826	0.041531
2862.052734	0.426281
2864.510498	8.46439
2878.170410	4.35964
2880.938232	1.70897
2881.982910	7.22409
2885.378906	6.43797
2886.425781	12.2773
2891.325195	0.957866
2893.145996	6.26927
2899.170166	2.89691
2902.215820	0.0371628
2903.997070	2.24089
2905.078613	0.216772
2906.929443	0.813012
2908.402344	3.11301
2909.963135	4.74039
2912.718506	0.268758
2916.026367	0.652417
2919.688232	0.460086
2920.785156	0.172186
2921.782227	2.06153
2923.215576	1.15165
2924.861084	0.0885358
2925.495361	0.121947
2928.951904	3.57741
2934.972900	0.799375
2938.069824	0.177357
2938.988770	0.203935
2939.811279	0.147128
2941.153564	0.0280968
2942.969971	0.327734
2944.445801	0.35518
2945.852295	0.397093
2947.867188	0.132253
2949.099121	1.37378
2952.487549	5.98251
2956.319580	3.171
2957.556885	1.56478
2959.912109	1.38238
2960.788574	0.0465946
2961.712402	0.604884
2963.407227	1.73958
2966.606934	0.0604022
2969.456055	6.6606
2977.547119	0.88137
2982.116943	35.4581
2989.043213	11.3761
2990.070313	5.53714
2993.137939	0.0344584
2996.210938	1.42352
2998.691895	7.92398
2999.754883	5.01468
3002.267822	0.398611
3003.544678	1.25134
3004.396240	0.410484
3005.208252	3.67672
3007.420166	2.2874
3008.401611	7.11289
3010.365723	0.308912
3012.759766	2.16398
3014.322998	0.995951
3016.237305	11.4657
3020.140137	11.7215
3023.983643	9.68877
3033.524414	6.31316
3035.974121	0.524854
3036.607422	0.0183879
3038.032471	0.419941
3039.375488	1.03066
3041.369629	0.338621
3042.599854	0.165527
3043.469971	0.0318362
3044.803955	0.0929317
3053.543213	3.60948
3054.743164	0.288889
3055.502441	0.129386
3056.853516	0.16453
3058.497803	0.137839
3059.719727	0.0868634
3061.840332	0.385185
3063.140869	1.75877
3069.197510	2.83036
3070.192627	0.0779888
3070.638428	0.0265966
3071.660400	2.82051
3073.106934	13.7288
3078.186523	11.4764
3089.896240	124.096
3091.596924	71.4109
3097.517822	13.3877
3102.632568	7.49647
3112.805664	9.46814
3114.230957	0.357073
3115.263916	0.493969
3116.502930	0.25911
3118.011719	6.82255
3125.975830	3.3168
3127.211670	2.58654
3128.281738	7.58613
3131.153076	0.415098
3132.604736	0.224554
3134.452148	0.489688
3135.751221	0.146061
3137.031006	0.146312
3138.376221	0.4015
3140.508301	0.20205
3142.207031	0.445969
3143.887695	0.177319
3144.807129	0.419075
3146.885498	0.0913105
3148.218262	0.198073
3150.622559	0.947625
3156.281982	0.170965
3157.756104	0.471875
3158.726807	0.429961
3159.566650	0.0683324
3160.007324	0.0690795
3160.981934	0.111884
3164.550537	2.88854
3165.628662	0.4463
3166.323486	0.272126
3167.820313	2.51862
3169.512695	1.01711
3171.589600	5.93836
3175.102295	10.2186
3182.783691	4.66418
3185.476074	6.11659
3187.116943	7.79341
3188.850342	16.8535
3193.669189	5.60166
3201.199463	8.78853
3204.194824	10.4909
3205.693604	10.8478
3211.156738	2.07352
3212.973145	0.0442538
3216.417480	2.54224
3217.498291	0.245458
3218.379639	0.232056
3219.760498	0.118243
3220.810303	0.074623
3222.418457	0.0957422
3224.230225	0.0094269
3227.185303	0.236941
3231.478516	0.504175
3232.988770	0.871116
3235.173096	0.0627274
3239.531250	1.25868
3241.333252	0.584111
3242.786865	0.322692
3243.851074	0.247562
3244.780273	0.117301
3246.089111	0.161744
3247.051758	0.00735387
3247.897705	0.0380635
3249.461182	0.319276
3250.785645	1.01098
3252.668457	0.0220387
3254.830566	1.18586
3256.786865	0.024093
3257.711182	0.100361
3258.457031	0.178753
3259.877930	0.190406
3262.012939	0.179638
3263.529053	0.058047
3265.342773	0.062081
3266.475586	0.0447021
3267.737305	0.388187
3269.550781	0.471175
3270.651123	0.529203
3271.602783	0.568068
3272.406738	0.0533268
3272.962158	0.15158
3273.894287	0.171794
3274.994141	0.900964
3280.028320	0.21467
3281.910400	0.706737
3285.332031	1.0078
3286.956299	1.7569
3289.434814	3.63273
3291.058105	1.0072
3293.008545	6.83332
3299.598633	0.550793
3301.115723	1.74925
3302.619141	0.519969
3303.920654	6.9481
3305.123535	7.02444
3309.076172	8.66027
3312.614014	0.605831
3315.593750	3.94237
3324.089111	0.381522
3327.698975	3.78174
3331.067139	0.463269
3333.388428	0.243116
3335.114746	0.318658
3336.970947	0.143994
3339.831787	2.26527
3344.011475	3.29065
3347.907715	3.47833
3350.207031	0.0632711
3352.291992	0.47133
3356.833740	0.642791
3363.572510	2.74585
3367.678223	0.240493
3368.991943	2.9168
3373.478516	2.20199
3377.471191	2.75263
3387.561523	0.894568
3389.273193	0.388408
3390.033691	0.0266814
3391.546875	0.128305
3392.570068	0.0399373
3395.997559	1.66456
3399.859863	0.379938
3401.140137	0.345142
3402.165771	0.842359
3403.592285	0.179766
3404.440918	0.163811
3405.617676	0.613032
3408.401123	0.0723568
3410.344727	1.83362
3414.748291	1.19253
3419.192139	1.69289
3420.764648	0.346814
3423.032471	0.542665
3424.986816	0.491133
3426.183350	0.207586
3427.221191	2.37988
3430.592041	0.891272
3432.635742	1.38075
3434.737061	19.5229
3440.522949	5.58617
3441.653076	2.22748
3443.512207	0.399472
3444.526123	1.23453
3446.688721	0.0765316
3447.911377	1.34422
3451.216797	0.055911
3452.181152	0.159353
3454.510986	0.0685975
3455.888428	0.173217
3456.959473	0.06943
3457.870605	0.068424
3459.378906	0.0277658
3460.326904	0.013343
3469.375488	3.1426
3477.194824	0.555573
3479.146240	0.338021
3480.050293	0.145924
3481.262207	0.368273
3482.518799	0.335759
3483.481689	0.465795
3484.479736	0.200979
3485.945557	0.226664
3486.728027	0.0262735
3488.249023	0.178033
3490.296387	0.137306
3492.850342	0.729405
3495.103516	0.143631
3497.421875	1.43704
3499.662598	0.726175
3501.654785	0.255481
3503.595703	4.00924
3506.763672	1.64359
3507.649414	0.0556213
3508.508057	0.705981
3511.564209	1.12736
3513.953125	0.243144
3514.562256	0.188754
3517.070313	1.20688
3518.175781	1.52164
3521.264648	1.14582
3522.367432	0.324058
3523.649170	0.241802
3524.785889	0.177637
3526.081299	0.875776
3528.095703	0.498947
3530.975342	13.1605
3538.566650	0.258112
3540.957764	0.195588
3543.839111	1.28756
3547.580078	0.681476
3550.710938	2.53285
3552.572510	15.6083
3556.302734	9.39092
3564.154297	1.74265
3565.819580	1.97751
3567.690674	2.83848
3569.549561	0.952709
3571.373535	1.35949
3573.322754	0.416858
3575.444092	0.181303
3577.269775	0.095525
3581.409668	3.46038
3585.386230	2.80218
3589.918457	2.79652
3592.828857	0.556641
3594.510498	0.917553
3596.464111	0.311292
3598.366211	0.12242
3600.610352	0.15867
3604.985107	2.57819
3606.780518	0.80414
3607.333008	0.028787
3608.468506	0.660661
3609.854736	1.30723
3612.041260	0.396408
3613.129395	0.119048
3617.300049	19.9724
3618.745850	29.8916
3627.551514	12.3678
3631.201904	6.46227
3635.552490	1.89816
3641.399658	12.8276
3646.779541	2.61105
3648.992432	4.48062
3652.370361	0.337863
3656.981445	0.543505
3659.074951	0.521283
3661.937500	1.20042
3664.085693	0.620106
3666.023193	0.813504
3668.015137	0.292381
3670.255859	10.3069
3679.699951	0.205224
3686.207031	24.9561
3689.768555	2.02995
3691.713867	4.6909
3694.704346	3.24237
3700.553223	5.39995
3703.847168	4.00846
3705.230713	14.8491
3713.287598	0.00724956
3717.821045	4.65701
3721.875732	0.2372
3724.546631	1.81976
3727.047119	1.06373
3728.630859	1.11436
3730.629639	1.22209
3733.789795	0.371899
3734.894775	0.405588
3735.964600	0.220714
3737.255859	0.123375
3738.155762	0.0367467
3741.234375	0.675045
3742.514648	1.0879
3746.413574	0.0487655
3748.948730	0.0772721
3751.022949	0.20151
3752.137451	0.0812805
3753.251221	0.0353838
3754.322021	0.0413379
3756.568359	3.4426
3765.604980	0.0863153
3769.649902	0.517566
3772.578369	1.4514
3773.832275	0.467138
3775.769531	13.4837
3787.864258	1.6561
3791.005615	3.67283
3792.325684	1.77228
3794.703125	0.306458
3798.298584	1.74999
3802.238525	0.373581
3804.103271	0.495583
3806.055420	0.472141
3808.460693	2.16634
3812.897949	0.590994
3818.199463	1.49757
3820.292969	7.67679
3827.753418	3.83481
3831.618408	1.40594
3833.215576	0.597344
3834.261230	0.0515283
3835.536865	0.349606
3837.005127	2.75841
3852.099609	10.6627
3854.152588	26.5927
3864.639160	4.01903
3866.443359	1.33845
3868.397217	0.551459
3871.343018	0.550753
3872.771484	4.01768
3877.330811	5.4922
3882.420166	3.87792
3888.610352	0.257156
3889.835938	0.397888
3892.351563	0.0596027
3893.406982	0.302464
3896.246094	0.218759
3899.375732	1.31657
3901.916260	21.8442
3906.709717	0.00517762
3909.649658	3.84665
3912.558838	0.0548586
3915.217529	0.415089
3916.488525	0.828243
3923.581543	4.04096
3928.060303	3.90282
3929.354980	2.15226
3931.436768	0.186567
3933.712402	10.9423
3937.116211	6.8873
3938.987793	1.3119
3940.795654	1.008
3942.412598	0.403451
3943.535645	0.0389624
3944.531982	0.267226
3946.227539	0.125054
3947.049561	0.0153943
3948.100830	1.74361
3952.980713	7.68352
3957.523438	10.9552
3972.820068	16.1264
3974.958740	15.8351
3985.679932	9.38037
3987.804443	1.14368
3989.100342	0.374238
3989.901123	0.296879
3991.356201	0.120686
3992.619385	1.26746
3994.487305	10.8688
3997.719971	0.0193325
3998.552734	0.186164
4002.427490	5.22412
4003.649170	6.15275
4010.115479	1.34676
4015.381836	1.07568
4016.789307	0.138585
4018.703125	0.625263
4022.199951	1.66671
4023.952393	0.4678
4026.874268	2.52363
4028.757568	1.74835
4030.638916	2.60456
4035.455811	1.63505
4037.868408	0.823627
4039.907715	0.505988
4042.044189	0.372827
4044.550781	0.293075
4045.776855	0.371464
4046.968994	0.326719
4048.274902	0.0354461
4049.544189	0.105769
4051.691162	0.858938
4053.747559	0.375421
4054.754883	0.39338
4057.034424	0.523704
4058.309570	0.280351
4059.030518	0.223929
4060.777100	0.120076
4063.845947	10.196
4074.033936	4.6935
4075.318115	2.35025
4077.131592	1.08324
4077.898438	0.698912
4079.629395	0.633421
4080.807129	1.16795
4081.712646	2.51136
4086.066895	3.33208
4088.717285	1.7997
4089.513672	0.173834
4090.756104	0.655517
4093.365234	1.85893
4096.823730	0.0527133
4098.260742	0.0353837
4099.113770	0.020461
4101.059570	2.70348
4104.404785	1.61817
4106.157227	1.26094
4108.479492	0.721931
4110.086914	0.333572
4115.993652	1.0409
4123.381836	0.718826
4130.690918	1.81749
4133.141602	2.01727
4134.798828	0.709131
4136.505371	1.20209
4142.277832	1.73901
4143.700195	2.58232
4145.728027	0.307825
4150.208008	3.89435
4153.421875	0.0740329
4155.321777	0.104885
4156.999023	0.0267209
4158.706543	0.355028
4160.171875	0.352886
4161.284668	0.149737
4162.579102	0.214044
4163.725586	0.0773671
4165.555176	0.36272
4167.547363	2.35465
4171.445801	0.071818
4172.268066	0.0163748
4173.047363	0.0238631
4175.471680	0.323021
4177.471680	0.319796
4179.109863	0.714819
4180.284180	0.59304
4181.191406	0.0649028
4181.813965	0.0768791
4182.860840	0.218551
4183.891602	0.368097
4187.476563	0.0564389
4188.853516	0.0982123
4189.954102	0.144752
4191.407715	0.198914
4192.782227	1.67296
4197.014648	0.0735494
4199.228027	1.96989
4202.435547	0.270774
4203.175781	0.0954774
4204.486816	0.371342
4205.952637	0.314156
4207.072266	0.310665
4208.345703	0.178448
4209.676270	0.112012
4210.807129	0.0550964
4211.814453	0.00655863
4219.071289	1.48537
4220.468750	0.161851
4222.462402	0.600443
4225.498047	3.20151
4227.300781	1.72029
4229.200195	1.29117
4229.871094	0.107409
4231.826660	0.483844
4232.877441	0.355447
4235.634766	13.4184
4240.684570	1.82666
4242.979004	15.9328
4248.738770	1.8079
4250.678223	1.16821
4252.082031	5.73682
4256.681152	0.0212609
4257.926758	1.14987
4259.575195	1.49451
4261.888184	2.53252
4265.208008	1.89504
4266.227539	2.91841
4268.731934	0.096683
4269.944824	0.959238
4272.259277	0.0800494
4274.138184	0.0736165
4276.642578	0.420164
4277.750977	0.28705
4279.140625	3.97684
4284.458496	14.2428
4287.799805	4.85572
4291.239258	50.4895
4301.910156	36.2114
4307.425781	1.37241
4308.709961	3.01297
4311.086426	0.255617
4313.784668	11.5314
4315.636719	13.234
4317.667969	8.16451
4319.028320	86.8043
4327.658691	1.00894
4334.504883	956.823
4343.324219	2.91263
4344.640625	4.36874
4347.747070	5.07995
4349.849609	5.80222
4351.594238	21.9612
4356.914551	6.84333
4364.888672	31.9886
4366.786621	30.1362
4371.175781	0.979801
4373.825684	0.55139
4375.120605	7.47211
4379.757813	0.0211205
4381.528320	0.103938
4390.762207	9.98145
4394.111328	5.03259
4395.444336	0.518457
4397.068359	4.81818
4398.109375	0.746642
4399.197754	1.51036
4401.017578	0.0692852
4401.927734	0.208791
4403.668457	2.09917
4404.852051	0.894987
4405.646484	0.779921
4407.208008	0.437259
4408.468262	0.169331
4410.308105	8.82753
4414.699219	0.279898
4417.897949	4.99303
4419.669922	2.7685
4421.596680	2.63894
4423.731934	1.45689
4425.102051	8.09784
4428.888672	25.6642
4432.681152	10.7482
4434.143066	3.76226
4436.326172	3.44283
4441.014648	9.34713
4443.899902	0.450199
4445.621094	3.31863
4447.604980	2.01595
4450.081543	11.5025
4451.901367	2.46005
4454.261230	1.6571
4456.398926	4.84405
4458.695313	4.96055
4460.101563	0.899145
4461.391113	6.81128
4464.600586	2.36528
4466.372070	1.58897
4468.001465	2.52084
4470.079590	0.450459
4471.483887	0.0549053
4472.358887	1.05648
4474.593262	0.537288
4475.336914	0.41981
4477.303223	1.44405
4479.875488	1.9648
4481.863281	0.315606
4484.993164	0.8373
4492.132324	2.39785
4497.382813	3.95965
4501.011230	1.05123
4502.847168	0.478454
4504.916016	0.996572
4507.710449	0.224172
4509.044434	1.64101
4512.783691	0.250475
4516.903809	8.21378
4518.993652	4.16802
4520.157227	1.88814
4521.825195	35.0901
4529.524902	0.377517
4535.707031	73.2671
4539.726074	1.1798
4540.807129	2.19552
4542.631836	0.194172
4543.900391	6.80066
4549.745117	0.69223
4551.206055	1.55482
4559.636230	13.3477
4561.575684	13.9325
4568.667969	13.9779
4570.066895	11.0059
4576.340820	4.67641
4577.446289	6.07083
4580.042969	0.52378
4581.447266	1.98453
4585.073730	0.513812
4586.083496	0.237863
4587.151855	1.89389
4589.457031	1.35922
4591.488281	5.26384
4596.992676	7.1233
4598.563477	1.42756
4600.431152	0.762725
4602.597656	13.1864
4611.412598	27.6265
4615.637207	5.20397
4616.615234	4.24375
4621.350098	7.01233
4625.287109	0.4155
4627.186035	7.73895
4631.365723	0.538979
4632.322754	0.159389
4633.528809	0.167626
4635.099121	3.88908
4644.106934	13.4961
4645.248047	2.1599
4646.444824	14.2004
4650.931641	7.13278
4654.120605	7.33578
4661.077637	31.026
4663.557617	2.55618
4664.311523	0.356299
4665.687012	21.0181
4671.470703	3.90146
4676.490234	40.6539
4679.710938	2.35555
4681.457520	6.75237
4683.931641	0.32039
4685.348145	4.0512
4687.315918	3.25371
4689.135742	2.11388
4690.657715	13.6859
4695.019043	3.61721
4701.932129	57.4034
4704.331543	43.5471
4706.032715	197.884
4722.285645	2478.33
4732.604004	8.34673
4735.341309	11.0148
4736.802734	31.9481
4741.549805	1.98736
4742.916992	8.0573
4746.329590	4.1263
4750.733887	0.227703
4752.911133	1.30444
4756.271484	1.66783
4758.564453	3.85536
4759.377441	2.46986
4761.495605	3.6606
4763.207520	25.6169
4770.550781	40.5187
4775.003418	2.64084
4776.385254	2.55973
4778.813477	0.273725
4781.237305	2.36496
4784.136719	2.21107
4785.024902	0.717386
4787.818359	13.2834
4792.092285	2.47419
4794.762695	2.8384
4797.194824	2.36885
4800.502441	2.97514
4802.435547	1.27207
4803.402344	0.261371
4805.221680	0.774289
4806.250977	2.69797
4809.446777	12.601
4819.085938	31.5694
4823.430664	1.59954
4825.046387	9.90112
4829.721191	1.68984
4833.118652	12.8629
4835.215820	1.71576
4837.690430	22.8208
4841.192871	1.68763
4842.866699	5.25466
4845.192871	6.18034
4853.063965	11.0203
4854.691406	7.87035
4858.067871	0.0877856
4859.124023	0.125183
4860.542480	1.94687
4863.659668	0.457949
4864.973145	4.67355
4866.212402	24.2889
4871.585449	0.573175
4875.067383	10.1298
4876.507813	4.37287
4879.109863	1.70985
4882.072754	5.91075
4883.688965	1.96354
4886.240234	1.10406
4888.251953	1.42816
4890.404785	0.77285
4892.950195	0.299118
4894.771973	0.268064
4896.074219	0.0219969
4897.186035	0.205584
4899.332520	1.78292
4901.330566	0.509247
4902.784668	1.40445
4905.245117	0.733327
4907.403320	0.695287
4909.722656	0.461945
4911.429688	4.5125
4921.597656	18.5452
4929.514648	16.2807
4932.954102	0.208732
4934.753906	0.877698
4937.143066	0.865077
4938.309082	3.42541
4941.344238	1.93534
4942.890137	1.36146
4947.210938	2.24324
4950.197266	0.220218
4952.014648	0.177086
4953.213867	0.141755
4954.453125	0.0777927
4956.323730	0.100351
4957.180176	0.0752626
4959.970215	2.89744
4964.805176	2.36305
4966.435059	2.06032
4967.809570	1.06985
4969.062012	1.68633
4970.199707	1.27168
4971.828613	1.00976
4972.888672	0.180428
4974.233887	2.17546
4977.274414	0.484845
4979.767578	1.97073
4981.624512	2.49406
4982.485840	0.0898655
4983.873535	0.829175
4985.187012	0.294481
4986.341797	1.0074
4989.175781	0.446936
4990.811035	4.36706
4995.128418	0.216881
4996.678711	1.48526
4998.023926	0.606364
4999.471680	2.94472
5002.613281	1.62825
5005.856934	8.17989
5012.970703	23.8419
5021.168457	14.8585
5024.018555	2.0677
5026.367188	0.856549
5028.296387	1.81833
5031.416016	0.123927
5034.861816	18.4919
5039.959473	1.47693
5045.058594	12.4328
5048.001465	2.56481
5049.995605	1.542
5051.498047	1.86238
5053.463379	21.416
5063.200684	67.4193
5067.009277	0.503281
5068.528320	1.85839
5071.560547	0.0903313
5072.855469	1.68871
5077.683594	2.03625
5079.659180	1.68886
5081.424316	0.110537
5082.254395	1.87964
5086.274414	0.41731
5089.030762	8.88094
5096.033203	1.63448
5099.154297	0.221894
5100.353027	0.159866
5101.463867	0.305131
5103.170410	0.085925
5107.927734	2.29592
5109.817871	0.445564
5111.710938	0.737194
5113.258301	0.55249
5114.592773	0.0957531
5115.839844	0.211869
5117.393555	0.328166
5122.620117	0.826165
5126.447266	0.299112
5128.694824	2.92615
5132.316895	1.5456
5133.564453	0.756708
5134.890625	1.9077
5138.287109	0.688169
5139.494141	0.772781
5141.126953	1.24439
5142.327148	0.180452
5143.580078	0.688171
5145.275391	1.30859
5150.404297	0.190132
5152.879883	1.1432
5154.385742	0.437319
5155.409668	0.0165758
5157.209961	4.89142
5164.666504	15.1676
5169.338867	1.63963
5171.729980	0.362028
5173.821777	1.02587
5181.448730	4.7964
5183.057617	0.687007
5184.731445	0.13447
5186.524414	0.452088
5187.687988	0.130774
5189.104004	0.190499
5190.822266	0.212999
5192.141113	0.159326
5193.389648	0.0944323
5194.607422	0.1192
5196.472656	1.79277
5204.561523	6.45019
5210.436523	0.83976
5211.464844	0.875011
5214.592285	0.896717
5219.502441	0.276623
5222.136719	0.252414
5224.811523	1.31011
5233.697754	6.99583
5239.273438	1.97508
5240.334961	0.965225
5242.260254	0.0282322
5243.199707	0.150564
5245.302734	1.57045
5248.259766	1.29273
5249.373535	0.0831003
5250.497559	0.895923
5252.537109	0.125926
5253.515625	0.607304
5258.082031	0.129116
5260.765625	0.0859363
5262.473633	0.0317402
5263.220703	0.0131502
5265.435547	0.0264998
5270.075195	0.49709
5272.118652	0.267324
5273.814453	0.298619
5278.270996	4.08947
5280.081543	1.97163
5281.111328	4.93462
5284.108398	0.0882347
5285.944336	2.71064
5293.816406	0.187307
5295.039063	0.729001
5300.291992	3.33511
5310.191406	19.7991
5329.587402	11.2301
5334.232422	0.203314
5335.253906	0.137974
5339.676758	2.3179
5347.044434	0.275602
5349.463867	0.125645
5352.245605	3.85946
5365.576660	1.78715
5367.529785	0.246592
5372.173828	23.1706
5382.402832	2.28163
5384.397949	0.124491
5385.833008	0.0576182
5387.128906	0.0488461
5390.850586	0.364169
5392.928711	0.476679
5395.727539	0.0928539
5398.512207	1.29102
5400.367676	2.81862
5404.051270	2.89654
5406.343262	0.880764
5409.155273	1.42182
5416.280762	0.989931
5418.834961	0.671632
5420.486816	0.265671
5421.656738	0.247701
5423.324707	0.19821
5424.951172	0.843993
5428.175781	1.78797
5430.499023	0.164638
5433.236328	0.78767
5436.987793	1.03633
5440.026367	1.36477
5442.095703	1.80406
5444.821289	0.417494
5445.943359	0.0892586
5447.788574	2.92935
5451.760742	1.15915
5453.323242	2.61604
5456.623535	1.04866
5457.822266	0.331812
5459.104004	0.704953
5460.821777	0.163877
5462.004395	0.14424
5463.087402	0.0740744
5464.209961	0.0360316
5464.999512	0.282699
5467.504883	2.39805
5471.070801	0.0695755
5473.487305	0.835012
5481.036133	38.3092
5486.466309	5.06268
5491.558594	1.96892
5494.256348	0.033776
5495.716797	0.328997
5499.193848	6.46169
5508.680176	0.0165377
5512.550293	1.22411
5517.139160	4.64005
5518.989746	0.373282
5520.221680	0.572167
5522.274414	2.18584
5524.479980	2.30998
5526.815430	3.12681
5529.181152	1.79399
5532.081543	1.90857
5535.911133	0.604223
5537.876953	0.474855
5538.821289	0.517767
5540.959961	4.0352
5547.401855	1.55334
5555.877441	7.26846
5557.638672	3.1396
5558.542969	0.719877
5561.191895	4.7079
5564.011719	13.2458
5568.373047	0.0431526
5575.059570	9.67809
5577.311035	1.22554
5578.351563	1.93084
5581.674805	0.46757
5585.469727	5.107
5589.983887	3.0525
5592.165039	1.47065
5594.648926	1.25263
5596.953125	0.0558142
5599.674805	0.230022
5600.928711	0.0896996
5603.415527	0.273173
5607.352051	0.772857
5609.700195	0.862133
5612.081543	1.62462
5615.120605	2.05936
5617.006348	1.52926
5619.569336	1.13531
5631.874512	0.917069
5633.895996	0.75057
5636.358887	3.61278
5638.456055	1.15173
5641.390625	0.608467
5645.808594	1.36555
5653.088867	1.99353
5655.332520	1.13464
5657.318359	7.99977
5668.596191	7.88097
5670.716797	1.9716
5672.878418	1.0887
5675.603027	8.50446
5681.613770	3.75247
5682.823730	0.0917991
5683.976563	0.321956
5688.299805	27.5456
5696.446289	21.6806
5701.059570	0.134694
5707.212402	8.37136
5714.991699	0.419615
5717.616211	0.0487782
5721.241211	2.7617
5727.469727	1.98071
5733.716309	3.81916
5743.927246	1.9137
5746.677246	2.77287
5751.768066	16.504
5756.155762	0.423142
5757.398438	2.20695
5760.471680	0.895507
5768.916504	0.769072
5772.186523	1.09556
5776.001465	3.69588
5781.726563	1.95232
5783.792480	1.29898
5788.379395	2.29111
5790.767090	0.478589
5793.464355	0.423043
5798.067383	4.7658
5803.854004	2.5573
5807.673828	0.674427
5809.442383	0.489436
5811.563965	0.0586786
5812.519531	0.074665
5814.037598	0.0626015
5815.691895	0.0148951
5817.045410	0.00633888
5818.072754	0.000100166
5819.169434	0.0100485
5824.414063	2.2521
5827.915039	1.44753
5830.168457	0.59211
5832.002441	0.138511
5833.308105	0.894043
5834.553711	0.124351
5836.114746	0.450104
5837.573242	0.346767
5842.407227	13.0036
5851.742676	0.263333
5854.989746	10.4071
5860.882324	0.967036
5862.248047	1.4064
5865.042480	0.0512884
5867.893555	1.48658
5874.279297	2.80201
5883.019043	0.173338
5885.216309	0.513545
5888.792480	1.1582
5891.387207	0.566257
5894.151367	1.24539
5899.523438	14.3875
5901.089844	20.5164
5910.118652	2.9879
5912.245605	1.044
5915.090332	0.735248
5917.013672	0.28689
5918.715820	0.0194475
5920.132324	0.866226
5923.408203	0.664526
5925.729492	0.839894
5928.016113	1.42756
5932.170898	3.13327
5934.248535	0.934604
5937.079590	0.561213
5940.352539	0.908981
5943.833984	0.445042
5947.200684	10.2376
5952.487305	4.58825
5954.737305	1.22079
5957.018555	0.849555
5960.158691	0.637144
5965.751953	0.309241
5967.265625	0.244684
5970.285645	0.647694
5971.624512	0.0712298
5973.244629	0.895846
5985.755371	2.0087
5994.956543	0.369866
5996.755371	0.240777
5998.045410	0.0741574
5999.725098	0.130905
6001.258789	0.0380594
6002.881836	0.380826
6006.028809	0.763199
6008.172363	1.93884
6009.318359	3.8821
6014.785645	1.58241
6018.295898	10.923
6022.224121	1.30791
6030.721680	5.18439
6031.920898	3.21662
6034.966309	0.182238
6037.647949	0.324945
6039.985840	0.51226
6043.149902	7.52656
6045.773438	0.958256
6048.080078	1.73681
6049.304199	0.767651
6051.235352	1.71165
6053.032227	7.32227
6062.638672	8.84871
6069.140137	0.867732
6071.268066	0.233592
6073.343262	0.236788
6075.126953	0.303302
6076.303711	0.0692581
6080.243652	0.984337
6081.790527	3.25301
6085.399414	2.813
6087.249023	5.57698
6093.548828	0.723774
6096.859375	0.291683
6099.488770	0.615308
6103.122559	18.3813
6111.615234	16.8481
6119.066406	6.48537
6122.739258	1.03989
6126.630371	0.891047
6129.970215	2.02634
6132.848145	2.45406
6134.762695	2.59647
6137.353027	0.873755
6141.583496	3.81133
6143.404297	2.25271
6146.669922	1.68357
6148.843262	12.5425
6163.693359	12.1902
6167.649414	10.3741
6170.568848	6.79968
6177.018555	0.470003
6179.037109	5.24238
6184.681152	2.31604
6186.484375	0.649623
6188.602051	1.5202
6197.105957	1.32103
6201.415039	5.72612
6207.002930	1.54539
6209.480469	0.477537
6211.417969	4.12584
6215.911133	0.418838
6218.197266	0.356573
6219.992676	1.45588
6223.629395	0.902736
6226.098633	0.705796
6228.415039	0.269798
6230.192383	0.206996
6231.778809	0.167616
6234.937500	0.409872
6237.660645	7.82107
6245.722656	7.83936
6251.141113	0.306492
6255.798340	1.57299
6269.902344	5.26916
6273.209961	0.205206
6278.111816	2.47813
6280.423340	4.90321
6285.149414	12.2934
6292.075195	9.33246
6294.829102	8.81399
6299.087402	0.0969712
6303.519043	13.215
6308.190918	0.197637
6310.834473	5.8279
6317.845215	0.0885235
6337.316895	16.2984
6342.013184	0.250323
6348.396973	3.11105
6356.450684	0.866243
6362.703125	0.105765
6364.730469	0.105227
6366.114258	0.858364
6368.453613	1.02494
6371.082031	0.313676
6373.198730	0.568012
6385.778809	3.58222
6388.050781	3.42437
6395.907227	8.14461
6413.849609	15.3637
6420.231445	10.8086
6424.046875	2.9143
6427.183594	8.57022
6433.344727	3.94025
6439.160645	0.519514
6443.145996	0.76813
6446.044922	18.6248
6462.754395	36.4922
6474.376465	1.65205
6476.164551	1.48421
6478.883301	2.31464
6481.773926	1.20919
6483.913086	2.53141
6489.197266	1.47505
6491.570313	1.18903
6493.367676	0.421484
6494.545410	0.489921
6496.319336	0.23393
6497.823242	0.0324158
6499.921875	0.753623
6502.271973	0.420076
6505.236328	0.576355
6508.863770	0.167595
6510.984375	2.13621
6538.603516	6.64328
6544.353516	0.419377
6546.975098	0.466588
6549.901367	0.129277
6556.437500	2.37068
6559.989746	0.879757
6562.489258	0.306051
6566.718750	0.717263
6570.267578	1.12456
6572.847168	1.32603
6575.368164	0.364922
6577.318359	0.365557
6579.336426	0.271409
6580.865234	0.85521
6584.350586	6.48372
6590.394531	1.76906
6595.625488	0.464252
6598.924316	2.02669
6605.593750	2.72948
6608.160156	0.287045
6610.654785	6.09555
6624.833008	0.43977
6631.998535	6.4159
6633.645508	5.2864
6643.307617	2.05391
6645.176270	1.11624
6650.179688	0.404769
6652.396973	0.656529
6654.543945	0.341885
6657.542969	0.0854618
6659.123047	0.0222187
6661.843262	0.261677
6662.978027	0.28705
6664.802246	0.409232
6667.859375	0.180667
6670.541992	0.736508
6673.987305	0.533005
6676.689453	0.710479
6679.472656	0.682397
6681.996582	0.303825
6685.769043	1.90248
6690.824707	3.14878
6697.722168	0.0150652
6704.512207	4.64255
6707.200195	3.71272
6710.094238	0.440164
6711.275391	0.119591
6712.921387	0.529957
6716.803711	0.61864
6718.481934	0.184965
6720.279785	0.618863
6723.279785	0.0530368
6728.576172	1.42985
6734.362793	0.485793
6739.511230	1.18096
6745.075195	0.43988
6747.918945	0.494874
6751.083496	0.846089
6753.276367	0.632159
6755.647461	2.06144
6757.851074	2.70058
6760.540039	1.42643
6762.723145	2.71729
6773.031738	1.73162
6774.857910	0.928227
6775.989258	0.613072
6780.527344	2.19559
6787.890137	0.19576
6790.750488	0.290703
6793.292969	0.162511
6801.300293	1.43583
6803.856934	2.44396
6808.576172	2.25228
6810.501465	1.36998
6812.768066	0.27517
6815.068359	6.0559
6823.785156	12.4027
6834.270508	5.03987
6838.299805	0.305697
6840.039551	0.605091
6841.523438	0.035347
6843.122559	0.193157
6848.875000	1.43564
6851.214844	0.143122
6853.563477	1.06266
6855.766113	0.200132
6857.474609	0.0612997
6859.483398	0.48305
6862.708496	1.50702
6868.441406	1.8581
6872.322266	0.103429
6874.247070	0.22221
6875.656738	0.0954024
6877.262207	0.0660398
6879.875977	1.05805
6886.854492	0.334368
6889.004883	0.213609
6890.593262	0.05869
6891.814453	0.233553
6893.736328	0.00325013
6895.032715	0.950831
6897.282227	1.94416
6904.841797	3.76703
6908.130371	23.0855
6919.377441	13.8154
6931.904297	2.49119
6944.000977	0.896605
6974.028320	0.189885
6976.298828	0.109444
6977.886230	0.0860427
6979.379883	0.0427263
6981.236328	0.0530468
6982.715820	0.0140459
6983.742188	0.0146717
6985.872559	0.0305047
6988.895020	1.17248
7005.615234	10.0224
7012.581543	2.5333
7013.992676	2.2589
7017.668457	0.587293
7018.877930	0.0507944
7024.585938	2.17257
7033.279297	0.525451
7034.884766	0.402544
7037.787598	0.902806
7040.289551	0.154005
7041.961914	0.607847
7044.125977	0.0517072
7046.610352	0.128189
7049.182617	0.0842504
7052.202637	0.317264
7055.470703	0.269727
7057.716797	0.765878
7059.617676	0.18449
7061.206543	0.0502985
7064.370605	5.10619
7070.293457	4.80871
7075.913574	1.27685
7080.077148	1.6344
7085.392578	1.33586
7087.047363	0.523685
7090.591309	0.236335
7092.420898	0.0983066
7094.614258	0.627792
7101.149414	0.459035
7106.148926	0.0986884
7112.267578	0.040837
7114.332520	0.0252474
7115.729980	0.00490593
7117.751465	0.013157
7123.404297	1.2524
7130.576660	0.494388
7134.120117	0.490731
7136.436035	0.16011
7139.721191	0.680801
7145.898926	0.0784057
7157.504883	5.78898
7166.512207	0.241203
7169.843262	3.75395
7174.674316	0.203346
7179.531738	1.54162
7187.926758	0.470952
7200.498535	0.63036
7204.370117	0.392783
7207.132324	0.338798
7209.320313	0.306036
7212.985840	0.296791
7215.488770	0.197932
7218.099121	0.258027
7226.553711	0.0721109
7230.352051	0.451333
7233.720703	0.573524
7236.327148	0.772546
7239.227051	0.320734
7242.241211	0.27879
7245.172852	0.0308575
7248.146973	0.301555
7255.284668	0.0337124
7256.915039	0.01399
7258.360352	0.0108247
7260.374023	0.00943018
7262.717285	0.0845598
7277.848633	1.68135
7305.362793	0.466612
7310.420410	1.3179
7314.799316	0.903496
7317.452637	0.483881
7320.512207	0.39061
7322.685059	0.0727087
7325.005859	1.0397
7339.321289	1.83818
7341.459473	2.90344
7346.976563	0.165119
7349.619141	3.71546
7352.020020	0.542056
7354.684570	0.634664
7356.605469	0.188564
7359.613770	0.0592592
7361.143555	0.00656783
7362.246582	0.000701082
7365.708984	0.0587308
7367.874512	0.0725658
7369.508301	0.0491492
7370.942871	0.0359668
7372.919922	0.0222683
7374.317383	0.0138797
7378.181641	0.214238
7382.807617	0.181128
7384.001465	0.476033
7386.792969	0.8187
7389.417969	0.202351
7392.480469	0.169221
7394.926270	0.0180984
7396.683105	0.00239871
7412.959473	2.06725
7426.921875	0.14444
7429.658691	0.0822205
7430.682617	0.00403101
7432.826172	0.0375667
7434.546875	0.012507
7435.935059	0.00357317
7471.156250	1.66214
7486.531738	0.0204691
7489.026855	0.0278326
7491.049316	0.0557394
7493.483398	0.0724109
7495.133789	0.044658
7496.587402	0.0328243
7498.581543	0.0271815
7500.026855	0.00698512
7503.907715	0.310858
7508.828613	0.671768
7511.770020	0.323587
7514.987305	0.143344
7517.444824	0.0878695
7520.815918	0.32873
7541.263672	5.71321
7548.120117	2.02717
7550.786621	0.776435
7554.274902	0.727055
7556.134766	0.0650273
7560.974609	0.0368663
7563.584961	0.305154
7569.099609	0.0325689
7570.857910	0.0385776
7572.337891	0.00536285
7574.308594	0.0121216
7576.014648	0.0110359
7595.353516	0.232037
7599.671875	0.0408173
7602.312012	0.0488433
7603.980957	0.0333439
7605.493164	0.0195692
7607.476074	0.0192693
7608.984863	0.00665645
7610.062012	0.000263052
7615.895996	0.00310858
7624.558105	0.16893
7634.976074	0.751333
7642.285156	0.858043
7645.144043	0.43888
7648.121582	0.207565
7650.935059	0.078019
7653.931641	0.0791183
7664.736816	0.0149409
7666.048828	0.0165069
7667.306152	0.0112466
7668.445313	0.00210338
7669.662598	0.00414012
7671.104004	0.00307009
7672.036133	0.0194592
7703.565430	0.0205089
7705.313477	0.00602139
7707.135742	4.85124
7715.639648	2.10192
7721.180176	0.948411
7725.270020	0.00021487
7734.644043	0.00289621
7738.224121	0.588918
7741.082031	0.248182
7742.985352	7.03362
