TITLE "<<220429_YS_CKF_I16_PM_9539_RM13514_ThermoSIN_MSMS1kVPos_Sen_MetON_AlkTrx_XCal_TIS_100Da_10K_7300hv>> 4700 MS/MS Precursor 9539 Spec #1=>AdvBC(32,0.5,0.0)=>NR(2.00)=>SM31=>CT[BP = 5275.1, 386]" CENTROID
TYPE MASSSPEC
1127.014282	0.340531
1128.192261	1.49758
1129.437988	0.748466
1129.878174	0.0499514
1130.324707	0.989564
1131.524292	1.35255
1132.548340	0.460216
1133.828979	0.418587
1134.662720	0.063289
1136.797729	0.496899
1138.256836	0.329315
1139.299805	0.140645
1140.419922	0.134271
1141.335449	0.0139709
1143.674927	0.297099
1151.480225	0.00921775
1151.965088	0.0069272
1152.255249	0.00158026
1152.626709	0.00291347
1153.369141	0.00581881
1153.768311	0.00451382
1154.341187	0.0610233
1158.706055	0.0717146
1160.373169	0.0434404
1161.003052	0.213674
1161.696899	0.20355
1162.413940	0.00797104
1163.050171	0.0312948
1163.878052	0.0266579
1164.717163	0.00437442
1170.950195	0.498223
1180.466431	0.0101002
1181.646973	0.0656626
1182.494873	0.0994758
1183.061523	0.0831175
1183.740356	0.0255971
1184.431152	0.0228323
1185.116089	0.249044
1185.752563	0.14161
1186.065918	0.00115259
1186.374146	0.0141669
1186.831421	0.00183009
1187.227173	0.0119052
1187.575195	0.00486118
1187.827881	0.0014948
1188.242188	0.000984018
1188.623047	1.61262e-005
1209.894653	0.00326836
1210.510986	0.0169218
1210.894531	0.0147019
1211.144897	0.000185653
1211.538574	3.76962e-005
1211.908325	0.00231569
1212.418335	0.00241333
1212.726563	0.00667604
1213.689697	0.374545
1214.499512	0.286035
1215.209106	0.063473
1215.893311	0.108045
1216.591675	0.105556
1217.158691	0.00884471
1217.545410	0.000408794
1217.995483	2.10651e-005
1219.990356	0.0344189
1221.262817	0.0360247
1221.832642	0.169749
1222.421631	0.243093
1223.184448	0.0788472
1223.850586	0.110785
1224.442017	0.109664
1225.039551	0.00822247
1225.427856	0.000410589
1225.878906	2.10703e-005
1229.059937	0.159077
1234.424316	0.346631
1237.273682	0.889733
1240.244873	1.39963
1243.170898	0.301693
1244.853882	0.907789
1245.559937	0.474987
1246.004150	0.0715072
1247.016968	0.109809
1247.502075	0.0366645
1249.893799	0.728549
1252.768066	0.529746
1254.680664	0.0455138
1255.168945	0.00911141
1255.477295	0.0202445
1256.044678	0.0206701
1256.710938	0.00692943
1257.031494	0.0051664
1257.452393	0.011183
1257.905884	0.00111963
1258.280762	8.12627e-006
1258.658813	1.0947e-006
1259.540527	0.00692429
1260.770020	0.164274
1261.811035	0.481712
1262.463867	0.34013
1263.133423	0.182334
1263.924438	0.168312
1264.564941	0.0853425
1265.348877	0.0582185
1265.918457	0.0400388
1266.361816	0.00318628
1266.756592	4.67131e-005
1267.122681	2.18262e-007
1267.468384	6.43779e-008
1267.660156	9.21123e-008
1270.478271	2.23199e-006
1273.439209	2.07092e-007
1273.774658	6.90306e-008
1274.501587	5.29234e-007
1276.621460	0.00548262
1280.828735	0.000920833
1281.781128	0.047569
1282.817749	0.137064
1283.418579	0.0851679
1284.052490	0.0181869
1284.938477	0.0157255
1285.633057	0.123324
1298.206299	0.00548767
1305.329224	0.329672
1313.642456	1.06076
1316.550171	0.0828599
1317.177734	0.0535924
1318.641235	0.635409
1319.148926	0.306139
1321.801514	0.152417
1322.474976	0.142735
1323.025513	0.0218304
1323.945679	0.0186216
1324.553101	0.0127562
1326.346436	0.0297034
1329.210938	0.000672033
1330.450562	5.21075e-006
1331.700562	5.16323e-006
1333.265869	1.73819e-006
1344.054810	0.0822158
1346.238647	5.47797e-008
1347.417603	2.66073e-007
1348.654541	7.0431e-008
1349.345093	1.17385e-007
1350.064819	7.82567e-008
1350.755737	1.09559e-007
1351.562134	1.09559e-007
1352.311157	9.3908e-008
1353.060425	1.09559e-007
1353.665771	5.47797e-008
1354.819092	2.58247e-007
1356.001709	6.26054e-008
1356.925171	1.87816e-007
1358.310913	1.87816e-007
1359.350708	9.3908e-008
1359.870728	4.6954e-008
1360.101929	1.56513e-008
1361.200195	2.81724e-007
1362.645996	1.09559e-007
1363.398193	9.3908e-008
1364.150513	1.09559e-007
1364.758301	5.47797e-008
1365.916382	2.58247e-007
1367.104004	6.26054e-008
1367.915283	1.56513e-007
1369.074707	1.56513e-007
1369.857666	5.47797e-008
1370.524780	1.25211e-007
1371.192017	5.47797e-008
1371.656372	7.0431e-008
1372.411011	1.33036e-007
1373.020630	3.13027e-008
1373.369141	6.26054e-008
1373.804688	5.47797e-008
1374.095093	2.3477e-008
1374.501831	8.60824e-008
1375.170044	9.3908e-008
1375.722290	5.47797e-008
1376.129150	5.47797e-008
1377.175781	2.26944e-007
1378.251953	6.26054e-008
1378.746582	7.0431e-008
1379.212158	5.47797e-008
1379.590454	4.6954e-008
1380.114380	9.3908e-008
1381.046143	1.56513e-007
1381.774170	3.91284e-008
1382.067749	2.95659e-008
1382.653931	0.0843029
1383.918945	0.776553
1384.745361	0.57344
1385.394653	0.146014
1386.242920	0.118037
1386.883301	0.0995302
1387.607910	0.00295292
1388.006348	0.000217807
1388.454346	9.58508e-006
1388.702148	5.84122e-008
1389.066284	2.32305e-008
1389.241333	2.34746e-008
1389.474976	3.91284e-008
1389.767090	3.91284e-008
1390.030029	3.13027e-008
1390.234497	2.3477e-008
1390.411621	2.41536e-008
1391.059570	0.00934349
1392.320068	0.0767526
1393.122314	0.0492727
1393.687012	0.00288809
1394.633423	0.0306153
1395.234741	0.0261601
1395.926147	0.0062485
1397.026611	0.125351
1397.777344	0.0841409
1398.407227	0.0146867
1398.848267	0.00111876
1399.354126	0.0164934
1399.944824	0.0166138
1400.434204	0.000997514
1400.849609	1.55665e-005
1401.234619	7.36047e-008
1401.598389	2.19261e-008
1401.800049	3.13265e-008
1402.005493	2.3477e-008
1402.533691	1.17385e-007
1403.120728	3.91284e-008
1403.781982	0.0701066
1409.791260	1.40712
1415.392700	0.948231
1419.676880	0.330365
1422.954712	0.0254339
1425.409912	0.0755837
1430.823853	1.5443
1433.663940	0.345447
1435.077881	1.68112
1437.893433	1.11862
1440.012817	0.0906698
1441.669800	0.00712055
1442.629028	7.37937e-005
1443.197998	1.04365e-005
1444.040283	6.46649e-006
1444.825439	7.28945e-008
1445.473999	5.52123e-008
1445.892822	5.48163e-008
1446.280640	4.69546e-008
1446.578735	3.13027e-008
1446.787354	2.3477e-008
1447.055664	4.6954e-008
1447.443359	5.47797e-008
1447.950317	7.82567e-008
1448.397827	3.91284e-008
1448.875122	8.60824e-008
1449.650879	1.17385e-007
1450.307617	5.47797e-008
1450.755371	6.26054e-008
1451.262939	7.0431e-008
1451.651123	3.13027e-008
1452.069336	7.82567e-008
1452.606934	6.26039e-008
1453.563110	0.000130583
1456.119873	0.095592
1457.444824	0.147888
1457.932129	0.14182
1458.311401	0.0888092
1458.738403	0.129876
1459.567505	0.0420194
1460.381958	0.656485
1461.231689	0.62927
1462.040283	0.0168155
1462.763062	0.0855204
1463.396851	0.0413047
1463.672607	0.00881256
1464.542725	0.0080812
1465.627930	0.014084
1466.042114	0.0130502
1466.367554	8.65317e-005
1466.622192	4.74999e-005
1467.157715	0.00310406
1467.714111	0.00394857
1468.065918	0.00398274
1468.604248	6.72304e-008
1468.946899	1.98682e-008
1469.175049	3.91284e-008
1469.565674	6.26054e-008
1470.046509	6.26054e-008
1470.407227	3.13027e-008
1470.858154	8.60824e-008
1471.399292	5.47797e-008
1472.151123	1.40862e-007
1472.842041	3.88846e-008
1473.494629	0.0031895
1475.562012	0.141247
1477.801758	0.266018
1479.086304	0.149633
1480.319092	0.0974041
1481.504883	0.033971
1482.509644	0.0270291
1483.659302	0.0408374
1484.318726	0.026405
1484.995239	0.0138607
1485.885864	0.0111488
1486.458618	0.00591005
1486.894165	0.000235547
1487.304321	7.67803e-006
1487.649414	4.94036e-008
1488.015869	3.13868e-008
1488.226440	2.34731e-008
1488.559082	6.26054e-008
1488.952271	3.91284e-008
1489.285034	4.6954e-008
1489.617920	3.91284e-008
1490.162598	1.01734e-007
1490.798096	6.26054e-008
1491.131104	2.3477e-008
1491.282471	1.56513e-008
1491.464111	3.13027e-008
1491.857788	7.0431e-008
1492.190918	1.56513e-008
1492.312012	1.56513e-008
1492.645142	7.0431e-008
1493.129761	5.47797e-008
1493.402466	1.56513e-008
1493.796387	8.60824e-008
1494.250854	3.13027e-008
1494.735840	9.39081e-008
1495.251099	3.91284e-008
1495.584595	4.6954e-008
1496.463989	1.7999e-007
1497.313232	3.91284e-008
1497.768311	7.82567e-008
1498.344849	7.0431e-008
1498.769653	3.91284e-008
1499.164307	6.26054e-008
1499.710693	7.82567e-008
1500.378784	9.3908e-008
1501.046875	7.82567e-008
1501.715210	9.3908e-008
1502.900269	2.11293e-007
1503.994751	7.0431e-008
1504.511597	6.26054e-008
1504.967773	5.47797e-008
1505.363159	4.6954e-008
1506.062866	1.33036e-007
1506.732300	3.91284e-008
1507.097534	5.47797e-008
1507.675903	9.39081e-008
1508.315308	7.0431e-008
1508.832886	6.26054e-008
1509.259277	4.6954e-008
1509.655273	5.47797e-008
1510.203735	8.60824e-008
1510.782593	6.26054e-008
1511.392212	9.39081e-008
1512.001831	6.26054e-008
1512.489624	6.26054e-008
1512.947021	5.47797e-008
1513.435059	7.0431e-008
1514.014648	7.82567e-008
1514.655273	8.60824e-008
1515.631958	1.64339e-007
1516.395142	3.13027e-008
1516.730957	5.47797e-008
1517.131226	4.49817e-008
1517.546631	0.000252961
1518.104370	0.00908949
1518.672729	0.00777843
1519.041260	0.00182771
1519.746094	0.000697114
1520.319946	0.00515319
1520.756836	0.0046909
1521.065918	4.87719e-005
1521.345215	8.75544e-007
1521.589844	8.648e-009
1521.895752	1.56513e-008
1522.354614	1.01734e-007
1523.333618	1.48688e-007
1524.343750	1.09559e-007
1525.078491	7.82567e-008
1525.598999	5.47797e-008
1526.155396	3.43868e-007
1530.376465	0.658472
1546.093506	0.547874
1546.908081	0.0564911
1547.289429	0.0482787
1547.649780	0.00586937
1548.142578	0.0115087
1548.589111	0.112678
1549.469360	0.0588363
1550.170654	0.690225
1554.432739	0.547614
1555.434692	0.321503
1555.988525	0.0414604
1556.971313	0.162804
1558.467529	1.34741
1565.569458	0.580042
1566.897339	0.0830813
1567.894043	0.0801302
1568.329224	0.137828
1568.868408	0.0288166
1569.643799	0.00914199
1570.039917	0.0319782
1570.536499	0.0438513
1571.074097	0.00320949
1573.516968	0.0575553
1579.335449	0.00858493
1592.359253	0.248077
1594.085938	0.00643563
1594.646118	0.0612298
1595.125488	0.0536222
1595.519287	0.0175729
1595.824951	0.000239608
1596.274902	0.0100655
1596.840942	0.0099029
1597.264038	0.00996302
1597.627197	0.00343682
1598.753052	0.0961737
1599.890991	0.20671
1600.579956	0.140929
1601.291260	0.0597118
1602.183350	0.0389485
1602.785034	0.00893167
1603.917358	0.153255
1605.435425	0.324448
1606.669189	0.420656
1607.475586	0.132672
1608.312012	0.226288
1609.090820	0.11075
1609.814575	0.126245
1610.737061	0.0860847
1611.286011	0.00551167
1612.195801	0.00412767
1613.175171	0.00052273
1640.055664	1.49499
1645.233032	0.0489827
1646.405762	0.108263
1647.097168	0.0715758
1647.833496	0.025344
1648.707275	0.0262817
1649.458862	0.0632151
1650.156616	0.0385952
1650.859741	0.0103061
1651.870850	0.00734654
1652.387451	0.00285376
1653.706543	0.17626
1664.953125	0.432684
1667.820313	0.112435
1669.010376	0.574525
1670.479248	0.594033
1671.702881	0.192283
1673.183716	0.126859
1674.338257	0.0139539
1679.764771	0.0264652
1683.779175	0.0922878
1685.384888	0.00885506
1686.266235	0.430571
1688.152466	0.355754
1689.434570	0.120619
1690.850830	0.150551
1692.274048	0.00858195
1694.284790	0.417274
1713.228394	0.009102
1713.832886	0.00777967
1714.224731	0.00183794
1714.980103	0.000634178
1715.586060	0.00505747
1716.048950	0.0048112
1718.820313	2.84107
1723.898682	3.26958
1726.048828	0.251076
1727.317871	0.393761
1728.406494	0.00695779
1730.475830	0.749638
1738.859253	0.183347
1740.338989	0.266044
1741.423706	0.208415
1741.926270	0.0705744
1742.913818	0.0854581
1743.666626	0.021287
1745.050293	0.0852168
1747.037964	0.00394032
1770.533203	3.39022
1774.425903	0.0515526
1775.687744	0.103506
1776.409424	0.0656299
1777.153076	0.02237
1778.159668	0.0199961
1778.732178	0.0062492
1779.360840	0.0136214
1782.694946	1.137
1785.853516	0.0248911
1786.745483	0.355397
1787.547729	0.745062
1788.996460	0.0374673
1790.327393	0.0261608
1791.634033	1.26335
1795.909180	4.20219
1799.004883	2.55398
1800.145508	0.183305
1801.314331	1.08908
1802.204224	0.414816
1803.018311	0.173577
1803.961792	0.0671446
1804.793213	0.0524018
1805.433350	0.316234
1808.705811	0.964251
1810.132202	1.82022
1811.247070	1.90166
1811.760742	0.150855
1812.676270	0.614041
1813.667725	0.0796695
1816.436035	1.62826
1820.037964	0.137004
1823.250000	0.15055
1824.833496	0.11438
1825.697021	0.351191
1826.664551	0.711756
1827.496826	0.0254263
1828.194824	0.12816
1829.325562	0.132059
1830.202881	0.144723
1835.967529	0.0432009
1836.944824	0.0326901
1837.641724	0.0194016
1838.612549	0.0184595
1839.417847	0.157349
1843.091797	2.30343
1845.692383	0.526518
1846.173340	0.0838488
1847.018799	0.291998
1849.021729	0.75054
1849.600586	0.279477
1851.508423	0.080601
1852.302246	0.0428329
1853.106689	0.133359
1854.357788	0.164743
1855.080444	0.187066
1856.090698	0.0271041
1856.882446	0.0657419
1857.862793	0.122001
1858.398926	0.0653988
1858.821777	0.0283016
1859.147583	0.000218588
1859.632568	0.00964899
1860.245972	0.0150143
1860.709473	0.014444
1862.401489	0.483444
1892.802856	0.289218
1897.034790	0.186428
1898.690796	0.799318
1900.037109	0.363738
1900.556641	0.0622871
1901.635620	0.12986
1902.453369	0.0273744
1903.229980	0.0268413
1903.955444	0.00716599
1916.359863	0.386139
1922.974487	0.0466397
1924.232056	0.231494
1925.006836	0.122783
1925.396973	0.00322076
1925.841309	0.0153534
1926.893311	0.0399363
1927.354614	0.0279151
1936.495728	2.59606
1956.989380	0.244204
1961.299683	0.367587
1961.991821	0.48511
1964.337036	0.584935
1965.535889	0.30237
1967.138916	0.18818
1968.243652	0.0874193
1969.087646	0.0135723
1970.803467	1.92006
1986.050293	1.33856
1988.633667	0.200811
1990.063110	0.0829223
1991.184937	0.00511788
1991.656006	0.0407836
1992.676758	0.0632286
1997.157227	1.78501e-005
1997.403442	0.0726145
1998.790039	0.850568
2012.035034	3.46526
2013.148315	0.0451599
2013.738403	0.0746407
2014.260498	0.0741103
2014.636841	0.00507251
2015.541138	1.57078
2020.975586	0.214947
2022.525757	0.0085928
2025.113647	0.651525
2026.521484	0.0489907
2027.463745	0.153913
2028.344116	0.151119
2029.444946	0.0109016
2030.154907	0.0427804
2033.735107	1.20381
2040.988892	0.0387957
2049.172119	0.0939169
2050.833008	0.0433568
2051.614746	0.0350907
2052.563965	0.0166619
2053.477539	0.0183141
2062.218018	1.55005
2067.699463	0.387898
2069.765869	0.144604
2071.334717	0.140822
2072.713379	0.14825
2076.226318	0.330896
2077.784668	0.13654
2078.721191	0.378808
2079.810547	1.42473
2081.437744	0.247898
2083.489746	1.76232
2085.716797	0.190679
2086.416992	0.483751
2087.666992	0.0812502
2088.140137	0.0272803
2089.353027	0.319618
2090.443359	0.00296032
2092.478027	0.0378594
2094.852051	0.00571905
2096.502930	9.52241e-005
2097.116699	1.8348e-006
2098.131592	2.34175e-006
2099.060547	6.71531e-007
2099.899170	5.86821e-007
2100.547119	3.7367e-007
2101.051270	3.73655e-007
2101.483643	2.66896e-007
2101.807861	2.13517e-007
2102.059814	1.60138e-007
2102.384277	3.20275e-007
2102.960693	5.33792e-007
2103.609131	4.27034e-007
2104.077637	2.66896e-007
2104.330078	1.06758e-007
2104.798584	5.87171e-007
2105.447510	3.73655e-007
2105.988281	4.27034e-007
2106.493164	3.20275e-007
2107.106445	5.87171e-007
2107.755615	3.73655e-007
2108.296631	4.27034e-007
2108.874023	4.27034e-007
2109.487549	4.80413e-007
2110.064941	3.73655e-007
2110.678467	5.33792e-007
2111.184082	2.13517e-007
2111.725586	5.87171e-007
2112.592285	6.9393e-007
2113.134033	1.06758e-007
2113.278564	1.06758e-007
2113.495117	2.13517e-007
2113.964844	4.80413e-007
2114.687500	5.87171e-007
2115.193359	1.60138e-007
2115.410156	1.60138e-007
2115.771484	3.73655e-007
2116.530762	7.47309e-007
2117.289795	3.73655e-007
2117.868408	4.80413e-007
2119.025635	1.22772e-006
2120.219482	5.33792e-007
2120.906982	4.80413e-007
2121.486084	3.73655e-007
2121.920410	2.66896e-007
2122.644287	8.00688e-007
2123.549561	5.33792e-007
2124.165039	3.73655e-007
2124.817139	5.87171e-007
2125.614014	5.87171e-007
2126.556152	8.00688e-007
2127.172119	1.06758e-007
2127.425781	2.66896e-007
2127.969482	5.33792e-007
2128.477051	2.13517e-007
2128.984619	5.33792e-007
2129.637207	4.27034e-007
2130.253662	4.80413e-007
2130.870361	4.27034e-007
2131.342041	2.66896e-007
2131.595947	1.06758e-007
2131.958740	4.27034e-007
2132.611816	5.33792e-007
2133.374023	5.87171e-007
2133.845947	1.06758e-007
2134.063721	2.13517e-007
2134.753418	8.00688e-007
2135.879150	8.54068e-007
2136.932373	6.9393e-007
2137.477295	1.06758e-007
2138.058594	7.47309e-007
2139.557129	0.0468343
2141.145020	0.311933
2142.151123	0.217421
2142.872803	0.0746685
2144.030029	0.0530288
2144.854736	0.0690553
2146.918701	0.223301
2157.175049	2.08297
2171.602539	0.333953
2172.756836	0.155602
2173.518555	0.128254
2174.274414	0.101141
2175.452637	0.285567
2179.210205	0.273041
2179.719482	0.0442413
2180.086182	0.00155385
2181.288330	0.0315589
2181.711426	0.184448
2183.541016	0.360445
2184.991455	0.121415
2186.687256	0.157911
2188.366699	0.0158555
2193.393066	0.140716
2195.084473	0.0271986
2195.573242	0.0305122
2196.467773	0.000446203
2197.049072	0.0156409
2197.617676	0.0141741
2198.076172	0.00625415
2210.594238	0.175044
2214.499023	0.120596
2215.515869	0.0839103
2216.250732	0.0274651
2217.396484	0.0345809
2218.195557	0.0239166
2218.784912	0.0011904
2222.539795	0.541428
2225.178223	0.0910498
2226.239746	0.0639563
2226.914795	0.0232332
2228.045410	0.0365057
2228.890869	0.0229738
2230.153809	0.0546385
2233.362793	0.78787
2235.169922	0.316624
2235.766357	0.035945
2236.930420	0.147451
2237.863770	0.0439472
2238.512451	0.0283645
2239.704346	0.0089427
2240.877197	0.0118498
2251.233887	0.023143
2253.201904	0.0291204
2253.729492	0.0261449
2254.105713	0.000104345
2254.925293	0.0126145
2255.812500	0.00669159
2256.255127	0.00709483
2256.745605	0.0360068
2257.352783	0.0683677
2257.824707	0.106038
2258.499023	0.0280092
2259.413086	0.023947
2259.893311	0.0202576
2260.478516	0.0324375
2261.081055	0.00307987
2263.262695	0.123647
2265.355957	0.0922472
2266.743896	0.061808
2268.311523	0.0309651
2270.421387	0.265943
2272.542236	0.184289
2273.941406	0.0909715
2275.593994	0.0698357
2276.414551	0.0131103
2276.781738	0.000747628
2279.282471	0.00720257
2280.516846	0.0355835
2281.727051	0.0206971
2282.140381	0.0211395
2282.733398	0.0357742
2283.581299	0.0801167
2284.902100	0.228804
2285.570313	0.180587
2286.360596	0.0212045
2286.881104	0.0254376
2287.608398	0.0390964
2288.294922	0.0461422
2288.976074	0.00399705
2290.626221	0.0349241
2297.283447	0.131931
2303.640869	4.87195
2310.187744	2.66421
2313.843262	1.5422
2315.936523	0.216222
2318.098877	0.194584
2319.065186	0.0620066
2320.746338	0.025238
2321.738525	0.0690224
2322.569336	0.0377635
2323.437256	0.00974376
2324.610596	0.0075176
2325.231934	0.00294203
2325.807617	0.000250246
2326.307373	3.89547e-006
2338.883301	0.122252
2340.307861	0.008455
2340.766113	0.00221094
2342.370361	0.00807123
2342.904053	0.00540438
2352.246338	0.23411
2356.305908	0.483319
2358.393555	0.312172
2359.439941	0.244565
2360.282471	0.113783
2361.268799	0.163445
2362.250732	0.047026
2363.207764	0.0371363
2364.147461	0.00984386
2364.854004	0.00544898
2365.400391	0.000225581
2371.418213	0.0846997
2375.651611	0.239668
2377.931396	0.176939
2385.280029	0.0934241
2386.254883	0.0592919
2386.966553	0.00438855
2388.225098	0.544222
2389.815186	0.271273
2391.526367	0.116888
2392.903320	0.0627585
2395.359619	0.503459
2402.928955	0.611483
2405.192139	0.245417
2405.925537	0.1714
2406.538574	0.143817
2407.979492	0.0832764
2408.646484	0.218809
2413.405762	1.61008
2418.739258	0.788904
2420.368408	0.167388
2421.257080	0.504694
2422.552490	2.34147
2426.470459	9.66857
2432.831787	2.90104
2433.916748	5.11943
2438.495605	1.70833
2440.547607	0.215721
2441.511230	0.442298
2444.102783	0.0051264
2447.107910	1.52432
2451.213623	0.999165
2454.765137	0.459289
2455.859863	0.0112404
2456.478760	0.106777
2458.843506	0.762745
2460.400391	0.444848
2462.158203	0.125095
2463.589355	0.0351737
2465.323975	0.140181
2475.105713	0.0210304
2475.839355	0.0190684
2476.469238	0.0352668
2477.537354	0.0328739
2478.498047	0.0034258
2479.450439	0.0188929
2480.360352	0.0118181
2481.303467	0.0480067
2483.898682	0.287312
2485.223389	0.0760088
2485.641602	0.0197596
2487.208496	0.0451855
2487.849854	0.00334052
2488.735596	0.0152421
2504.230469	0.948197
2508.738281	0.152702
2509.622559	0.406153
2510.607422	0.408476
2511.199707	0.00568691
2511.812012	0.0211702
2512.593750	0.114691
2513.645264	0.111243
2514.651611	0.035802
2515.364014	0.0115138
2516.577881	0.0176317
2517.470215	0.0122767
2518.116455	0.00109945
2518.934814	0.00104054
2520.283691	0.048443
2521.745605	0.0815873
2522.608398	0.0528331
2523.494141	0.0276462
2524.622070	0.0314432
2525.270508	0.0859699
2525.835693	0.0862127
2526.270020	0.00439014
2526.764404	0.00011914
2527.276367	0.018624
2528.011475	0.0281328
2528.523193	0.0265845
2529.410400	0.0158528
2534.515869	0.170822
2535.707031	0.00449622
2536.837891	0.475437
2538.519287	0.248464
2540.209229	0.127892
2541.769287	0.0621334
2543.283447	0.0935358
2550.115479	0.0244969
2551.538818	0.0652632
2552.403320	0.0382286
2553.272705	0.0109124
2554.542969	0.00720783
2555.189453	0.00267801
2555.765625	0.000118575
2556.853760	0.0150536
2559.674316	0.35298
2561.708252	0.240695
2563.470459	0.0718914
2565.137695	0.0842315
2566.574951	0.00478124
2571.138428	0.0108602
2572.690674	0.0066213
2573.180176	0.0247092
2573.839844	0.0460541
2574.358398	0.0892344
2575.054932	0.0193922
2576.082520	0.00406318
2576.562988	0.0173051
2577.258301	0.0306591
2578.666748	0.270382
2583.111572	0.300011
2584.008545	0.125758
2584.957764	0.0446638
2586.109619	0.0694285
2587.063477	0.0361354
2588.819092	0.592667
2593.224121	0.421515
2594.142090	1.19263
2595.545898	2.722
2597.250488	0.902374
2599.033203	1.42291
2600.267334	0.0730611
2601.506592	0.00227973
2602.730469	0.0943054
2603.910645	0.319931
2604.852539	0.260879
2605.793701	0.0464721
2606.897705	0.0602493
2607.797607	0.0341926
2608.191162	0.00190214
2610.115967	0.0397849
2617.791992	0.538763
2618.798340	0.0553535
2619.398438	0.0719252
2620.148682	0.744561
2624.037109	1.9833
2626.438965	2.50838
2628.180664	2.05211
2629.923096	0.68401
2631.417725	0.29245
2632.054199	0.0393908
2632.835938	0.0144099
2633.248047	0.00115775
2634.522705	0.0773397
2646.416016	0.0249109
2647.729980	0.102221
2649.039307	0.087217
2649.856934	1.40644
2651.795410	1.26682
2653.504395	0.384439
2655.166504	0.426006
2657.492676	0.272101
2659.219971	0.155691
2660.892822	0.107268
2662.504395	0.0348743
2684.986084	2.4297
2694.552002	0.0111722
2696.003906	0.089812
2697.166992	0.0633309
2698.137695	0.0332126
2699.183350	0.0350107
2700.745850	0.859802
2710.480225	2.48472
2713.657227	0.208118
2715.110596	2.24155
2716.628418	0.313346
2718.628662	1.14799
2719.671631	0.0533238
2723.490234	0.31773
2724.210205	0.0493005
2724.778809	0.0700874
2726.464111	0.267515
2728.041504	0.180098
2730.493896	1.3707
2733.010498	0.827911
2734.478271	0.753701
2736.295898	0.227356
2737.343018	0.258916
2739.965332	0.591754
2741.246094	0.421482
2741.934814	0.107082
2743.224854	0.113908
2744.248535	0.0624583
2745.428711	0.15875
2752.801514	0.0196453
2753.695557	0.246513
2755.231934	0.295663
2756.395996	0.0520805
2757.089355	0.0741953
2758.033203	0.0535019
2759.088379	0.0178194
2759.914063	0.014664
2761.034180	0.0190267
2761.954346	0.011418
2763.087402	0.120481
2772.395508	0.00276219
2773.131836	0.013248
2773.711426	0.0140243
2775.384521	0.00442604
2776.017578	0.00339537
2776.525391	0.00374095
2779.377930	0.936072
2785.794189	1.44389
2793.346924	3.23278
2796.722168	0.0346528
2797.355469	0.0768785
2797.888916	0.165063
2799.627686	0.0197051
2800.207764	0.0227629
2801.718994	1.07679
2808.394043	5.56438
2813.491699	7.27371
2817.715332	3.87861
2820.988037	0.264854
2825.230469	1.6321
2837.818115	0.0343406
2839.184326	0.0696156
2840.102051	0.0663888
2841.309814	0.0442736
2842.391846	0.0536913
2845.798340	0.856337
2854.601563	3.56465
2855.969482	5.14222
2865.914551	3.14519
2870.539307	1.3999
2871.403564	0.00073074
2872.155273	0.0602916
2877.279785	0.0186791
2878.006104	0.0293035
2879.451172	0.2696
2880.910889	0.45126
2881.896484	0.283744
2883.752441	6.48936
2887.011719	1.59343
2887.559082	0.0727344
2888.587646	1.04925
2890.978271	1.35378
2893.095947	0.754731
2894.911865	0.30054
2896.780029	0.285706
2898.016602	0.0604794
2900.702148	0.410708
2902.416260	0.346027
2904.293701	0.299916
2906.102051	1.8438
2913.555420	0.387432
2914.905518	4.51097
2921.102051	1.84463
2923.342285	5.85998
2924.140869	8.70268
2927.775391	2.27689
2930.644043	2.55685
2933.233643	0.435987
2936.212646	0.0990633
2938.060059	0.0432737
2938.686768	0.0385272
2940.449463	0.0153574
2941.069824	0.0121275
2941.592773	0.0120594
2942.728516	0.0266876
2944.186279	0.0451726
2945.122803	0.0255212
2946.069824	0.015645
2947.345947	0.0102293
2948.122803	0.00298185
2949.977295	0.125578
2957.077637	0.184273
2958.960938	0.061182
2959.811279	0.116968
2960.617676	0.103394
2961.044922	0.0153831
2962.262939	0.00864903
2962.937500	0.0153008
2964.424072	0.525034
2967.220215	0.52439
2969.715088	0.203868
2971.263672	0.140296
2973.150879	0.0853387
2974.382568	0.0945728
2975.308594	0.0697981
2976.267334	0.0328103
2977.411133	0.0344873
2978.473877	0.230745
2979.745850	0.194656
2980.613525	0.203915
2981.923584	0.279187
2982.919922	1.85433
2985.446289	0.0730713
2987.683350	4.07937
2991.321533	0.242961
2994.665283	0.362155
2998.127686	0.184218
3000.195557	0.846422
3002.128418	0.430229
3002.821289	0.0326663
3004.074219	0.276882
3005.052734	0.923851
3006.978516	1.37367
3008.749512	0.48706
3010.612305	0.45133
3012.695313	0.0277708
3014.877686	0.912033
3020.505371	1.19996
3022.322998	1.83312
3024.573242	2.48676
3025.874756	1.10641
3027.719971	0.967488
3029.446289	0.195518
3031.288574	0.214227
3032.781982	0.0132645
3033.987061	0.00121846
3036.717285	0.0527853
3043.723389	0.0251493
3049.723145	1.45891
3055.423828	0.0161545
3056.085449	0.0232672
3056.597412	0.0199998
3058.747559	0.3875
3060.616455	0.23399
3062.445068	0.356224
3065.643066	1.05562
3067.298584	0.780002
3069.309326	0.147246
3070.189941	0.0392894
3071.380859	0.128666
3072.397705	0.100144
3073.644775	0.109301
3074.494141	0.219408
3078.596191	0.731016
3079.518555	1.52413
3081.215576	3.86878
3082.910889	1.02521
3084.807861	1.50159
3091.778320	13.0388
3100.036133	7.99574
3106.083740	3.27362
3111.378906	0.080461
3112.460938	0.0184632
3112.998779	0.0212842
3114.111328	0.223159
3117.566406	0.299929
3120.403320	0.631258
3122.010742	0.908766
3123.232178	0.361352
3123.912842	0.338085
3125.451416	0.414095
3126.759033	0.230763
3127.706055	0.313175
3128.830811	0.121956
3129.854736	0.302877
3132.547119	0.46183
3134.423584	9.63538
3138.540771	3.42243
3139.694336	0.180676
3141.944580	0.0404387
3144.687256	0.448485
3148.743896	0.0307085
3149.502930	0.0303052
3150.036377	0.0073656
3151.059570	0.00271522
3151.892090	0.0199252
3152.521973	0.0199267
3155.638916	0.0596171
3158.015869	0.13632
3159.348389	0.5274
3160.215820	0.333227
3160.672119	0.000530223
3161.354980	0.0590438
3162.632813	0.138836
3164.299561	0.248328
3165.270996	0.147319
3166.286865	0.109895
3167.546387	0.0559397
3168.528564	0.44638
3175.889648	0.327008
3177.499512	0.134641
3178.929199	0.147644
3179.633545	0.0293742
3181.267334	3.6154
3183.205811	2.41487
3185.053223	0.625427
3187.698242	7.68349
3200.258545	3.31856
3201.909668	1.05094
3203.459961	7.40819
3208.603760	0.553764
3209.854248	1.02111
3211.398193	0.287468
3211.913574	0.213306
3212.767334	0.550435
3214.387451	3.74459
3215.812988	4.47866
3217.836914	0.206259
3219.885498	6.54983
3223.084229	1.38132
3224.905518	0.2121
3227.101318	0.758512
3230.187988	0.0591641
3235.065674	3.37119
3240.967529	0.822803
3241.899658	0.237343
3242.829102	2.74966
3246.944824	0.187695
3247.905273	0.734538
3249.250000	0.805175
3250.108154	2.36928
3254.536621	0.806717
3256.187012	1.02893
3258.289307	0.443648
3258.846191	0.377317
3260.597656	0.744214
3262.397461	0.515797
3264.598877	1.02916
3268.786621	0.158085
3270.238525	0.384557
3271.251709	0.294862
3272.346191	0.12757
3273.487305	0.476692
3275.130615	0.152255
3278.400879	0.874685
3280.531738	0.257019
3282.932861	13.853
3287.143799	1.4831
3287.758301	0.059048
3288.656982	0.138089
3289.203125	0.348005
3291.645752	0.555129
3292.325684	0.137861
3293.655762	0.271398
3294.861572	0.64588
3299.313721	0.124596
3301.008789	0.117781
3302.367432	0.162724
3305.393066	0.126516
3307.647461	2.40569
3309.714355	1.19791
3311.521973	0.583119
3313.198486	0.250822
3314.368896	0.142396
3315.520264	0.192312
3316.816650	3.71753
3322.097656	7.84397
3326.563721	19.5054
3329.417725	0.840773
3331.198975	0.616694
3332.101563	4.51416
3336.790039	3.52127
3339.180664	0.475974
3343.469482	3.25562
3344.461426	5.61135
3347.051025	0.623778
3347.722412	0.0590929
3348.880615	3.85128
3357.764893	1.02305
3358.835938	0.474033
3361.662109	2.29024
3363.234863	0.872269
3365.142578	4.07859
3375.933838	5.19542
3380.923096	0.651747
3383.387695	0.736115
3385.323486	0.955191
3387.217529	0.407147
3388.105713	0.0852932
3389.425049	0.215391
3390.522217	0.0988443
3396.424316	3.15002
3398.488037	2.62137
3403.993164	6.36079
3405.471924	1.23469
3406.911133	0.0744867
3407.524902	0.839729
3409.166016	2.45815
3410.959717	0.89125
3412.526855	1.28507
3414.491943	0.349485
3416.840820	0.831152
3419.922363	1.82694
3420.721680	0.154182
3421.826172	0.388744
3423.673584	15.1843
3437.747070	56.8927
3441.889160	0.199875
3444.899658	2.65948
3446.189697	0.451648
3447.335205	0.119994
3448.496826	0.626685
3449.956299	1.10518
3450.966309	0.0783112
3452.020752	0.314565
3453.673584	1.529
3461.530518	15.9974
3467.189697	3.23702
3468.050537	4.39996
3472.473633	3.27164
3478.417480	0.240974
3479.460205	0.665818
3484.812500	0.315743
3485.420166	0.0193366
3486.420898	0.711691
3490.847900	0.380162
3491.656494	0.0525079
3492.454102	0.0039485
3493.211670	0.00678361
3494.158203	0.0206825
3495.074463	0.03222
3498.642822	1.22446
3504.640625	0.00451216
3506.777832	1.28011
3509.740479	0.0235395
3511.484619	0.417111
3513.146240	0.424793
3516.620850	11.3562
3522.333740	11.9888
3526.012939	4.7744
3529.653809	6.20878
3533.050293	2.88223
3537.282959	6.16369
3542.060303	2.56249
3545.558350	3.12339
3548.671143	9.38658
3552.415039	1.9851
3553.385742	0.292853
3555.588135	0.711477
3559.292969	0.108567
3560.439209	0.124709
3561.386963	0.0942503
3563.028564	1.17758
3564.888672	1.97286
3566.594727	1.66947
3567.952637	0.111722
3568.608887	0.278683
3569.753662	0.519407
3572.053955	1.33728
3573.395996	0.380288
3575.690918	0.936262
3577.249023	0.919014
3578.219727	1.26903
3580.542725	0.237823
3582.038330	2.4154
3585.813477	16.143
3591.453125	11.1845
3594.570068	3.06644
3596.110352	1.17916
3598.108643	0.635451
3599.252197	0.566215
3600.162842	0.0906794
3601.729492	0.18698
3602.474609	0.151964
3603.550781	0.309057
3606.297607	0.560889
3608.361816	4.34764
3610.882324	0.821638
3612.897949	6.21346
3617.520264	7.74111
3621.433105	8.80663
3624.665039	1.10158
3626.124023	0.908595
3628.273438	0.362709
3629.793213	0.0846334
3631.699219	0.508833
3634.819824	0.58884
3636.522705	0.452095
3637.572754	0.0674501
3638.396973	0.308433
3639.922852	0.31128
3641.729492	0.126739
3643.812988	0.0247219
3647.156982	0.240249
3648.761475	0.256191
3649.816406	0.25125
3650.640381	0.148857
3652.081055	0.518626
3653.580566	0.324399
3654.379883	0.0685971
3655.791992	0.160081
3657.992920	0.228831
3659.941406	0.429099
3664.617432	2.08038
3669.052734	3.08424
3672.489990	2.80015
3675.739746	1.56866
3676.971436	1.31172
3677.886230	0.599484
3679.165283	5.59834
3690.571045	16.1186
3692.339600	14.9899
3700.694092	4.52612
3705.685547	4.84856
3706.595703	0.549784
3707.817627	0.358387
3708.937500	2.19896
3710.835205	0.104421
3712.489258	8.08819
3716.115723	5.08013
3717.814453	0.946741
3720.034180	1.45073
3721.824219	0.90265
3728.372559	14.9165
3734.915527	3.03266
3736.321533	13.6523
3743.527344	9.23198
3749.981689	7.18666
3756.792725	2.60709
3759.096191	4.53452
3761.620361	5.13628
3763.640869	0.944594
3766.211426	4.82573
3770.525879	3.52207
3773.357178	0.729507
3774.677246	1.03257
3776.765869	0.82957
3778.958740	0.0303138
3782.080078	10.4557
3786.923584	6.17422
3789.730957	1.28414
3791.623047	1.21147
3793.680420	0.898983
3794.682861	0.0624015
3796.060059	1.56111
3799.390869	0.0895759
3800.241943	0.127427
3801.664307	0.21326
3803.161621	0.388799
3804.862305	0.860233
3806.295410	0.395691
3807.299316	0.198103
3808.710938	0.183934
3810.066406	3.46372
3817.988525	0.662547
3820.024902	1.78795
3821.892090	1.79254
3823.617432	1.19088
3827.507324	5.57832
3830.241943	0.350148
3831.674561	0.744888
3833.033447	1.33759
3835.195557	0.407739
3836.294434	0.49898
3836.952393	0.414165
3838.575928	0.140609
3839.722656	0.606966
3847.635742	0.543363
3854.566895	7.22251
3860.636719	7.13802
3864.844727	18.515
3871.480713	16.0217
3874.571045	0.00745734
3876.133545	1.42644
3877.766113	1.0489
3880.382324	1.80379
3883.631592	2.05629
3885.332764	0.108138
3888.126221	2.4309
3890.490479	4.40544
3892.517334	5.26863
3894.289795	2.70477
3896.204590	0.580033
3897.513428	0.112593
3898.871582	6.67345
3906.627441	10.788
3911.045166	16.4645
3914.356934	2.40165
3922.820068	4.585
3925.132324	6.64154
3928.648682	4.11124
3929.765137	0.346605
3930.899414	2.26407
3932.751953	5.38924
3934.918457	3.71968
3936.109375	8.83206
3938.937500	7.39058
3942.180664	2.60798
3947.116699	1.76397
3948.575439	3.20686
3949.851318	10.1819
3956.976807	2.19369
3965.492920	17.2371
3967.458008	1.90645
3969.754883	18.3589
3974.678223	1.6644
3977.603760	5.84228
3979.556396	3.58766
3981.867920	0.67786
3983.858887	13.3899
3987.987549	2.06274
3989.034424	0.875431
3990.542969	0.204882
3991.541016	0.244462
3992.569824	0.337341
3994.457520	0.780815
3995.896973	0.424917
3996.852051	0.264726
3998.331787	0.267792
4000.184082	13.1535
4010.604736	3.80632
4012.298096	13.9279
4017.067627	6.79786
4023.093262	8.95305
4024.874023	2.23388
4027.522949	43.7513
4039.056885	7.92764
4040.691406	2.1778
4042.712158	0.814972
4044.016113	0.0447303
4045.170166	0.0417313
4050.848877	20.7114
4053.436768	1.37547
4055.497070	2.04275
4057.439209	0.472844
4059.700195	0.108656
4063.391846	0.661639
4064.322998	0.000268182
4064.714111	0.01498
4065.736572	0.71658
4067.259033	1.06389
4069.486816	0.471499
4071.474121	0.479817
4072.751221	0.0661313
4073.577637	0.0113399
4075.619629	0.222058
4078.877686	0.623488
4080.802734	0.45698
4082.940918	0.200243
4084.808594	0.130617
4086.273193	0.062273
4087.368652	0.0614911
4088.634766	0.176899
4091.380371	0.382865
4092.925049	0.407171
4095.133789	0.127185
4096.978027	2.3477
4104.347656	0.344986
4110.304688	9.24528
4116.477051	1.46778
4118.969238	1.82202
4120.871094	0.877765
4122.820313	0.0324681
4123.699707	0.65103
4124.764648	2.35676
4127.047363	0.954054
4128.269531	2.06299
4129.332031	0.368874
4130.630859	0.703766
4132.456543	18.3986
4147.662109	75.0549
4156.683594	21.1204
4161.191895	6.76249
4162.612305	0.0933435
4163.824219	14.2675
4169.785645	27.8873
4173.174316	2.19861
4174.164551	0.448653
4175.222656	1.60497
4176.850586	1.56978
4180.065918	8.05534
4191.446289	8.62161
4195.867188	12.6517
4200.774414	45.2767
4209.276855	1.80177
4214.441895	2.16205
4215.741699	0.134731
4217.294434	0.468008
4219.020996	0.551148
4220.221191	4.62128
4226.544922	55.1575
4235.744629	19.2672
4240.605957	2.70385
4242.432617	2.05674
4243.894043	0.0634539
4244.870117	0.369105
4245.951172	0.580015
4247.882813	1.05399
4249.596191	1.09154
4250.406250	0.0629887
4253.435059	3.92245
4254.926270	3.95627
4257.428223	6.13561
4259.652832	48.6071
4264.902344	0.408392
4267.801270	5.77544
4269.645996	1.80605
4271.691406	1.85904
4273.431152	5.47711
4277.211914	1.49679
4278.976074	0.967545
4281.430176	0.211714
4286.956543	5.11672
4293.386230	3.21755
4298.100098	5.21554
4301.481445	0.587673
4305.224121	0.0429924
4306.450684	0.0548675
4307.467773	0.0175126
4311.159180	1.51844
4315.723633	3.82153
4320.043457	1.62784
4323.025391	1.37636
4325.633301	2.65992
4327.605469	1.50529
4329.679199	2.18633
4333.088379	0.0717858
4334.922363	1.41285
4336.910645	0.401703
4339.116211	0.633157
4340.882324	0.0557511
4342.300293	0.424031
4343.843262	0.402998
4344.837402	0.0542709
4346.313965	0.191049
4347.612305	0.0676889
4349.871094	0.357136
4351.854004	0.311949
4354.561523	1.2539
4356.955566	0.494077
4359.192871	0.308761
4360.689453	0.247097
4365.681641	3.66755
4370.755371	1.53506
4372.812500	1.52506
4374.923828	0.462566
4376.791992	0.39808
4378.184082	0.203021
4379.490234	0.0857083
4380.887207	0.169894
4382.146484	0.318583
4384.696289	0.833245
4387.105957	1.41624
4388.872070	0.289041
4392.133789	1.70478
4395.979004	3.4329
4397.804199	0.159465
4399.284180	0.527571
4400.658691	5.19217
4411.899414	6.80939
4413.850586	2.01966
4415.747070	1.01207
4417.851563	0.184138
4419.700684	4.0443
4422.103027	0.991358
4424.316895	1.87052
4427.207520	1.47094
4428.654785	0.570065
4430.576660	0.728746
4432.013672	0.292772
4432.794434	0.277478
4434.752441	5.44278
4441.320801	1.38281
4443.521973	13.0908
4447.864258	2.28109
4448.771484	4.91963
4452.494629	0.865346
4453.926758	0.371077
4456.570313	1.59848
4458.079102	0.96901
4459.180664	0.165886
4460.285645	4.94825
4463.951660	0.350645
4468.055176	17.4253
4471.229004	0.522797
4473.258789	0.227089
4474.693848	0.777957
4475.705566	1.24699
4478.299316	0.0332809
4479.350586	0.238571
4480.735352	1.58339
4484.456055	0.0465306
4485.287598	0.0419068
4486.574219	0.570155
4489.302734	1.33453
4491.546875	4.67235
4496.481934	16.6801
4501.494629	4.51894
4503.478516	7.08586
4505.321289	2.91541
4507.739746	11.203
4518.903809	5.74691
4521.618164	1.82215
4523.707031	1.1491
4524.638184	0.242828
4525.440918	2.35449
4529.566895	6.44775
4531.684082	0.0252575
4532.773926	0.386055
4534.291504	0.935702
4536.778809	0.121963
4540.286621	1.31347
4542.484863	0.788336
4544.661621	3.82453
4548.274414	1.98572
4550.375977	3.2527
4552.965332	2.46185
4555.428223	1.3252
4556.822266	0.0595814
4558.589844	2.63755
4560.707031	0.703692
4562.734863	1.93884
4566.445801	19.3241
4573.314453	0.328398
4576.044922	0.485727
4582.012695	29.516
4584.571777	13.812
4588.630859	0.943489
4591.306641	0.47308
4593.919434	5.69603
4597.887207	5.02227
4600.350098	0.732196
4601.465332	6.92023
4607.914063	13.8484
4609.757813	4.16703
4611.953125	2.19039
4613.845215	0.566939
4614.884277	0.681003
4616.348633	0.580036
4618.490723	0.550732
4620.538574	0.688607
4622.538574	0.417597
4624.951660	1.13715
4627.588379	0.125395
4630.165527	0.534378
4632.901367	1.58712
4634.721680	2.53041
4636.948242	0.967526
4638.781738	14.8991
4646.886230	4.61347
4655.599609	69.8722
4658.205078	43.3948
4667.072266	4.58928
4672.581055	32.2789
4674.206055	1.45482
4674.934082	1.8004
4676.247070	18.7469
4683.705078	29.7777
4688.900879	8.98687
4692.621094	1.84699
4697.259277	0.568292
4699.160156	1.86337
4703.851563	3.9682
4708.780762	5.88754
4711.812500	0.829673
4714.293945	1.24432
4718.106445	5.50692
4720.344727	2.39997
4722.204102	20.363
4731.854980	9.53088
4737.171875	22.8031
4739.517578	20.7391
4744.548340	11.9486
4751.222168	2.14747
4752.477051	4.25972
4758.722168	24.7862
4762.550781	1.0436
4764.530762	0.545808
4767.576660	0.453893
4770.522949	15.5843
4778.415039	13.3678
4782.893555	0.491939
4784.047363	0.222149
4785.208984	0.483245
4786.263184	0.731099
4788.083008	0.576285
4790.778809	0.491591
4792.791992	0.361798
4793.830566	0.0182548
4795.345703	0.223892
4796.879395	0.0940596
4801.061035	0.615548
4803.656738	0.207223
4806.414063	1.47405
4809.862305	0.673528
4812.470703	0.318693
4815.807617	2.25317
4820.520020	0.270514
4821.855469	0.408743
4823.003418	0.830714
4824.795410	6.45664
4828.490234	1.54855
4830.741211	1.21086
4832.688477	0.233714
4834.372559	0.125479
4836.982910	0.775198
4838.763672	0.302549
4840.283203	0.621217
4842.081055	0.558154
4844.491699	0.242957
4846.078613	0.204349
4849.096680	1.30971
4850.994141	0.20408
4852.260742	0.919323
4853.670410	0.143057
4856.215820	1.24133
4858.247070	1.53485
4859.921387	0.673186
4860.567871	0.183919
4862.495605	0.457912
4863.910645	0.95354
4865.443848	1.66345
4868.276855	0.755453
4869.304688	0.80481
4870.909180	0.432013
4872.436523	0.89601
4875.706543	2.66149
4877.457520	11.1657
4879.691406	1.6565
4886.422363	10.4389
4888.837402	12.5528
4893.657715	0.102841
4896.335449	6.12128
4897.839844	4.58722
4904.694336	4.37851
4913.438965	1.54294
4916.117188	2.30637
4918.639648	0.287685
4920.213379	3.13178
4923.979980	1.39456
4926.568848	5.26389
4930.179688	1.86949
4931.828613	1.85794
4934.170898	3.0142
4936.309570	7.31088
4939.901855	1.4474
4941.030273	0.541866
4942.080078	7.18233
4949.114746	32.6768
4954.296875	3.04012
4956.755371	4.23835
4958.237793	5.33967
4961.574707	2.8425
4962.743652	4.17656
4966.078613	1.33781
4967.596680	2.24387
4970.282715	1.15277
4972.341797	1.93824
4976.556641	1.32279
4977.541992	0.0137201
4978.339844	0.601937
4981.104492	2.00841
4985.311523	0.281889
4987.216309	0.0164658
4989.774902	2.12968
4992.169434	0.968206
4993.565918	0.353691
4994.883301	0.248622
4996.236328	0.176342
4998.242676	0.477095
4999.368164	0.836522
5001.525879	1.63494
5003.505371	0.577007
5005.913086	0.721575
5007.911133	1.50898
5008.806641	0.112295
5010.184082	1.42253
5012.497559	1.59556
5017.334961	6.32698
5023.786621	8.28408
5025.923828	1.94943
5027.854004	2.69153
5029.298340	19.2917
5036.836914	8.12793
5038.722656	1.08098
5040.505859	0.189353
5041.555664	2.06204
5044.479004	6.6783
5046.122559	4.16269
5048.562988	4.48559
5049.683105	0.113967
5050.441895	2.59678
5052.549805	0.914357
5054.178711	0.936902
5055.460938	2.10002
5058.496582	0.168994
5062.765137	14.0368
5066.465332	15.2791
5068.303711	2.03302
5069.959961	21.5366
5074.962402	0.6122
5076.564453	2.99047
5083.579590	11.6353
5085.800781	5.82411
5087.757324	7.2654
5091.345215	22.7077
5104.678223	25.1107
5109.634766	1.60475
5113.047363	2.29093
5114.439453	0.91011
5115.590820	0.371816
5116.678711	0.635496
5118.185547	0.358865
5119.391602	0.0911119
5122.940918	5.77039
5124.948242	0.177927
5126.095703	0.295538
5127.608398	4.97698
5138.057617	20.2201
5139.956543	1.72584
5142.721680	0.18488
5144.277344	0.207969
5145.613770	0.468654
5146.834473	3.00042
5149.651855	2.22619
5152.845703	23.5093
5158.773926	1.74098
5160.904297	3.42038
5163.187500	11.1388
5167.162109	3.55708
5168.791992	3.43496
5171.068359	3.12565
5176.724609	8.27243
5178.714844	0.247181
5180.308594	0.211411
5181.416992	0.158352
5183.120605	0.170701
5185.927246	3.00264
5188.479980	2.33482
5190.750488	4.02058
5193.289551	5.35359
5195.128906	10.4073
5198.522461	0.814212
5200.442383	2.74444
5202.993652	1.12719
5205.191895	1.05107
5206.273438	0.141145
5207.352539	1.72438
5208.946289	2.04079
5210.649902	0.400176
5211.825684	1.15876
5214.367676	7.90078
5216.958496	3.77255
5219.177734	17.2767
5226.306641	10.001
5231.949219	54.2276
5233.684570	44.5746
5238.308594	1.39199
5239.770020	1.55102
5242.209961	3.47518
5244.384766	0.427651
5247.081543	12.5102
5248.902832	9.63162
5250.011719	35.9232
5258.246094	135.138
5264.134277	4.24825
5275.079102	385.872
5291.485352	236.276
5293.221680	172.459
5304.195313	1.3508
5305.501465	0.192082
5313.012207	80.6788
5320.208008	19.8776
5328.153809	60.9695
5334.742188	19.7228
5336.994629	3.39256
5339.208008	4.24573
5340.466797	1.16254
5342.522461	7.38961
5343.269043	1.15659
5344.844238	10.7468
5348.063477	0.473534
5349.967773	23.6512
5356.209961	0.222487
5357.704102	4.76136
5359.410156	0.98703
5361.085449	4.00084
5363.083496	21.529
5372.471191	121.811
5382.144531	12.9299
5384.733887	13.7058
5387.022949	15.7753
5389.590820	23.8491
5397.896484	20.5319
5403.869141	3.60552
5405.800781	0.740633
5407.400879	1.18926
5410.167480	4.67448
5411.858398	2.21693
5414.030273	0.798799
5415.612305	0.268714
5418.025879	6.91795
5419.559082	0.306852
5421.708008	1.48579
5423.649414	0.713817
5424.888184	0.421647
5427.063477	9.5232
5430.715332	5.552
5433.730957	12.1419
5439.953125	1.93871
5442.031250	3.04204
5447.050781	51.3952
5451.794922	2.10827
5453.000000	0.735528
5454.526855	1.27731
5456.026855	7.15053
5464.316895	17.6127
5465.809570	2.68062
5467.541992	0.659139
5468.199707	1.48405
5470.269531	1.34782
5472.576172	2.28307
5480.015625	11.0021
5486.226563	3.90682
5491.233887	7.35052
5496.439941	0.531497
5498.259766	8.38995
5500.699707	6.04278
5503.266602	2.18097
5505.054688	3.44135
5506.878906	15.001
5514.248535	5.0437
5515.459961	0.298623
5516.519531	1.186
5518.359863	0.0469126
5520.350098	2.42772
5522.508301	9.08811
5528.479492	16.3179
5531.748535	1.37251
5533.388184	3.09347
5536.000977	0.60816
5540.714844	16.8212
5542.113770	21.3682
5548.250488	8.40327
5549.657715	6.08043
5551.876465	2.67805
5554.375000	1.0715
5557.493164	2.43165
5558.917480	2.5214
5563.793945	6.01878
5567.709473	6.614
5571.497070	0.940939
5572.713379	2.89595
5576.605957	0.705362
5578.552734	0.49312
5579.651855	0.246631
5580.789063	0.329567
5584.090820	9.5179
5587.117188	1.57636
5590.288086	0.46054
5591.305176	0.655271
5594.592285	11.8992
5598.432129	1.01426
5600.241699	0.471429
5603.137207	1.63239
5605.015137	0.393477
5607.355469	0.265585
5610.065430	0.416436
5613.008301	1.26723
5614.340332	0.258392
5617.818359	32.7231
5627.362793	13.9166
5632.677246	23.2288
5636.760742	2.59267
5638.702148	1.2279
5641.932617	2.10717
5644.774414	24.1497
5653.511719	19.0464
5656.993652	0.0724702
5657.986328	0.0738882
5659.740234	0.956067
5662.170898	1.80218
5664.081055	0.985441
5665.048340	0.033666
5666.091797	0.488663
5667.419922	0.687621
5668.630859	0.129629
5670.467773	0.351466
5673.454590	13.0678
5679.277832	8.77779
5685.229492	4.35221
5687.248535	0.121264
5690.670898	1.44511
5692.523438	4.10114
5697.394531	0.166784
5700.148438	2.69101
5701.840820	11.7152
5709.871582	4.34454
5712.097168	11.9421
5714.084961	4.13408
5716.964355	1.14235
5721.727051	7.23317
5727.358887	3.71429
5729.036621	7.39165
5733.062988	11.7551
5735.280273	1.75968
5738.126953	18.8742
5743.040527	4.77277
5745.981934	28.4907
5754.222168	9.74784
5759.226563	12.2514
5762.027344	30.1952
5771.242676	23.713
5776.647949	12.8646
5781.875488	7.15657
5783.874512	0.53839
5785.498535	11.0158
5793.394043	20.6153
5798.142090	8.66663
5800.108887	2.95594
5802.758789	2.78297
5804.949219	2.75648
5808.123047	1.42376
5809.645020	4.43651
5814.600098	4.02896
5817.033691	4.78832
5819.450195	0.469365
5821.482422	3.95735
5826.022461	15.7276
5831.017578	1.14868
5833.920410	2.82882
5837.579102	7.31635
5839.388184	0.869265
5842.470215	1.27844
5844.014648	0.357953
5845.700684	3.27445
5851.755859	0.358542
5853.622070	0.519635
5857.565918	4.02399
5859.592285	6.41901
5863.070313	0.263176
5865.992676	8.29485
5867.689453	14.3997
5876.794922	20.7312
5881.277344	9.02589
5886.211914	8.23963
5892.497070	9.60837
5894.252930	22.4984
5902.819336	19.6375
5905.163086	4.11688
5907.437988	44.4515
5916.874512	10.1337
5920.006348	0.208169
5923.956055	15.1755
5926.516113	21.2462
5931.952637	39.5504
5936.678711	8.53492
5938.251953	6.20344
5941.708984	7.24502
5950.633789	30.7723
5956.352051	34.5078
5962.617188	9.44315
5965.229980	0.114679
5967.099121	1.02072
5969.539551	1.6048
5971.869629	8.83698
5979.193359	18.7061
5985.582031	7.29205
5987.732910	5.99656
5991.503906	8.76045
5993.781250	1.59629
5997.235352	6.67007
5999.371094	16.2552
6007.840332	10.2205
6010.012695	7.16396
6017.407715	8.87087
6021.352539	0.610903
6023.645508	1.61658
6025.424316	0.634719
6027.649414	0.69396
6029.822754	4.96273
6035.785156	8.24537
6041.063965	25.9064
6047.957031	4.06029
6050.279297	1.90402
6052.874023	1.82595
6055.401855	0.612183
6057.937988	2.92926
6059.699707	24.3679
6069.783203	2.29855
6074.284180	0.0595648
6077.413086	0.684483
6082.221680	4.46526
6087.949219	0.994656
6089.826172	2.94415
6094.841309	11.2836
6100.362793	9.82504
6105.769531	12.3572
6109.504883	9.23356
6111.738281	3.43173
6115.587891	14.3492
6123.049316	0.237125
6127.497559	1.93752
6130.258789	0.702374
6132.856445	0.582764
6134.121094	0.1857
6135.861816	1.13906
6140.505371	7.13427
6145.854980	12.9946
6151.882324	4.97494
6154.597656	1.84597
6159.048828	1.81251
6160.981445	0.525134
6164.995605	6.43079
6170.119141	0.100256
6173.521484	8.82014
6176.770996	7.47964
6179.001953	2.64261
6181.009277	1.53564
6183.096191	2.80853
6186.063477	1.37714
6188.096680	2.17504
6190.455078	5.93397
6195.236816	10.2117
6203.370117	20.4193
6205.949707	1.16981
6208.966309	2.18734
6211.716797	9.98545
6215.739746	0.669223
6217.361816	1.02315
6218.967285	3.59135
6223.760254	2.49263
6226.146973	6.48234
6228.441406	2.68007
6231.708008	4.81657
6235.183594	16.2724
6238.538574	0.720302
6240.563965	17.819
6245.068848	3.36972
6251.564941	26.8555
6253.378418	4.20636
6255.392578	0.670567
6257.450195	20.8059
6271.517090	59.4759
6276.484375	2.15016
6279.113770	5.45272
6287.164063	12.4657
6291.227539	8.03268
6293.337402	4.27064
6295.860840	11.0575
6306.199219	3.53066
6311.361816	17.8235
6315.103516	0.851089
6319.450195	0.786471
6322.954102	27.3296
6333.536133	73.8808
6338.311035	10.8203
6344.782715	0.339806
6352.753906	14.3506
6356.586426	12.2763
6363.220703	7.63945
6365.580566	13.709
6371.700195	13.0483
6376.486816	1.62444
6381.496094	11.702
6385.464844	0.0343543
6388.491211	1.59978
6390.571289	2.14205
6396.840820	3.73449
6399.379395	26.9394
6408.308594	6.15658
6409.280762	0.909869
6412.444336	1.97255
6414.790527	3.70149
6417.380859	0.487174
6419.453613	0.129918
6421.709961	7.25022
6426.722656	3.32083
6428.446777	9.26194
6432.007324	2.0656
6434.058594	10.7918
6439.845703	13.5552
6445.811523	5.5879
6448.537598	4.87024
6451.319336	10.143
6453.886230	1.16244
6455.776367	0.945429
6457.487793	2.10834
6463.817871	4.52248
6470.752930	1.08976
6476.802246	8.54188
6485.061523	6.59049
6486.830566	0.691387
6488.247070	0.61744
6491.709473	16.7576
6495.380859	3.67289
6498.065918	16.8058
6501.451660	32.8275
6507.890137	13.3788
6513.553223	0.385106
6515.249023	3.75975
6519.192871	7.79438
6521.804688	2.4953
6524.336426	39.6105
6532.744629	2.7798
6534.489258	0.214861
6537.579590	32.3395
6548.101563	22.8508
6550.182617	3.63538
6551.984863	10.0729
6554.853516	0.0762923
6556.750977	8.03378
6562.236816	12.0659
6566.473633	21.0514
6571.094238	19.1716
6573.357422	1.50173
6574.993164	0.982972
6577.718750	11.4038
6582.891602	9.53968
6584.938965	1.96762
6587.880859	4.69388
6590.098633	5.2584
6591.724121	2.22848
6594.006836	16.6096
6599.115234	3.15089
6601.370117	4.0055
6603.816406	4.05377
6606.580566	2.43129
6609.376953	2.00838
6611.145020	6.08604
6618.266113	4.45321
6621.085938	1.52643
6623.293945	1.64905
6630.146484	10.1883
6631.756836	1.15045
6632.983398	15.2576
6639.147949	5.58166
6640.565430	7.6941
6645.265137	6.47499
6647.477539	4.68996
6651.394531	0.131948
6655.540039	4.9286
6658.271973	14.2891
6664.803711	39.4362
6669.118652	73.116
6682.186035	82.8899
6684.571289	4.13631
6685.994629	12.8141
6689.306152	25.0605
6695.318359	8.85081
6707.017578	16.4136
6708.851074	5.52338
6712.626465	0.549671
6716.656250	15.2912
6721.912109	6.47683
6723.939941	4.90785
6727.022461	4.7827
6729.437988	2.5331
6732.182617	1.12652
6733.668945	0.105844
6734.772461	0.3598
6736.535156	0.219004
6738.070313	0.51211
6739.804199	0.812668
6740.976563	0.361025
6742.961426	5.14914
6748.089844	8.72476
6755.782227	17.0933
6765.532227	14.3247
6775.295898	15.6617
6777.439453	5.69833
6783.165527	0.583369
6784.958496	7.46701
6786.623047	1.01195
6787.713379	2.03262
6789.838379	13.0729
6799.891602	8.09717
6801.548340	12.5626
6808.569824	23.9823
6816.859863	28.1187
6821.856445	0.139919
6825.476563	29.7387
6830.041016	3.95123
6831.166016	0.815889
6833.110840	1.4592
6836.243652	24.31
6842.657715	18.289
6849.087891	32.3132
6865.524414	4.56071
6868.466797	0.717644
6870.207520	2.95957
6872.057617	3.62467
6873.104980	12.9554
6880.085449	15.2999
6882.685059	2.59595
6884.783203	1.19052
6885.996094	1.23253
6888.127441	2.56035
6890.811035	2.10574
6893.687988	13.0775
6908.026367	39.888
6915.468750	26.926
6919.833496	6.40081
6922.511719	1.13993
6925.994141	4.0506
6927.962402	9.59319
6936.524414	1.74062
6938.546875	1.00102
6944.485352	26.8266
6953.477051	18.6467
6957.164063	0.219447
6958.755859	0.31322
6961.866699	1.73582
6963.315918	0.678989
6965.020996	0.495477
6966.731934	1.48359
6969.110352	5.98313
6975.724121	16.7185
6981.786621	13.2656
6988.291016	12.6387
6991.812988	0.915727
6994.848633	12.5008
7006.750977	14.7043
7011.671387	8.70532
7016.237793	2.67863
7018.067383	0.373137
7020.903809	2.93851
7023.280273	11.6061
7030.663086	4.60452
7033.249023	16.159
7039.135742	7.23627
7041.067383	0.892609
7047.420898	8.89617
7050.827637	0.208326
7052.256836	2.53805
7054.742188	3.56578
7057.435059	2.09258
7059.772949	0.802784
7063.558594	1.52329
7065.780762	0.881521
7067.785156	0.706021
7069.256836	0.436951
7070.465820	1.10685
7072.796875	3.65506
7076.312012	2.43297
7079.741699	20.2478
7081.924805	5.41212
7085.263672	2.76612
7087.490723	0.990565
7089.697754	0.228722
7092.580566	0.723055
7094.235840	0.303312
7095.997070	0.573843
7097.553711	0.354959
7099.112305	1.1098
7104.135254	11.9185
7109.951172	14.2506
7120.465820	42.0023
7130.784668	37.4512
7133.480469	8.62663
7136.943359	0.137653
7140.197754	3.45206
7141.740234	0.52358
7143.486816	1.09484
7144.960449	0.142723
7147.681152	2.0558
7150.300293	2.62702
7151.821777	0.591514
7155.656250	5.51767
7159.437500	2.66592
7161.567871	11.216
7166.772461	6.52015
7169.035156	3.499
7172.368164	12.0251
7180.180176	5.17739
7181.643066	0.791078
7183.106934	13.8892
7192.882324	42.6598
7196.288086	3.19334
7198.791016	0.94103
7202.257324	20.0551
7209.817871	10.9486
7212.710938	1.66522
7216.138184	17.3307
7222.426270	10.5379
7224.266602	0.209569
7225.704102	0.815799
7227.675781	1.01902
7229.192871	0.522204
7231.107910	0.896538
7233.033203	0.696245
7234.482422	1.1336
7236.450195	1.40941
7239.294434	7.62032
7241.982422	12.1602
7248.380859	14.4031
7250.028320	11.8277
7255.368164	7.90244
7260.522949	0.556841
7263.352539	12.5835
7265.262695	3.10308
7270.894531	2.69365
7273.861328	1.63602
7276.395996	10.4037
7288.143066	2.24353
7290.510742	2.58146
7293.315918	2.92155
7294.950684	3.46701
7298.397949	0.212009
7300.111816	0.384059
7302.339355	0.0186608
7303.480957	0.0591545
7306.413086	2.3808
7309.105957	3.32468
7311.506836	1.72662
7314.512695	4.78636
7323.661133	10.6089
7325.744141	18.327
7334.558594	7.37634
7336.340332	1.32883
7338.169922	0.309817
7339.672363	0.523373
7341.451172	4.3741
7347.181152	6.37566
7350.192871	6.24325
7351.297852	1.26541
7353.261230	4.86683
7356.102539	5.10798
7358.958984	14.8784
7367.138184	0.240511
7370.715332	1.65258
7372.464844	2.05255
7377.049805	5.21648
7379.358398	4.83503
7382.448242	1.95845
7386.171387	43.7907
7397.040039	27.9189
7403.789551	0.711519
7406.571289	20.3833
7412.022461	4.76017
7413.659180	1.32526
7415.507813	1.77796
7417.958496	2.40633
7422.771484	3.3442
7425.604980	5.06835
7428.063965	2.697
7431.020508	0.289873
7433.554199	2.95335
7438.433594	4.00965
7440.582520	4.08579
7441.490723	0.264916
7443.358398	2.57267
7445.742676	13.1844
7451.230469	6.61567
7454.203613	3.00546
7456.657715	7.39905
7466.007813	14.1091
7472.671387	11.4654
7476.935547	1.73172
7479.855957	8.12583
7484.033203	14.089
7486.626953	1.71196
7489.493164	29.2297
7496.004883	0.105815
7501.854004	8.74667
7507.847656	12.9532
7510.654297	22.1231
7519.826660	12.3022
7522.011719	1.31086
7523.749023	1.95629
7525.658203	0.584568
7527.009766	0.697914
7528.854980	0.706997
7530.608398	0.0515137
7534.770996	4.82587
7537.063965	14.9426
7545.584961	35.3498
7551.004395	2.20969
7552.878418	3.21577
7559.382324	11.6526
7561.154785	17.7498
7566.964844	2.35516
7570.145508	8.0549
7575.950684	0.1527
7577.405273	0.340294
7579.916992	0.631781
7582.852539	0.0283735
7584.397949	0.0765097
7586.039063	0.859702
7588.529297	2.5465
7591.607422	2.34369
7593.955566	1.31016
7596.157227	5.13774
7598.929688	2.12062
7601.187012	1.4596
7604.334961	18.561
7615.985352	5.65493
7619.106934	6.64799
7621.763672	2.57869
7624.355469	1.9615
7626.589844	0.425447
7628.387207	2.22973
7632.260254	5.33803
7634.373047	0.859362
7637.126953	2.60153
7640.006348	3.70876
7642.566895	2.06837
7645.643066	0.523262
7647.761719	1.61921
7651.416504	2.26053
7654.472168	4.41045
7657.292969	1.19847
7658.826660	1.23159
7661.125488	2.23631
7664.412598	5.08617
7672.926758	0.0754485
7674.850098	1.60252
7677.937500	4.49318
7680.583008	4.56121
7684.409668	0.67368
7686.599121	0.673434
7688.029785	0.33531
7689.340820	0.329309
7690.845215	0.583207
7692.366699	2.56379
7694.158203	2.92401
7698.125000	7.80451
7706.057617	13.892
7707.763672	12.3614
7714.633301	8.34171
7717.462891	0.335032
7718.611816	0.121499
7721.264160	3.10412
7726.650391	8.81117
7730.608398	2.64054
7733.286133	12.8843
7738.547363	11.4308
7743.712402	10.617
7749.468262	6.17803
7751.786621	1.86624
7754.905273	11.2005
7759.342773	1.85486
7761.513672	2.23583
7764.660645	0.703874
7769.920898	34.6853
7778.339355	14.814
7781.240723	0.869659
7783.780273	3.80896
7788.108887	3.09567
7790.813965	1.42229
7793.427734	1.09664
7795.779297	3.52338
7798.125000	2.36494
7801.504395	3.86155
7804.882813	1.56189
7810.562988	17.2774
7814.007324	4.59683
7816.562012	30.7824
7819.905273	3.89141
7822.365234	10.5317
7825.146484	2.19249
7834.731934	43.936
7846.990723	13.9283
7849.768555	6.13166
7852.610840	3.66621
7855.757813	1.77299
7858.516113	2.24126
7861.205078	0.548943
7863.860840	1.49974
7872.486328	29.3473
7876.062500	0.5023
7878.784668	3.87171
7882.581055	1.25643
7886.740723	6.10496
7891.198242	0.204008
7893.537109	4.55631
7896.373047	2.5237
7899.052246	3.7269
7900.630859	0.126083
7901.736816	2.82984
7904.183594	1.27883
7907.487305	0.534264
7910.552734	1.72424
7913.244629	2.51566
7916.370605	4.89786
7918.548828	5.14695
7921.243164	1.03222
7923.334961	3.10124
7924.923828	0.984263
7926.483398	3.21303
7929.556152	6.16733
7933.776367	26.385
7939.911133	6.25428
7942.183594	2.1298
7945.305664	4.0415
7947.356934	1.10206
7950.895020	8.64034
7953.169922	15.2731
7961.629883	44.8059
7969.909180	13.8601
7974.317871	1.74277
7977.379883	3.05585
7980.371582	1.55965
7984.419922	6.36849
7988.436035	4.15776
7990.020996	3.06773
7993.592285	2.69877
7995.960449	6.72437
7999.745605	0.42889
8001.790527	12.17
8007.346680	3.19538
8010.164551	4.24295
8012.295898	4.99083
8019.171875	6.30824
8024.237305	1.88029
8026.755859	6.1258
8029.104492	19.027
8035.513672	38.2672
8043.182617	12.8189
8044.802246	3.06219
8049.694824	2.99099
8052.384277	6.16541
8055.107422	7.39667
8057.687988	3.11564
8061.358887	2.18907
8063.968262	1.41783
8068.859375	3.46528
8071.540527	1.61115
8073.338867	1.68309
8075.355469	2.33263
8078.396973	1.61638
8082.312988	2.36732
8086.252441	16.6086
8089.504395	1.31544
8093.153320	16.4995
8099.910645	8.3543
8105.111816	3.6454
8107.231934	6.53266
8108.517578	0.971367
8110.734863	2.66351
8113.263184	27.6434
8122.586426	1.95112
8125.225586	1.48683
8128.958008	2.8092
8132.555664	2.24783
8134.992676	2.9474
8137.618164	5.95436
8140.034668	3.99365
8143.171875	0.933371
8145.278320	2.42034
8147.388672	9.80129
8154.598145	3.13204
8156.586914	0.381493
8159.517090	5.04112
8163.156738	1.51073
8164.424316	0.0184985
8168.604980	15.9976
8173.401855	14.9776
8175.765625	3.6143
8179.127441	1.91554
8182.587402	33.1723
8193.485352	49.2934
8203.777344	47.2158
8213.979492	57.5298
8216.654297	1.09227
8219.985352	6.36961
8222.710938	17.5699
8227.855469	0.477954
8233.700195	10.6828
8237.879883	0.628663
8239.743164	1.4125
8242.041992	8.26921
8247.544922	0.393435
8248.980469	1.00286
8252.166992	1.25449
8254.856445	0.761413
8258.561523	1.00175
8261.971680	3.11955
8264.721680	2.47945
8268.075195	1.92697
8270.370117	0.560933
8273.132813	5.93286
8275.582031	6.5646
8278.605469	1.07095
8282.298828	11.3061
8287.772461	1.00836
8290.474609	0.49664
8293.464844	0.362943
8300.343750	6.95604
8304.010742	9.35887
8306.589844	1.50055
8310.344727	4.06563
8313.621094	1.34692
8317.083008	0.153293
8319.465820	2.26792
8320.923828	2.95975
8328.340820	8.98135
8330.078125	23.1372
8338.135742	44.976
8344.294922	3.53858
8346.245117	1.94617
8349.541992	0.356134
8353.962891	6.42186
8356.612305	22.9137
8368.928711	26.6628
8378.192383	40.0962
8385.625000	13.1471
8390.805664	5.19516
8397.243164	1.7261
8401.864258	19.6301
8404.014648	4.91116
8406.921875	2.15995
8409.517578	5.49908
8410.794922	1.49028
8412.521484	9.90757
8416.118164	4.34768
8418.577148	2.22983
8423.461914	8.36373
8428.674805	0.543092
8431.042969	0.30865
8433.286133	1.82033
8434.625977	3.56068
8440.394531	2.72271
8443.020508	3.84274
8444.089844	0.0364148
8447.084961	4.61374
8449.437500	27.2838
8460.625977	35.5633
8462.462891	28.597
8467.927734	14.0122
8475.378906	6.04772
8478.556641	8.86638
8481.471680	31.9126
8493.793945	57.984
8497.833008	15.1939
8503.168945	12.4452
8511.333984	17.1146
8513.643555	34.1845
8522.953125	28.0547
8527.259766	6.1219
8529.944336	3.30414
8532.963867	1.87948
8535.603516	10.1935
8545.602539	55.5721
8553.166992	5.35075
8556.915039	29.8835
8567.091797	5.55964
8570.345703	6.66872
8575.166016	22.3018
8577.296875	17.8508
8580.733398	3.0752
8583.198242	2.44625
8588.787109	15.5062
8591.398438	2.41802
8593.960938	5.4506
8596.280273	28.1515
8604.813477	0.802574
8607.367188	1.05865
8618.161133	88.0913
8626.842773	27.3329
8634.924805	23.3756
8638.375977	0.715466
8643.421875	14.2545
8645.793945	23.445
8651.583984	0.537373
8655.118164	2.99799
8657.686523	1.37253
8661.458008	3.78346
8667.178711	0.777538
8672.543945	22.837
8679.778320	3.33083
8682.833008	1.32904
8685.766602	0.882237
8688.342773	0.498327
8690.393555	0.468138
8692.140625	0.475921
8694.616211	1.0378
8697.397461	4.26491
8699.842773	8.10051
8704.802734	2.49005
8708.811523	4.30737
8711.194336	9.34236
8714.447266	4.66075
8716.779297	1.94727
8717.970703	1.38088
8719.875977	0.95718
8721.420898	0.773383
8723.184570	0.794754
8726.561523	7.14212
8730.359375	2.40225
8733.583008	0.677134
8736.535156	9.07039
8743.230469	4.39615
8745.674805	2.27629
8753.725586	83.5666
8760.857422	19.2049
8765.061523	4.238
8767.639648	2.88901
8770.467773	5.31749
8775.659180	6.7816
8777.326172	0.607007
8779.357422	0.705677
8781.440430	9.4154
8787.075195	6.54776
8789.537109	1.46685
8795.713867	16.7957
8803.228516	1.90829
8805.479492	3.19535
8808.386719	1.45413
8812.351563	3.10805
8821.648438	1.90215
8825.058594	4.20855
8829.005859	12.6418
8831.905273	15.9668
8834.496094	16.9965
8837.282227	6.05035
8840.077148	36.7791
8849.166992	8.00468
8854.816406	19.527
8857.625977	1.29556
8860.910156	33.3085
8871.455078	3.72511
8873.699219	1.169
8876.689453	2.50718
8879.583984	1.5736
8883.157227	0.541939
8886.001953	7.73677
8893.427734	11.3876
8900.696289	39.0219
8912.374023	28.4968
8914.273438	37.2769
8923.784180	5.42046
8927.645508	22.3962
8933.804688	12.9012
8935.952148	1.19732
8937.884766	3.85379
8940.809570	9.23453
8943.029297	6.1124
8947.061523	51.2837
8961.596680	3.37895
8965.088867	4.27152
8968.353516	5.68842
8970.252930	0.854429
8972.457031	0.825685
8975.619141	5.4552
8980.208008	0.706369
8981.541992	0.2046
8987.244141	7.0004
8989.833008	2.89984
8994.242188	24.3761
9003.226563	0.198722
9008.114258	16.8908
9012.669922	11.9973
9018.571289	1.6492
9020.575195	9.23028
9027.983398	22.7559
9031.024414	2.96594
9034.057617	4.0091
9041.482422	19.8375
9049.932617	14.6866
9057.353516	15.0145
9062.583008	1.41164
9064.006836	0.104322
9065.884766	0.35384
9068.014648	0.241404
9072.153320	0.271131
9076.787109	0.527147
9079.849609	0.797891
9082.782227	0.816159
9085.508789	0.805196
9087.341797	3.72857
9092.519531	17.3192
9098.588867	2.47733
9100.818359	5.69526
9107.006836	10.9762
9109.526367	0.472068
9113.848633	34.8038
9119.865234	10.4175
9122.226563	12.0226
9126.392578	21.3867
9134.738281	38.85
9145.291016	21.1991
9156.511719	38.9519
9165.625000	13.4428
9169.574219	1.29541
9172.985352	0.649717
9175.560547	0.587731
9178.562500	1.53673
9184.137695	0.336862
9187.037109	4.98317
9190.156250	1.16016
9193.137695	11.2656
9199.334961	11.7081
9201.943359	3.59145
9208.698242	22.1935
9225.303711	9.64725
9227.088867	7.36373
9232.074219	9.20061
9234.808594	1.10021
9241.139648	49.8634
9251.356445	4.53838
9255.827148	10.7029
9263.381836	2.14034
9265.532227	2.26242
9269.585938	4.3289
9274.201172	3.75582
9276.877930	2.18993
9279.937500	1.42113
9283.964844	9.90542
9288.563477	5.11758
9290.020508	0.363093
9291.648438	1.94844
9294.654297	4.72066
9297.625000	4.16617
9299.875977	16.0945
9307.471680	29.729
9312.541992	1.65693
9314.554688	2.4885
9318.083008	0.317807
9325.738281	11.6644
9329.260742	4.44995
9331.791016	35.1468
9345.411133	0.697423
9357.265625	10.9286
9362.092773	4.51297
9364.893555	3.80556
9368.346680	3.60549
9370.480469	0.825814
9373.462891	42.6439
9389.290039	28.8254
9393.320313	0.679498
9397.305664	9.46298
9405.865234	6.27159
9409.011719	7.86911
9418.448242	19.5255
9423.586914	1.90337
9427.088867	19.9706
9432.053711	11.5259
9434.736328	9.97443
9443.165039	9.35182
9452.042969	30.9746
9456.102539	20.6557
9468.042969	29.2385
9475.041016	1.8345
9478.699219	6.30732
9480.600586	3.71617
9484.007813	1.62059
9488.059570	0.283926
9493.292969	33.1063
9499.224609	21.2814
9511.388672	110.306
9522.934570	13.2784
9525.525391	31.0161
9536.600586	18.62
9539.919922	2.15162
9542.916992	3.25133
9545.928711	1.0083
9549.359375	1.3958
9552.743164	2.02007
9554.599609	6.23033
9564.705078	5.12137
9567.055664	2.13232
9571.778320	1.435
9574.227539	1.34657
9577.393555	0.68345
9580.583008	0.0172853
9582.560547	0.293237
9586.493164	7.75565
9592.618164	2.23808
9598.220703	1.44344
9601.041016	8.79362
9607.382813	0.618214
9609.456055	1.12135
9611.349609	2.43057
9613.125977	0.505298
9614.988281	4.5532
9619.384766	0.976561
9623.068359	1.27882
9625.593750	0.691018
9628.037109	1.70714
9634.095703	3.79877
9644.272461	29.1167
9651.896484	17.0646
9662.067383	11.8915
9664.199219	2.00995
9667.249023	0.782786
9670.426758	0.251204
9673.939453	2.55801
9686.756836	7.49156
9694.535156	4.15262
9700.014648	2.1155
9702.590820	0.385963
9706.832031	1.0167
9708.750977	3.42174
9715.601563	5.94028
9722.813477	1.07814
9727.152344	2.39366
9731.744141	2.77971
9734.605469	1.37668
9738.363281	9.57065
9744.687500	0.954931
9746.713867	1.51678
9749.708984	2.92511
9751.952148	4.94537
9759.843750	1.62282
9762.130859	5.28095
9768.888672	4.57255
9772.143555	2.71074
9775.490234	2.85406
9778.327148	0.864098
9781.032227	5.50717
9787.446289	23.8116
9794.274414	41.9339
9807.310547	33.243
9816.083008	7.43458
9819.199219	2.6705
9821.934570	3.62796
9826.544922	1.18149
9829.678711	0.775345
9833.205078	0.0495771
9837.792969	13.061
9847.067383	1.2082
9848.832031	2.2172
9854.387695	3.28953
9859.553711	5.66328
9865.367188	3.1393
9867.253906	2.06883
9874.333008	3.27065
9876.411133	5.19442
9881.804688	1.82763
9888.801758	34.0519
9896.732422	4.5809
9898.651367	0.884602
9900.838867	7.16435
9911.220703	1.03776
9915.029297	1.3188
9917.900391	1.75245
9921.294922	0.481513
9923.777344	0.676147
9927.458008	0.470006
9929.032227	0.584055
9931.633789	0.619031
9933.533203	0.618673
9935.451172	0.538063
9937.505859	0.207574
9940.148438	5.76226
9952.843750	6.05803
9958.355469	0.235332
9961.214844	4.43318
9971.155273	24.3134
9981.288086	7.72535
9984.674805	0.180858
9988.043945	3.34418
9992.319336	2.43337
